529.20932440 15.04546190 261.17607590 -0.02292155 0.99819505 -0.01018624 0.05456605
529.18541424 15.09913825 261.17848603 -0.02277504 0.99818355 -0.01008632 0.05485581
529.12539031 15.09884672 261.12750337 -0.02263982 0.99816910 -0.01014494 0.05516310
529.09885671 15.12181243 261.11479329 -0.02244325 0.99815965 -0.00999789 0.05544059
529.03286850 15.17072558 261.15441767 -0.02236084 0.99814393 -0.00994223 0.05576599
528.99253099 15.22989647 261.14320735 -0.02220842 0.99813035 -0.00987383 0.05608126
528.96874481 15.25561924 261.10484359 -0.02212988 0.99811593 -0.00982247 0.05637703
528.92008651 15.27488052 261.08413128 -0.02196011 0.99810495 -0.00970458 0.05665757
529.02011097 15.34957235 261.08645757 -0.02199311 0.99809509 -0.00971481 0.05681647
529.09865291 15.37765316 261.04240867 -0.02200208 0.99808397 -0.00987350 0.05698075
529.18474669 15.43139962 261.05576838 -0.02197930 0.99807626 -0.00985070 0.05712841
529.26028601 15.50817231 261.08681744 -0.02203652 0.99806319 -0.00992589 0.05732137
529.32797249 15.59570495 261.08619031 -0.02203487 0.99805248 -0.00996547 0.05750131
529.44075012 15.63938405 261.06563930 -0.02210812 0.99803979 -0.01005602 0.05767750
529.51611473 15.69647349 261.06613902 -0.02213757 0.99803041 -0.01002102 0.05783437
529.73383067 15.78951172 261.07833489 -0.02223660 0.99802261 -0.01011786 0.05791393
529.92950448 15.84773702 261.03526760 -0.02229857 0.99801373 -0.01037879 0.05799692
530.12897833 15.92554949 261.07573085 -0.02235028 0.99800821 -0.01046875 0.05805578
530.30623228 16.00418387 261.10620991 -0.02246208 0.99799711 -0.01067267 0.05816621
530.48159747 16.09459113 261.13688900 -0.02252279 0.99798837 -0.01083320 0.05826304
530.69871490 16.18205880 261.14712866 -0.02264916 0.99797794 -0.01102101 0.05835731
530.88149562 16.27409713 261.16233391 -0.02273556 0.99797086 -0.01109811 0.05843025
530.85057733 16.24935801 261.15002945 -0.02252962 0.99796179 -0.01106608 0.05867052
530.78173824 16.18610985 261.04311464 -0.02234856 0.99795024 -0.01118382 0.05891334
530.78918995 16.18442657 260.97981798 -0.02213270 0.99794295 -0.01110590 0.05913269
530.70251881 16.21066740 261.01128948 -0.02199339 0.99793160 -0.01114443 0.05936846
530.68211102 16.25487227 260.96938952 -0.02184469 0.99791928 -0.01117158 0.05962483
530.71444449 16.27096674 260.89269398 -0.02173245 0.99790777 -0.01117357 0.05985763
530.69202203 16.30309673 260.82675518 -0.02157689 0.99789827 -0.01112715 0.06008049
530.60742890 16.53198262 260.78669756 -0.02171811 0.99788356 -0.01126602 0.06024786
530.52979347 16.73258526 260.70183117 -0.02182701 0.99786635 -0.01152438 0.06044432
530.45744527 16.97492562 260.67268729 -0.02194413 0.99785461 -0.01157469 0.06058604
530.35783441 17.23678575 260.68588926 -0.02215495 0.99783443 -0.01180339 0.06079710
530.22094002 17.49840546 260.60990810 -0.02226892 0.99782000 -0.01192693 0.06096802
530.17102844 17.72412355 260.52437120 -0.02246244 0.99780362 -0.01208422 0.06113390
530.08788458 17.96247792 260.45744184 -0.02251911 0.99779144 -0.01219987 0.06128862
530.29780293 18.01042331 260.51305207 -0.02238436 0.99778042 -0.01208388 0.06153990
530.43138477 18.00935408 260.47812130 -0.02221960 0.99776857 -0.01199039 0.06180936
530.60162691 18.01072643 260.53571493 -0.02210157 0.99775664 -0.01188399 0.06206427
530.73954774 18.01209313 260.57483842 -0.02207157 0.99773869 -0.01177642 0.06238323
530.98968649 18.05012183 260.59114063 -0.02196528 0.99772374 -0.01168492 0.06267636
531.23148828 18.03990005 260.63416380 -0.02180454 0.99771186 -0.01149304 0.06295645
531.40213681 18.00436251 260.62235126 -0.02156452 0.99769857 -0.01142348 0.06326167
532.32737475 18.04472417 260.77198910 -0.02179913 0.99767507 -0.01142345 0.06355117
533.19653990 18.06087683 260.85242294 -0.02203186 0.99764969 -0.01139130 0.06387441
534.05455840 18.09393528 261.00692986 -0.02227451 0.99762404 -0.01140806 0.06418703
534.88821385 18.13169252 261.14469979 -0.02259762 0.99759201 -0.01137906 0.06457596
535.81427573 18.21326353 261.18887390 -0.02289483 0.99756020 -0.01141109 0.06495579
536.74379669 18.27146121 261.31150937 -0.02311185 0.99752796 -0.01141126 0.06537268
537.65065371 18.34157506 261.40504841 -0.02322436 0.99749936 -0.01155073 0.06574366
538.23050575 18.74173406 261.59672185 -0.02420954 0.99757014 -0.01074667 0.06443778
538.66615129 19.03197353 261.55425136 -0.02463324 0.99764612 -0.00998346 0.06321198
539.04298707 19.39710400 261.74232819 -0.02505691 0.99772660 -0.00922451 0.06187639
539.33512858 19.62811837 261.91595098 -0.02573156 0.99779304 -0.00823017 0.06065635
539.80834836 19.96317875 261.95925599 -0.02652104 0.99785339 -0.00754821 0.05939932
540.16312222 20.17728240 262.05312688 -0.02726288 0.99790933 -0.00665207 0.05821897
540.49651394 20.41600694 262.28480578 -0.02775363 0.99796311 -0.00630224 0.05709336
541.63830048 20.56521348 262.57341766 -0.02796291 0.99795872 -0.00628692 0.05706964
542.72695358 20.64529727 262.71483392 -0.02808021 0.99795367 -0.00633943 0.05709449
543.94961243 20.77484753 262.88862637 -0.02828923 0.99794323 -0.00645577 0.05716074
545.04818566 20.89175783 263.08404695 -0.02859478 0.99792631 -0.00645045 0.05730446
546.30412982 21.03709470 263.21136047 -0.02883126 0.99791310 -0.00644343 0.05741669
547.55258307 21.15644772 263.39323760 -0.02887098 0.99790201 -0.00645136 0.05758841
548.79376662 21.24502627 263.54519959 -0.02888656 0.99788970 -0.00675369 0.05775896
549.80389716 21.31884783 263.79008985 -0.02925483 0.99784488 -0.00693218 0.05832413
550.86210138 21.42561626 264.10594677 -0.02964284 0.99779264 -0.00720867 0.05898465
551.85124238 21.60032867 264.40152504 -0.02999818 0.99774163 -0.00751162 0.05962662
552.87099834 21.69022937 264.72508172 -0.03042857 0.99768412 -0.00768947 0.06034379
553.90445261 21.76628349 264.96031574 -0.03085446 0.99762594 -0.00792362 0.06105499
554.89071919 21.94926577 265.23061476 -0.03124643 0.99756908 -0.00818951 0.06174555
555.89427110 22.09335677 265.46988863 -0.03151796 0.99751801 -0.00841678 0.06239864
557.05367385 22.17339841 265.67905454 -0.03177198 0.99748197 -0.00840422 0.06284613
558.21385534 22.28110986 265.91704354 -0.03201034 0.99743977 -0.00849678 0.06338018
559.33437210 22.43224698 266.15355528 -0.03219056 0.99739985 -0.00858828 0.06390261
560.45712904 22.54709650 266.43613159 -0.03251551 0.99735280 -0.00856174 0.06447355
561.60822449 22.64997226 266.64741449 -0.03278086 0.99730793 -0.00854048 0.06503364
562.72589237 22.81585868 266.88523978 -0.03301004 0.99726407 -0.00864534 0.06557421
563.82906598 22.94014801 267.07286856 -0.03317036 0.99722318 -0.00870469 0.06610511
564.96434567 23.00701225 267.31190072 -0.03342958 0.99719408 -0.00873348 0.06640905
566.12558280 23.08341788 267.47582574 -0.03368757 0.99715887 -0.00885087 0.06679076
567.27423039 23.21663110 267.68988668 -0.03389482 0.99712506 -0.00901470 0.06716760
568.38288256 23.35227302 267.92670523 -0.03423570 0.99708339 -0.00901353 0.06761199
569.55720548 23.46933008 268.08637673 -0.03453937 0.99704273 -0.00904025 0.06805223
570.72586943 23.65493281 268.31453263 -0.03477400 0.99700378 -0.00918350 0.06848286
571.90830286 23.80373714 268.48717840 -0.03490420 0.99696963 -0.00931624 0.06889456
572.93527196 23.82244057 268.66519072 -0.03524095 0.99693804 -0.00942427 0.06916506
573.96298168 23.79534435 268.78512929 -0.03560352 0.99690232 -0.00953687 0.06947812
574.96709685 23.85341254 268.97238276 -0.03595263 0.99686499 -0.00976278 0.06980179
575.95596640 23.90320594 269.15108053 -0.03634812 0.99682218 -0.00986037 0.07019356
577.01286799 23.91326972 269.22932929 -0.03675331 0.99677828 -0.01001079 0.07058361
578.03323257 23.99106008 269.42230157 -0.03704816 0.99673729 -0.01020193 0.07097984
579.09074526 24.06099993 269.56533467 -0.03727651 0.99670053 -0.01041808 0.07134403
580.13333155 24.08730190 269.69657781 -0.03762802 0.99666861 -0.01046720 0.07159778
581.14918898 24.09023005 269.81121289 -0.03799577 0.99663465 -0.01048188 0.07187366
582.13487040 24.17471754 269.98634647 -0.03831593 0.99660072 -0.01059508 0.07215705
583.09308284 24.22625866 270.11029703 -0.03871796 0.99656048 -0.01054399 0.07250480
584.12727072 24.30592875 270.20894049 -0.03911175 0.99651827 -0.01056952 0.07286899
585.14725898 24.37820488 270.36221062 -0.03948181 0.99647432 -0.01071513 0.07324817
586.20256207 24.48037462 270.51349449 -0.03978150 0.99643752 -0.01079481 0.07357424
587.17256161 24.54134434 270.67655169 -0.04014847 0.99637830 -0.01094492 0.07415246
588.14556110 24.60557624 270.81714836 -0.04055467 0.99631194 -0.01111739 0.07479465
589.10656312 24.72395430 271.02487283 -0.04088532 0.99624965 -0.01134895 0.07540708
590.03746825 24.81755510 271.18312560 -0.04128578 0.99617858 -0.01143161 0.07611201
591.04010623 24.90899066 271.31706294 -0.04167415 0.99610552 -0.01159530 0.07682847
592.02888831 25.04830685 271.50747923 -0.04207397 0.99603173 -0.01179392 0.07753378
593.05316518 25.18218494 271.66598781 -0.04234413 0.99596829 -0.01196854 0.07817215
594.16812503 25.31313696 271.86556389 -0.04281552 0.99591789 -0.01207212 0.07854082
595.27609305 25.42207786 272.02171944 -0.04326454 0.99586150 -0.01213993 0.07899790
596.35840242 25.62132459 272.23850439 -0.04373163 0.99580379 -0.01231467 0.07943989
597.44271126 25.77211873 272.44025929 -0.04425424 0.99573961 -0.01231026 0.07995400
598.60032236 25.94356578 272.57299450 -0.04474618 0.99567541 -0.01237240 0.08046846
599.69740471 26.10509833 272.80084700 -0.04521030 0.99561322 -0.01249833 0.08095769
600.81710105 26.27622493 272.97989239 -0.04560318 0.99555540 -0.01262185 0.08142773
601.97010176 26.37065848 273.21356560 -0.04600420 0.99550959 -0.01258960 0.08176662
603.13838663 26.46815216 273.42563643 -0.04632861 0.99545903 -0.01256509 0.08220159
604.27410024 26.66665777 273.67814361 -0.04666648 0.99540885 -0.01262732 0.08260757
605.38454240 26.81981287 273.91009675 -0.04708053 0.99535057 -0.01253286 0.08308784
606.60334468 26.97565188 274.08970470 -0.04748974 0.99529317 -0.01245447 0.08355303
607.77526271 27.13779469 274.36149679 -0.04787778 0.99523642 -0.01250823 0.08399845
608.97503609 27.32426191 274.59380819 -0.04821597 0.99518233 -0.01250962 0.08444438
610.14229964 27.44749482 274.76619853 -0.04859105 0.99516824 -0.01262039 0.08437897
611.27287162 27.52796008 274.88876255 -0.04888761 0.99515483 -0.01270898 0.08435251
612.37910769 27.69383805 275.05976435 -0.04923351 0.99513872 -0.01284657 0.08432053
613.44821541 27.86285298 275.24261812 -0.04967475 0.99511508 -0.01290936 0.08433122
614.60505684 28.05292909 275.37102696 -0.05005383 0.99509592 -0.01287325 0.08433857
615.76052118 28.24311564 275.58114060 -0.05038107 0.99507498 -0.01308415 0.08435833
616.93011891 28.44470528 275.74317110 -0.05070120 0.99505587 -0.01321742 0.08437117
617.60737853 28.45810823 275.83520967 -0.05086244 0.99506468 -0.01322801 0.08416838
618.27226722 28.40653392 275.90261584 -0.05090570 0.99508019 -0.01326896 0.08395209
618.92503192 28.46029597 276.01712409 -0.05108496 0.99508605 -0.01333893 0.08376254
619.57812034 28.43836630 276.13952609 -0.05123515 0.99509479 -0.01340976 0.08355541
620.24338568 28.47019912 276.28074754 -0.05136934 0.99510345 -0.01341015 0.08336959
620.91563254 28.52694979 276.41905261 -0.05142270 0.99511269 -0.01355258 0.08320320
621.59832274 28.58837992 276.52700398 -0.05160265 0.99511609 -0.01357346 0.08304749
621.08077641 28.75924393 276.58339956 -0.05170330 0.99514060 -0.01361914 0.08268296
620.54715246 28.81236635 276.56266137 -0.05158017 0.99517858 -0.01354867 0.08231354
620.13528126 28.93419895 276.56313903 -0.05170131 0.99520546 -0.01348743 0.08192168
619.61132184 29.06014541 276.65679475 -0.05175955 0.99523523 -0.01354013 0.08151344
619.11898888 29.09041429 276.69946336 -0.05183794 0.99526591 -0.01344950 0.08110312
618.64099396 29.17653590 276.67750560 -0.05182508 0.99529944 -0.01345002 0.08069867
618.11846475 29.22823587 276.66574168 -0.05184931 0.99532591 -0.01343875 0.08035789
617.20756928 29.16534977 276.66980882 -0.05166244 0.99534135 -0.01349020 0.08027828
616.32198439 29.06299697 276.68540455 -0.05150317 0.99535732 -0.01344863 0.08018955
615.53703671 28.98569316 276.80442235 -0.05145686 0.99537054 -0.01337289 0.08006777
614.71780026 28.91216888 276.87841368 -0.05123652 0.99538664 -0.01344318 0.07999706
613.89256157 28.79000230 276.92078709 -0.05106669 0.99540332 -0.01336872 0.07991052
613.05902713 28.67700272 276.98176437 -0.05088497 0.99542202 -0.01323912 0.07981508
612.27501388 28.52987392 277.03966674 -0.05061040 0.99544552 -0.01321389 0.07970065
610.86682933 28.44103606 276.94517228 -0.05008936 0.99549623 -0.01317732 0.07940197
609.42102627 28.26863706 276.93788677 -0.04964299 0.99554121 -0.01315502 0.07912151
608.12636662 28.13358542 276.87372464 -0.04939353 0.99557712 -0.01311992 0.07883116
606.73052409 27.94438476 276.87064659 -0.04892298 0.99562032 -0.01308450 0.07858444
605.37805233 27.70900902 276.77716283 -0.04863227 0.99566055 -0.01291660 0.07828240
604.00332599 27.52108780 276.72630728 -0.04804449 0.99571629 -0.01267706 0.07797486
602.74495740 27.26996754 276.67056962 -0.04744144 0.99576609 -0.01260316 0.07771975
601.10082229 27.05176965 276.46840516 -0.04692030 0.99578754 -0.01266884 0.07775060
599.43424729 26.79570841 276.35241988 -0.04654483 0.99579820 -0.01274647 0.07782702
597.89385662 26.62822678 276.16377040 -0.04641209 0.99579956 -0.01283689 0.07787405
596.26533091 26.34037117 276.03639172 -0.04601684 0.99581149 -0.01288082 0.07794881
594.63660810 26.08262610 275.84362736 -0.04578116 0.99581829 -0.01290187 0.07799724
593.06569086 25.83705084 275.68220721 -0.04528885 0.99584320 -0.01268679 0.07800181
591.59205886 25.54842302 275.52478237 -0.04470150 0.99586321 -0.01272543 0.07807879
590.02213737 25.33314631 275.28647913 -0.04420721 0.99589112 -0.01271539 0.07800588
588.47449991 25.07868713 275.17092777 -0.04380946 0.99591104 -0.01277693 0.07796596
587.01125946 24.87039467 274.98282224 -0.04368278 0.99592080 -0.01280077 0.07790838
585.49834520 24.60109939 274.82869319 -0.04331450 0.99593987 -0.01283417 0.07786472
583.96027772 24.33535869 274.61856980 -0.04309744 0.99595893 -0.01272222 0.07775966
582.50605342 24.13864138 274.47316974 -0.04260966 0.99598941 -0.01249547 0.07767476
581.14629531 23.82249664 274.29259185 -0.04208753 0.99601422 -0.01247398 0.07764481
579.65780666 23.59290203 274.03015991 -0.04174453 0.99607311 -0.01241499 0.07708188
578.19216609 23.36372421 273.91954478 -0.04142772 0.99613225 -0.01235233 0.07649644
576.70406053 23.14199085 273.75734583 -0.04127690 0.99618424 -0.01236176 0.07589709
575.28696565 22.89882038 273.60438223 -0.04090823 0.99624733 -0.01227451 0.07528019
573.79474502 22.61015410 273.40735101 -0.04072216 0.99630451 -0.01207582 0.07465390
572.34787596 22.42361803 273.27308269 -0.04034078 0.99636734 -0.01189301 0.07404930
571.02534781 22.10484338 273.10562213 -0.03998598 0.99642197 -0.01176053 0.07352601
569.74903627 21.78021414 272.91441813 -0.03968426 0.99646345 -0.01158789 0.07315374
568.42894572 21.42556517 272.76676950 -0.03938998 0.99650477 -0.01129054 0.07279552
567.15150243 21.06710548 272.58942877 -0.03939751 0.99653403 -0.01127560 0.07239213
565.91028643 20.69798092 272.44376300 -0.03907236 0.99657510 -0.01106265 0.07203493
564.69530144 20.31437773 272.22620036 -0.03895122 0.99660826 -0.01082302 0.07167732
563.53938165 19.93472686 272.12071690 -0.03864138 0.99665467 -0.01044443 0.07125464
562.43361003 19.50732334 271.99727990 -0.03830366 0.99669033 -0.01027409 0.07096233
560.61719484 19.09768285 271.66904434 -0.03791323 0.99666985 -0.01025209 0.07146115
558.77000883 18.59330361 271.48062576 -0.03781111 0.99663347 -0.01056182 0.07197570
557.02131422 18.22409636 271.34584495 -0.03773930 0.99660153 -0.01072213 0.07243052
555.35221402 17.76473269 271.10173802 -0.03729970 0.99656843 -0.01090892 0.07308274
553.65782103 17.32706375 270.83416996 -0.03707621 0.99654327 -0.01078925 0.07355585
552.11834967 17.01363933 270.74204645 -0.03675695 0.99652388 -0.01037817 0.07403638
550.60759043 16.53730779 270.58696623 -0.03604890 0.99651545 -0.01036522 0.07449836
549.02448853 16.26477848 270.24105960 -0.03577062 0.99653483 -0.01023544 0.07439112
547.47381436 16.01250667 270.00298465 -0.03559191 0.99654979 -0.01016754 0.07428568
545.96674473 15.79907439 269.78392636 -0.03566364 0.99655795 -0.01012570 0.07414735
544.51059453 15.55270444 269.50906354 -0.03538032 0.99657305 -0.01012818 0.07407972
543.04906086 15.26011988 269.26028213 -0.03524558 0.99659045 -0.00997697 0.07393033
541.68259915 15.04035832 269.08384228 -0.03488418 0.99661691 -0.00959597 0.07379535
540.36848535 14.73944300 268.83583567 -0.03449281 0.99663789 -0.00945609 0.07371397
538.62534215 14.49534490 268.57941306 -0.03407796 0.99665109 -0.00928969 0.07374963
536.83477076 14.14279090 268.40663213 -0.03386465 0.99665409 -0.00928707 0.07380765
535.12653303 13.85415278 268.25131472 -0.03378344 0.99665715 -0.00920644 0.07381356
533.52437461 13.48590926 268.00957982 -0.03338597 0.99666026 -0.00916416 0.07395751
531.91985871 13.11646174 267.79184954 -0.03313474 0.99666978 -0.00889084 0.07397561
530.41885621 12.84834703 267.66851256 -0.03271155 0.99668674 -0.00838906 0.07399410
528.97629378 12.46501550 267.52512734 -0.03210995 0.99670263 -0.00822801 0.07406152
527.28987616 12.26868471 267.26907063 -0.03175403 0.99672516 -0.00817504 0.07391756
525.60829963 12.02429393 267.12856553 -0.03155570 0.99674122 -0.00823745 0.07377893
523.99753012 11.82432418 266.99745950 -0.03158336 0.99675279 -0.00826968 0.07360694
522.43533548 11.53590631 266.80011499 -0.03124462 0.99676938 -0.00836531 0.07351595
520.81987623 11.24531255 266.60239027 -0.03105909 0.99679024 -0.00824409 0.07332524
519.30686186 11.04379354 266.49366175 -0.03068329 0.99681791 -0.00795607 0.07313888
517.87130726 10.70400136 266.34641477 -0.03024620 0.99684068 -0.00790594 0.07301584
515.81321363 10.55793341 266.13699075 -0.02980548 0.99681411 -0.00781863 0.07356720
513.70697655 10.18456496 265.99037926 -0.02970393 0.99676647 -0.00864594 0.07415877
511.69902516 9.90565615 265.83927449 -0.02956438 0.99673136 -0.00876638 0.07467061
509.86725906 9.43818701 265.73822749 -0.02915100 0.99668139 -0.00900012 0.07546802
507.94600853 9.19894893 265.56555901 -0.02884479 0.99665343 -0.00875269 0.07598233
506.13504203 9.17151356 265.57774048 -0.02862058 0.99661675 -0.00841549 0.07658394
504.40179339 8.88513094 265.40385024 -0.02780088 0.99659999 -0.00860524 0.07708122
503.11024006 8.94400474 265.30962789 -0.02758921 0.99665975 -0.00844006 0.07639983
501.74750857 8.86218343 265.18564529 -0.02730569 0.99671778 -0.00832456 0.07575463
500.57555294 8.86659993 265.10774369 -0.02746176 0.99676721 -0.00821846 0.07505618
499.29048618 8.81483489 264.99128820 -0.02718584 0.99682127 -0.00816547 0.07444198
498.05466530 8.72409310 264.87093787 -0.02710524 0.99687548 -0.00804908 0.07375493
496.87955492 8.61453550 264.75764143 -0.02667989 0.99693857 -0.00777710 0.07308340
495.74440175 8.58122957 264.58320215 -0.02627805 0.99699116 -0.00780975 0.07250589
494.78655197 8.55224031 264.60707352 -0.02590072 0.99702424 -0.00775826 0.07219163
493.79351046 8.39579621 264.60259961 -0.02553687 0.99705574 -0.00789108 0.07187102
492.87861123 8.31505862 264.63298926 -0.02536965 0.99708357 -0.00789886 0.07154261
491.84625809 8.24568866 264.67667067 -0.02503918 0.99711436 -0.00787451 0.07123195
490.91656389 8.08173862 264.61227999 -0.02487325 0.99714320 -0.00783484 0.07088984
490.01904743 8.05455300 264.63799357 -0.02444033 0.99717762 -0.00767845 0.07057276
489.15540691 7.90634936 264.64334591 -0.02399782 0.99720851 -0.00768208 0.07028708
488.62438440 7.92117274 264.71748445 -0.02373899 0.99720074 -0.00768991 0.07048405
488.06580808 7.83112230 264.65141839 -0.02351338 0.99718993 -0.00772207 0.07070873
487.61051306 7.81239257 264.62426163 -0.02347382 0.99717718 -0.00770814 0.07090305
487.06019415 7.82897095 264.70288390 -0.02334709 0.99716672 -0.00771835 0.07109063
486.56998293 7.80621138 264.72346474 -0.02327113 0.99715350 -0.00775305 0.07129693
486.10116226 7.82339122 264.73186818 -0.02307065 0.99714731 -0.00770129 0.07145399
485.58842646 7.83777744 264.66774194 -0.02285472 0.99713755 -0.00769367 0.07166019
485.15344844 7.86543155 264.77922615 -0.02292256 0.99711484 -0.00764489 0.07195904
484.68816734 7.78933344 264.79662082 -0.02299297 0.99708862 -0.00764266 0.07229932
484.32872341 7.75224576 264.81582546 -0.02314672 0.99706584 -0.00747157 0.07258175
483.86647572 7.77297214 264.97680233 -0.02323787 0.99704210 -0.00743096 0.07288236
483.42874829 7.72844878 265.01887970 -0.02341103 0.99701522 -0.00743618 0.07319337
482.99661479 7.70708789 265.01695570 -0.02358758 0.99699095 -0.00737416 0.07347302
482.54700491 7.65628293 265.02585231 -0.02362791 0.99697073 -0.00731148 0.07374033
482.32885135 7.59809049 265.02736873 -0.02344980 0.99695650 -0.00732639 0.07398760
482.07233808 7.49387713 264.90754595 -0.02325965 0.99693949 -0.00738183 0.07427077
481.96023136 7.40612589 264.83818706 -0.02325863 0.99691859 -0.00748161 0.07454117
481.76517100 7.31176483 264.80658253 -0.02317881 0.99689801 -0.00765249 0.07482345
481.71188424 7.21519119 264.77894774 -0.02307383 0.99687831 -0.00773862 0.07510896
481.65654775 7.12392012 264.77937099 -0.02285963 0.99686654 -0.00772092 0.07533214
481.53097136 7.00689082 264.69143213 -0.02268419 0.99684831 -0.00775797 0.07562198
481.94193502 6.98071596 264.66327690 -0.02278096 0.99684445 -0.00766343 0.07565342
482.33281721 6.91095049 264.59059712 -0.02281673 0.99684191 -0.00761483 0.07568100
482.73296556 6.89044865 264.57565007 -0.02286700 0.99684100 -0.00750562 0.07568872
483.10275246 6.86639084 264.55868799 -0.02296095 0.99683498 -0.00750041 0.07574011
483.50083964 6.88511139 264.57844336 -0.02303540 0.99683058 -0.00739719 0.07578555
483.97477573 6.93181495 264.56518204 -0.02312816 0.99682408 -0.00747737 0.07583494
484.44576932 6.97121936 264.54008023 -0.02323962 0.99682031 -0.00733085 0.07586473
484.50097320 7.05385103 264.57518156 -0.02312776 0.99682126 -0.00707064 0.07591099
484.54194329 7.10317929 264.60102495 -0.02292949 0.99682269 -0.00698846 0.07595997
484.58464523 7.22059034 264.59310188 -0.02265644 0.99682947 -0.00664292 0.07598403
484.58884737 7.41896695 264.64588441 -0.02253165 0.99682939 -0.00643218 0.07604026
484.50065940 7.57967320 264.62979929 -0.02232396 0.99683260 -0.00615442 0.07608237
484.52935840 7.68802632 264.57616092 -0.02228979 0.99682916 -0.00607773 0.07614364
484.55710322 7.75169706 264.57722611 -0.02219222 0.99683137 -0.00578680 0.07616585
484.41339884 8.14823759 264.46664715 -0.02294784 0.99681531 -0.00546518 0.07617585
484.11930133 8.54886326 264.39827660 -0.02357328 0.99678864 -0.00521922 0.07635094
483.99552695 8.99879393 264.33865873 -0.02421974 0.99677373 -0.00476872 0.07637269
483.77751016 9.40866781 264.31110634 -0.02508569 0.99674132 -0.00433102 0.07654211
483.56424675 9.78686119 264.12927296 -0.02578769 0.99671567 -0.00419651 0.07665029
483.42243130 10.03805028 263.93374417 -0.02647032 0.99669020 -0.00371799 0.07677333
483.21433615 10.18253024 263.84372847 -0.02682997 0.99667642 -0.00349412 0.07683787
483.68946441 10.12198076 263.87643743 -0.02683490 0.99668304 -0.00325808 0.07676065
484.10689336 10.06097357 263.86408843 -0.02667262 0.99669317 -0.00300716 0.07669589
484.52356362 10.04676321 263.88500301 -0.02661535 0.99670061 -0.00276123 0.07662834
484.92825598 10.02134409 263.93739804 -0.02659666 0.99670593 -0.00256604 0.07657231
485.36665956 10.00785599 263.97010447 -0.02660866 0.99671031 -0.00225918 0.07652082
485.84034180 10.00886047 264.00775754 -0.02656637 0.99671608 -0.00213955 0.07646369
486.31685542 10.00140310 264.03789138 -0.02649988 0.99672190 -0.00187675 0.07641780
486.50273120 9.90902588 263.97634745 -0.02648908 0.99674140 -0.00175583 0.07616976
486.64790110 9.71090875 263.84246582 -0.02638749 0.99676757 -0.00172256 0.07586268
486.83876124 9.58765160 263.78512499 -0.02624339 0.99679391 -0.00159085 0.07556888
487.01527669 9.47803511 263.70179988 -0.02617437 0.99681919 -0.00154292 0.07525972
487.22306499 9.37378217 263.67614189 -0.02608554 0.99684099 -0.00147956 0.07500266
487.48143655 9.29168254 263.61966597 -0.02607523 0.99686123 -0.00158190 0.07473469
487.70205198 9.19189419 263.56606898 -0.02614109 0.99687962 -0.00140554 0.07446939
487.65976905 9.30839500 263.54926094 -0.02616046 0.99686932 -0.00116503 0.07460454
487.58357011 9.39433161 263.50967541 -0.02606733 0.99685936 -0.00101049 0.07477231
487.58687119 9.50299413 263.49969830 -0.02598090 0.99685334 -0.00066927 0.07488635
487.54347047 9.65428636 263.55872449 -0.02602902 0.99683964 -0.00046413 0.07505330
487.44629626 9.76461396 263.52459158 -0.02599130 0.99682988 -0.00023368 0.07519694
487.41277741 9.84142119 263.50002490 -0.02603729 0.99681798 -0.00004242 0.07533902
487.38965852 9.89103638 263.46814780 -0.02598152 0.99680955 0.00022466 0.07546944
487.57163806 9.81714335 263.50679414 -0.02592208 0.99681233 0.00062692 0.07545081
487.67914281 9.69792718 263.49052420 -0.02569817 0.99681854 0.00091640 0.07544248
487.87582198 9.60148600 263.52302741 -0.02551903 0.99682421 0.00130008 0.07542266
488.03196525 9.56546224 263.58914854 -0.02543773 0.99682715 0.00163358 0.07540475
488.19549109 9.49121213 263.61589782 -0.02531134 0.99682981 0.00202209 0.07540279
488.39362661 9.42401331 263.65124407 -0.02524134 0.99683104 0.00227340 0.07540276
488.58192597 9.31790354 263.66643337 -0.02516917 0.99683147 0.00271278 0.07540674
488.63800213 9.01755785 263.68778973 -0.02490465 0.99683983 0.00345916 0.07535343
488.63196970 8.64363649 263.62586969 -0.02442189 0.99685356 0.00415703 0.07529459
488.71772440 8.33067630 263.61047822 -0.02397072 0.99686763 0.00492446 0.07520686
488.71821248 8.06733257 263.64477110 -0.02363662 0.99687871 0.00567993 0.07511243
488.79073002 7.77430296 263.63971334 -0.02333590 0.99688563 0.00643340 0.07505391
488.89060647 7.47882485 263.63524603 -0.02307764 0.99689282 0.00699915 0.07498765
488.99465750 7.14745471 263.66009144 -0.02277981 0.99689746 0.00777853 0.07494021
488.71965905 7.08147575 263.65158030 -0.02234293 0.99688473 0.00816313 0.07519968
488.37627346 6.93519298 263.53633720 -0.02183526 0.99687207 0.00855161 0.07547296
488.15785649 6.85925891 263.44891579 -0.02138649 0.99685842 0.00900538 0.07572856
487.85048962 6.80630271 263.49227034 -0.02103099 0.99684061 0.00942855 0.07601047
487.57847405 6.75434100 263.46762638 -0.02059965 0.99682328 0.00985578 0.07630120
487.33346314 6.67787789 263.36847034 -0.02020195 0.99680738 0.01023238 0.07656522
487.06118108 6.62616978 263.28232511 -0.01969002 0.99679217 0.01061057 0.07684451
487.40589045 5.98833481 263.38153806 -0.01943460 0.99680927 0.01203349 0.07647726
487.58881624 5.23969749 263.35432055 -0.01888333 0.99683005 0.01351319 0.07609638
487.98964836 4.56849714 263.41017400 -0.01846722 0.99685276 0.01480914 0.07565855
488.18756107 3.93152614 263.53331961 -0.01799932 0.99686902 0.01625172 0.07525992
488.62548909 3.32274753 263.58668356 -0.01769974 0.99687848 0.01771130 0.07487544
489.06309204 2.68236523 263.65379823 -0.01743407 0.99688860 0.01902867 0.07447870
489.51023699 2.00544336 263.75010731 -0.01711741 0.99689203 0.02023151 0.07418866
489.89759907 1.10915661 263.75041677 -0.01645819 0.99688948 0.02200549 0.07386644
490.11273129 0.09875850 263.68880537 -0.01553988 0.99688776 0.02372791 0.07355463
490.43113268 -0.81818825 263.72239205 -0.01464299 0.99688369 0.02541936 0.07322806
490.62253523 -1.68878269 263.79076830 -0.01371065 0.99686855 0.02723582 0.07296116
491.01350618 -2.49140378 263.73412743 -0.01295736 0.99684382 0.02915338 0.07269522
491.41855192 -3.42141805 263.72939774 -0.01237790 0.99682124 0.03082834 0.07241426
491.86209504 -4.38729125 263.76098844 -0.01154085 0.99680124 0.03229709 0.07218721
492.50588841 -5.20331561 263.89799029 -0.01133602 0.99680315 0.03421090 0.07130632
493.00426088 -6.14056557 263.92578033 -0.01056960 0.99680703 0.03626485 0.07034832
493.71195399 -7.09074500 264.06841880 -0.01022093 0.99680889 0.03806444 0.06941665
494.29402232 -7.96132230 264.13663965 -0.00958860 0.99680778 0.03991291 0.06847823
495.15743554 -8.80614487 264.21219463 -0.00922100 0.99679420 0.04185888 0.06755829
496.02724248 -9.75980010 264.29430877 -0.00880949 0.99678190 0.04361406 0.06667871
496.62869464 -10.58913856 264.35525714 -0.00891925 0.99675667 0.04506601 0.06607296
496.75743148 -11.35291976 264.40678427 -0.00910734 0.99673909 0.04608432 0.06560857
496.96203097 -12.14981665 264.53780223 -0.00941601 0.99671816 0.04713124 0.06513755
497.19251701 -12.86666596 264.62055218 -0.00952731 0.99669943 0.04811805 0.06468482
497.59436942 -13.54416676 264.62808553 -0.00977733 0.99667208 0.04922677 0.06423309
498.00792951 -14.28371077 264.67998838 -0.01013536 0.99664813 0.05014497 0.06383784
498.44216508 -14.97149319 264.80917746 -0.01038759 0.99662639 0.05106076 0.06340925
