567.24718820 33.57433800 263.08907580 0.01904421 0.99839097 -0.04851387 0.02234303
567.40234595 33.55622012 263.07278902 0.01904421 0.99839281 -0.04844432 0.02241138
567.57497852 33.56343257 263.03966621 0.01906624 0.99839196 -0.04844227 0.02243480
567.69869360 33.62705572 263.01184195 0.01915781 0.99839407 -0.04833333 0.02249782
567.84745345 33.65304275 262.97931096 0.01918020 0.99839327 -0.04833602 0.02250843
567.96892902 33.69682041 262.98572664 0.01925292 0.99839379 -0.04827237 0.02255994
568.11095754 33.72486047 262.98051821 0.01921022 0.99838918 -0.04836902 0.02259307
568.22094758 33.76772220 262.92815780 0.01912476 0.99839889 -0.04819249 0.02261397
568.33696833 33.69789456 262.91994677 0.01921315 0.99840393 -0.04803134 0.02265911
568.46614570 33.65828124 262.90847578 0.01933426 0.99840693 -0.04792183 0.02265568
568.54962481 33.67542341 262.88872431 0.01952687 0.99841237 -0.04771467 0.02268794
568.65634694 33.64441408 262.86571841 0.01965213 0.99841553 -0.04761019 0.02266026
568.75249773 33.61635755 262.89509593 0.01980288 0.99842003 -0.04744424 0.02267912
568.84334312 33.58643541 262.91111800 0.01985243 0.99841930 -0.04743765 0.02268164
568.91716324 33.55930595 262.87768382 0.01984859 0.99843241 -0.04716552 0.02267520
569.01777849 33.51819814 262.86986851 0.01984528 0.99843530 -0.04704814 0.02279440
569.14776531 33.49953691 262.87412684 0.01985919 0.99843477 -0.04701303 0.02287779
569.21812758 33.53566353 262.87738747 0.01994996 0.99843759 -0.04686213 0.02298510
569.31276755 33.51690806 262.87911464 0.01997073 0.99843775 -0.04681557 0.02305491
569.39080155 33.52197729 262.91375354 0.02002394 0.99843889 -0.04671600 0.02316129
569.47312166 33.51244218 262.92377111 0.01997389 0.99843634 -0.04674985 0.02324570
569.52645460 33.51709847 262.89803616 0.01988561 0.99844589 -0.04654582 0.02332047
569.69382089 33.46042551 262.89277041 0.01995722 0.99845035 -0.04641615 0.02332713
569.87908096 33.42836437 262.87567858 0.02006923 0.99845226 -0.04634921 0.02328219
570.02434263 33.45945852 262.85623132 0.02022041 0.99845675 -0.04618876 0.02327775
570.18458919 33.44186278 262.83139171 0.02032223 0.99845862 -0.04613942 0.02320655
570.33224926 33.43365787 262.85735620 0.02045325 0.99846304 -0.04599568 0.02318669
570.48820079 33.42441802 262.86442286 0.02049563 0.99846082 -0.04604576 0.02314556
570.61547158 33.42417510 262.82679591 0.02046567 0.99847364 -0.04580110 0.02310444
570.73693014 33.34565602 262.82283598 0.02048126 0.99847926 -0.04564926 0.02314793
570.87323752 33.28909614 262.81129804 0.02051965 0.99848257 -0.04556333 0.02314043
570.97846259 33.27610322 262.79935891 0.02062074 0.99848820 -0.04538072 0.02316637
571.09280565 33.20289473 262.78481981 0.02067712 0.99849121 -0.04530381 0.02313715
571.21345267 33.16494821 262.82106287 0.02074574 0.99849575 -0.04516470 0.02315169
571.33119723 33.10151546 262.82390472 0.02072889 0.99849542 -0.04518169 0.02314801
571.41879463 33.06266353 262.80315133 0.02063480 0.99850819 -0.04494626 0.02313955
571.53925493 32.93936004 262.79878619 0.02059029 0.99851396 -0.04479549 0.02322250
571.67324067 32.84121690 262.79744874 0.02056821 0.99851803 -0.04469488 0.02326060
571.77967565 32.78004172 262.78790188 0.02060620 0.99852344 -0.04452112 0.02332782
571.91280828 32.67132493 262.77436818 0.02061458 0.99852602 -0.04444765 0.02335012
572.05498410 32.57746012 262.81234632 0.02061299 0.99852997 -0.04432545 0.02341497
572.19135809 32.47500801 262.82887375 0.02053313 0.99852920 -0.04435582 0.02346025
572.29297433 32.38705867 262.81610677 0.02038695 0.99854138 -0.04412882 0.02349732
572.41756401 32.34921869 262.81198176 0.02045829 0.99854483 -0.04397125 0.02358398
572.56308389 32.33799120 262.80104900 0.02055216 0.99854517 -0.04389447 0.02363109
572.66106352 32.37935133 262.78819157 0.02072608 0.99854788 -0.04370783 0.02371047
572.78546324 32.36511281 262.77719350 0.02082832 0.99854903 -0.04361964 0.02373497
572.88415794 32.37575990 262.80195084 0.02096279 0.99855125 -0.04346632 0.02380407
572.98961213 32.36779475 262.80877676 0.02100409 0.99854894 -0.04347493 0.02384877
573.07191435 32.38286174 262.76999860 0.02099439 0.99855951 -0.04321348 0.02388993
573.14702395 32.27880043 262.73465305 0.02098024 0.99856488 -0.04313057 0.02382768
573.24435121 32.19341905 262.70361412 0.02097664 0.99857106 -0.04305855 0.02370182
573.30532231 32.16190064 262.68476794 0.02102515 0.99857734 -0.04294118 0.02360715
573.41519793 32.06419641 262.62969953 0.02107077 0.99858081 -0.04291833 0.02346056
573.52597382 31.99067525 262.65156348 0.02111041 0.99858669 -0.04281723 0.02335924
573.61435820 31.91588670 262.65880109 0.02107955 0.99858629 -0.04290487 0.02324316
573.68185139 31.84324610 262.63502477 0.02094231 0.99860040 -0.04270432 0.02312992
574.05417369 31.80853130 262.70230762 0.02080804 0.99858632 -0.04303911 0.02323846
574.50302016 31.83472168 262.70912445 0.02062992 0.99857416 -0.04336927 0.02330587
574.92908349 31.85156025 262.66559503 0.02047121 0.99856131 -0.04367674 0.02342203
575.34462499 31.89312363 262.67819072 0.02031350 0.99854313 -0.04413661 0.02347227
575.69370541 31.93553152 262.73771120 0.02011681 0.99852697 -0.04453387 0.02357833
576.08314735 32.00760922 262.76089929 0.01990657 0.99850736 -0.04503743 0.02363081
576.43541302 32.11145686 262.77739792 0.01961924 0.99850081 -0.04527321 0.02369693
577.45210877 32.12335999 262.81146784 0.01915587 0.99849924 -0.04515996 0.02434952
578.42927720 32.19551643 262.82035199 0.01871090 0.99849220 -0.04509551 0.02509215
579.42341372 32.33171898 262.89393438 0.01831632 0.99848601 -0.04499486 0.02580033
580.35513455 32.48044561 262.89711306 0.01779805 0.99848231 -0.04481186 0.02661224
581.44946463 32.65820381 262.84892889 0.01736943 0.99847544 -0.04466001 0.02739664
582.48292376 32.77364003 262.87035555 0.01689975 0.99846535 -0.04456485 0.02820152
583.50622623 32.85683464 262.89078599 0.01666886 0.99844996 -0.04454768 0.02890214
584.81953830 32.79279737 262.97577037 0.01622617 0.99843746 -0.04425092 0.03002016
586.10626837 32.78056228 263.04319934 0.01564237 0.99841263 -0.04412780 0.03130921
587.38286607 32.78347449 263.19628222 0.01529952 0.99838882 -0.04391279 0.03251714
588.62218291 32.79845992 263.28753970 0.01481189 0.99836830 -0.04351847 0.03387451
589.94949374 32.87657757 263.29492127 0.01441863 0.99833716 -0.04331705 0.03519450
591.16485200 32.85193773 263.32600462 0.01393275 0.99830896 -0.04305393 0.03648911
592.42359561 32.82232688 263.42243457 0.01378476 0.99827374 -0.04289488 0.03767681
593.10565000 32.89935984 263.55645695 0.01338002 0.99833728 -0.04249681 0.03657419
593.67263928 32.92487611 263.53539472 0.01358631 0.99840815 -0.04184211 0.03529610
594.16896895 32.99052450 263.53855622 0.01330147 0.99846861 -0.04149453 0.03408377
594.71164673 33.13213661 263.53387956 0.01312866 0.99853783 -0.04093246 0.03277771
595.33730408 33.28294722 263.47865621 0.01275956 0.99861080 -0.04034387 0.03140115
595.89491752 33.33196397 263.60597920 0.01276350 0.99866733 -0.03988080 0.03016932
596.38463118 33.45135179 263.63135946 0.01243124 0.99871057 -0.03973464 0.02904872
597.44622476 33.55460099 263.61585926 0.01220531 0.99871667 -0.03954410 0.02919444
598.40636492 33.66156986 263.52870926 0.01203557 0.99871635 -0.03946411 0.02938342
599.43257155 33.85698137 263.46224653 0.01180857 0.99871833 -0.03934152 0.02957181
600.37116865 34.06497446 263.42389824 0.01146725 0.99872035 -0.03917516 0.02985761
601.45974340 34.35489313 263.25179604 0.01125662 0.99872515 -0.03895082 0.03006973
602.53176586 34.50814614 263.22740754 0.01115932 0.99872185 -0.03880475 0.03040288
603.60701781 34.67111587 263.16787660 0.01114311 0.99870910 -0.03896248 0.03062495
604.59979234 34.71354965 263.27926303 0.01067981 0.99868882 -0.03897739 0.03142219
605.59283017 34.83066877 263.38719352 0.01022059 0.99866342 -0.03902423 0.03231118
606.61234766 35.03083382 263.54478193 0.00983861 0.99863876 -0.03904582 0.03315488
607.60276634 35.22958843 263.60143846 0.00936604 0.99861312 -0.03900589 0.03409775
608.70236826 35.45704121 263.67267713 0.00900800 0.99858370 -0.03901857 0.03502851
609.75702863 35.62720207 263.77218477 0.00854528 0.99855292 -0.03906479 0.03595806
610.77641974 35.79252406 263.85421946 0.00826779 0.99852286 -0.03911717 0.03679119
612.00584276 35.81738853 264.00011220 0.00737086 0.99851088 -0.03889698 0.03753279
613.23986433 35.91928056 264.16094101 0.00652496 0.99848891 -0.03876075 0.03840483
614.45530406 36.05620327 264.37007275 0.00571378 0.99846871 -0.03859529 0.03921736
615.65159926 36.21043550 264.49360723 0.00480158 0.99844497 -0.03838832 0.04013643
616.91566180 36.39084404 264.59053675 0.00401318 0.99841666 -0.03827728 0.04102338
618.11590701 36.50732272 264.73316792 0.00313531 0.99838758 -0.03813083 0.04193389
619.32451460 36.63471607 264.87302685 0.00246376 0.99835758 -0.03807484 0.04273604
620.41087359 36.65951689 265.07420795 0.00169879 0.99833363 -0.03806268 0.04333946
621.51179515 36.74653807 265.28078060 0.00101700 0.99830559 -0.03804866 0.04401388
622.57974846 36.87600190 265.52354145 0.00031304 0.99827651 -0.03806069 0.04466865
623.66750923 37.01895572 265.69268559 -0.00045199 0.99824491 -0.03805467 0.04537325
624.76851157 37.13959352 265.86441297 -0.00112553 0.99820894 -0.03813299 0.04608162
625.82641399 37.26145845 266.08723572 -0.00185754 0.99817279 -0.03818802 0.04679007
626.85925821 37.39551907 266.28376530 -0.00245432 0.99813815 -0.03827052 0.04742975
628.09117870 37.41289804 266.49530931 -0.00291154 0.99809140 -0.03827058 0.04837805
629.32787938 37.51027142 266.73085739 -0.00346140 0.99803500 -0.03835324 0.04942855
630.57514724 37.61319175 266.99140177 -0.00385740 0.99798243 -0.03837268 0.05043535
631.80313751 37.71901673 267.21034821 -0.00437277 0.99792508 -0.03834342 0.05153830
633.04435555 37.84583132 267.38048265 -0.00475150 0.99786290 -0.03843412 0.05262951
634.23026020 37.95443399 267.57617284 -0.00524232 0.99780137 -0.03849140 0.05369699
635.43066691 38.06682474 267.77212090 -0.00549483 0.99774334 -0.03858545 0.05467350
636.51151565 38.14120107 267.94470061 -0.00590998 0.99770335 -0.03846885 0.05543691
637.57271629 38.30230850 268.11906000 -0.00633426 0.99765470 -0.03840128 0.05630565
638.66252204 38.51165145 268.33100282 -0.00667752 0.99761055 -0.03826335 0.05713597
639.69350096 38.72432079 268.48190057 -0.00719537 0.99755974 -0.03811155 0.05805432
640.81055789 38.97296995 268.59635048 -0.00753888 0.99750996 -0.03799312 0.05893701
641.88458494 39.16409781 268.74030735 -0.00799848 0.99745626 -0.03791605 0.05982808
642.95546901 39.33239318 268.87660782 -0.00823813 0.99740683 -0.03788351 0.06063491
644.16179707 39.40681070 269.07369323 -0.00863441 0.99737421 -0.03724023 0.06150847
645.34324518 39.52271392 269.26785970 -0.00905413 0.99732256 -0.03681635 0.06253229
646.56369581 39.65807352 269.52497153 -0.00932846 0.99727710 -0.03629346 0.06351490
647.72800346 39.79590625 269.72843285 -0.00980932 0.99722547 -0.03561568 0.06462710
648.99412482 39.98270759 269.85497941 -0.01016316 0.99717486 -0.03505844 0.06564987
650.19882808 40.03892016 270.02415325 -0.01052161 0.99712215 -0.03442716 0.06671938
651.41872221 40.09540604 270.20618735 -0.01059008 0.99706793 -0.03408095 0.06768959
652.63098356 40.21312159 270.40193358 -0.01103601 0.99701989 -0.03378015 0.06847227
653.80736406 40.34784901 270.59646550 -0.01154343 0.99695716 -0.03361350 0.06937804
655.03538689 40.53178554 270.86458928 -0.01196903 0.99689905 -0.03338773 0.07024453
656.19226924 40.70911208 271.05650009 -0.01254333 0.99683264 -0.03307380 0.07122833
657.45543231 40.94477181 271.17643205 -0.01299314 0.99676940 -0.03281709 0.07214550
658.64550884 41.05922752 271.35326567 -0.01345775 0.99670315 -0.03254204 0.07309401
659.84069502 41.18995307 271.52595283 -0.01369859 0.99663860 -0.03249029 0.07394755
660.96303161 41.30299300 271.73307626 -0.01413642 0.99657943 -0.03242362 0.07468803
662.04923667 41.45291218 271.93952359 -0.01463474 0.99650800 -0.03241837 0.07554260
663.14387772 41.66496102 272.18915566 -0.01503759 0.99644221 -0.03235217 0.07635534
664.20548448 41.86514981 272.37347977 -0.01559616 0.99636818 -0.03223224 0.07725472
665.31878221 42.12412557 272.51515235 -0.01600284 0.99629607 -0.03218009 0.07811843
666.37053387 42.28820672 272.69955159 -0.01651412 0.99622059 -0.03214796 0.07898311
667.44504863 42.45445399 272.86032481 -0.01681207 0.99615299 -0.03218588 0.07975368
668.50576630 42.60112625 273.05460305 -0.01736838 0.99608909 -0.03223581 0.08040963
669.51118964 42.80575210 273.26485994 -0.01792225 0.99601585 -0.03230116 0.08116559
670.49500265 43.11697074 273.50498654 -0.01837909 0.99594868 -0.03230709 0.08188220
671.45903512 43.38727087 273.67364360 -0.01901612 0.99587098 -0.03232620 0.08267035
672.49829551 43.70294990 273.83813861 -0.01949075 0.99579744 -0.03237296 0.08342402
673.48620389 43.93352526 274.01773364 -0.02012323 0.99571760 -0.03247946 0.08418197
674.46517111 44.16842480 274.16458401 -0.02053086 0.99564923 -0.03256994 0.08485452
675.35969430 44.39661695 274.31660803 -0.02097662 0.99560236 -0.03257749 0.08529139
676.21902074 44.68035096 274.45303167 -0.02138827 0.99554789 -0.03259451 0.08581692
677.06198543 45.09182585 274.63075280 -0.02174398 0.99549794 -0.03258588 0.08630884
677.83939960 45.45708380 274.75968879 -0.02229470 0.99543792 -0.03257160 0.08686417
678.75042735 45.86014326 274.87804511 -0.02267615 0.99538632 -0.03253510 0.08736891
679.62194375 46.16324290 275.03334768 -0.02318690 0.99532638 -0.03256098 0.08790644
680.45290722 46.48710515 275.11421833 -0.02349002 0.99527470 -0.03264229 0.08837975
680.69225349 46.84125688 275.11343882 -0.02408489 0.99526194 -0.03271967 0.08833466
680.92697921 47.24158560 275.02639425 -0.02444652 0.99525660 -0.03271568 0.08829692
681.16330520 47.66972525 274.97286127 -0.02505367 0.99524505 -0.03278865 0.08822991
681.34885179 48.11149176 274.95330694 -0.02562557 0.99522925 -0.03293964 0.08818754
681.62337682 48.53395132 274.88692201 -0.02610921 0.99522437 -0.03302111 0.08807030
681.88901606 48.83890990 274.82793747 -0.02656332 0.99522061 -0.03297204 0.08799529
682.10816260 49.20504494 274.73100925 -0.02698485 0.99520723 -0.03320698 0.08792995
681.59064302 49.18362157 274.72954225 -0.02696349 0.99520829 -0.03337476 0.08786097
681.11194760 49.17586830 274.71521623 -0.02700180 0.99520747 -0.03353926 0.08779585
680.62389198 49.13356922 274.74262120 -0.02697903 0.99521428 -0.03368668 0.08766910
680.15043082 49.10670710 274.77447717 -0.02686111 0.99521695 -0.03390925 0.08758920
679.68251569 49.04582364 274.77986770 -0.02681170 0.99521627 -0.03413726 0.08752352
679.17642898 49.00301472 274.77072568 -0.02684385 0.99521969 -0.03429674 0.08741227
678.68096870 48.99355622 274.75941515 -0.02678827 0.99522754 -0.03439379 0.08730173
677.72399738 48.84722630 274.63812247 -0.02529507 0.99530412 -0.03441640 0.08686415
676.79406915 48.73180917 274.52685284 -0.02392135 0.99537516 -0.03453460 0.08639108
675.85408530 48.58257554 274.40535923 -0.02269452 0.99544377 -0.03455307 0.08592294
674.96486711 48.39061202 274.30261642 -0.02136025 0.99551804 -0.03445866 0.08544099
674.05633478 48.24011319 274.15567122 -0.02021231 0.99558422 -0.03449686 0.08493230
673.12850169 48.10459753 273.97927306 -0.01877352 0.99565163 -0.03448877 0.08447427
672.23463640 47.98896716 273.74158115 -0.01736340 0.99571085 -0.03446503 0.08408676
671.14847399 47.72153266 273.61620447 -0.01622131 0.99573971 -0.03428344 0.08404727
670.06347880 47.45818375 273.52151411 -0.01526059 0.99576220 -0.03429378 0.08395653
668.96252953 47.21645114 273.46021964 -0.01432115 0.99579151 -0.03409520 0.08385519
667.92192598 46.90343255 273.39730145 -0.01320865 0.99581494 -0.03393401 0.08382492
666.86286626 46.65175294 273.30531946 -0.01231705 0.99584065 -0.03374594 0.08373111
665.80206912 46.42234976 273.21508365 -0.01134329 0.99586722 -0.03345065 0.08367116
664.76699458 46.17913724 273.07884338 -0.01023804 0.99588883 -0.03328020 0.08362446
663.68669177 45.96312582 272.87840032 -0.00959276 0.99588522 -0.03325344 0.08375456
662.61540063 45.77869071 272.73792962 -0.00913637 0.99587918 -0.03325778 0.08387551
661.50744002 45.58508890 272.58906122 -0.00869559 0.99587761 -0.03323299 0.08395088
660.46403209 45.36184839 272.49512247 -0.00808149 0.99587356 -0.03320331 0.08407189
659.35860166 45.15297652 272.30319373 -0.00764970 0.99586654 -0.03322324 0.08418750
658.31690142 44.95306301 272.14493092 -0.00714299 0.99586801 -0.03305508 0.08428073
657.26754395 44.72956630 271.95386415 -0.00656690 0.99586245 -0.03300588 0.08441248
656.16484425 44.57318113 271.75014389 -0.00580909 0.99588362 -0.03315645 0.08415887
655.04840492 44.44091500 271.57616426 -0.00521206 0.99590535 -0.03329417 0.08388608
653.93160120 44.32167801 271.39165577 -0.00464145 0.99592924 -0.03341824 0.08358610
652.86805997 44.16557737 271.23232942 -0.00396636 0.99595400 -0.03349309 0.08329535
651.75440609 44.00379668 271.03563887 -0.00340041 0.99597347 -0.03366166 0.08301913
650.68939222 43.87592812 270.84345968 -0.00276827 0.99599543 -0.03374829 0.08274353
649.62836272 43.72252086 270.62971573 -0.00212581 0.99601306 -0.03382603 0.08251826
648.46807416 43.58537144 270.40771418 -0.00134106 0.99604679 -0.03391730 0.08208908
647.28802941 43.45060248 270.22370745 -0.00068713 0.99608413 -0.03399179 0.08161181
646.08457655 43.31181863 270.05027696 -0.00004442 0.99612274 -0.03407444 0.08110742
644.92360093 43.16815089 269.87602972 0.00071387 0.99616255 -0.03407337 0.08061430
643.72741600 42.99822661 269.66743510 0.00126806 0.99619875 -0.03414773 0.08012721
642.61928329 42.88479855 269.47518119 0.00190823 0.99623457 -0.03417154 0.07965771
641.50390498 42.73336065 269.28450979 0.00257687 0.99626629 -0.03418543 0.07923511
640.41564270 42.80860306 269.09902040 0.00263693 0.99624187 -0.03545821 0.07898038
639.19550139 42.62983590 268.95079842 0.00245231 0.99620096 -0.03711540 0.07874063
637.96599530 42.52430124 268.91807250 0.00239773 0.99617370 -0.03849804 0.07842265
636.77910845 42.30176216 268.73287433 0.00263889 0.99613112 -0.03989219 0.07825879
635.60011562 42.25300779 268.52547664 0.00240226 0.99609751 -0.04130876 0.07795880
634.49807813 42.20784212 268.41186902 0.00235830 0.99606980 -0.04231588 0.07777373
633.45926585 42.10760699 268.26855120 0.00252813 0.99603625 -0.04353646 0.07752398
632.50326167 42.01474509 268.04435609 0.00268755 0.99606799 -0.04381568 0.07695139
631.52100312 41.89097214 267.80459772 0.00284877 0.99610179 -0.04407007 0.07636057
630.53758843 41.76517912 267.54990898 0.00297901 0.99613491 -0.04442595 0.07571454
629.56616835 41.65951568 267.34010279 0.00325656 0.99617346 -0.04464582 0.07506384
628.59362553 41.53848866 267.08664459 0.00330750 0.99620298 -0.04500493 0.07445294
627.68821595 41.45308883 266.85489792 0.00340037 0.99623604 -0.04526638 0.07384543
626.77489102 41.36758378 266.63310454 0.00345600 0.99626593 -0.04548050 0.07330604
625.81689811 41.14452352 266.50843870 0.00384848 0.99625913 -0.04535327 0.07345755
624.80284683 40.80709143 266.41251552 0.00403836 0.99624223 -0.04549578 0.07358831
623.78538631 40.52152347 266.40102131 0.00443984 0.99623784 -0.04548249 0.07363287
622.78316490 40.16980326 266.32202216 0.00502695 0.99621594 -0.04551209 0.07387276
621.86224731 39.88244133 266.18928464 0.00529881 0.99620832 -0.04538968 0.07403157
620.99308268 39.59755039 266.10883840 0.00550612 0.99621167 -0.04509346 0.07415229
620.07993082 39.31652821 266.05038027 0.00616951 0.99620080 -0.04507029 0.07426019
619.26405650 39.12911944 265.89844189 0.00604201 0.99619128 -0.04508871 0.07438709
618.49047938 38.94651047 265.73778358 0.00576659 0.99618371 -0.04509437 0.07450673
617.71426275 38.76562053 265.69964955 0.00565054 0.99617972 -0.04514514 0.07453822
616.95693417 38.57559804 265.58933662 0.00564161 0.99616735 -0.04524092 0.07464615
616.17735175 38.41205270 265.50226690 0.00552048 0.99615714 -0.04530845 0.07475040
615.44883696 38.25039485 265.41653926 0.00527621 0.99616204 -0.04514139 0.07480384
614.71685964 38.04516306 265.34501944 0.00521514 0.99615743 -0.04514743 0.07486581
613.61275327 38.00181007 265.13621179 0.00554425 0.99618149 -0.04491424 0.07466195
612.50827172 37.88164055 264.92335075 0.00577694 0.99620370 -0.04471865 0.07446511
611.44664643 37.77875789 264.72091089 0.00599015 0.99623086 -0.04457357 0.07417131
610.33456990 37.61485557 264.53904901 0.00636141 0.99625062 -0.04440477 0.07397598
609.23536383 37.49142083 264.30020983 0.00655224 0.99627317 -0.04423714 0.07375571
608.23228233 37.33962169 264.03408891 0.00680447 0.99630381 -0.04394951 0.07349055
607.21376131 37.21579939 263.77854499 0.00723682 0.99632051 -0.04380328 0.07330990
606.07267712 37.28682382 263.58952019 0.00713313 0.99631173 -0.04387781 0.07339474
604.96739756 37.35631085 263.42031433 0.00679992 0.99630768 -0.04385981 0.07349211
603.85849034 37.41151715 263.27383762 0.00655097 0.99630358 -0.04402644 0.07347067
602.76528031 37.41609331 263.17013916 0.00643317 0.99629052 -0.04416365 0.07357577
601.68730219 37.41916515 262.98651436 0.00624252 0.99627697 -0.04432486 0.07367856
600.67310242 37.43974609 262.79842342 0.00597765 0.99628597 -0.04420157 0.07365300
599.62157003 37.42945008 262.57672072 0.00597909 0.99627872 -0.04426201 0.07371458
598.78766050 37.28565822 262.48745780 0.00633042 0.99632185 -0.04398487 0.07326689
597.95614031 37.06264431 262.38588805 0.00666564 0.99636834 -0.04368487 0.07278271
597.12704043 36.84945247 262.27989199 0.00702129 0.99641579 -0.04345621 0.07223451
596.25706143 36.62676205 262.23346671 0.00750689 0.99646051 -0.04317741 0.07173427
595.42488528 36.37847356 262.10053722 0.00774260 0.99650642 -0.04288319 0.07124630
594.67719500 36.18747077 261.99212554 0.00800322 0.99655596 -0.04254831 0.07072342
593.90866270 35.96765322 261.85968517 0.00840974 0.99659433 -0.04228387 0.07029293
593.94671713 35.74192555 261.81141133 0.00852100 0.99658658 -0.04231160 0.07037271
594.00914890 35.55039796 261.73723582 0.00853853 0.99658303 -0.04234514 0.07040064
594.09110829 35.38361324 261.68937877 0.00871492 0.99657970 -0.04230657 0.07044932
594.18170906 35.22802158 261.63030557 0.00883948 0.99657615 -0.04236919 0.07044634
594.28071782 35.09335545 261.62202964 0.00889181 0.99656890 -0.04242565 0.07050831
594.40398628 34.92572066 261.61022794 0.00885030 0.99655888 -0.04263836 0.07052689
594.53580280 34.77181638 261.60914390 0.00876536 0.99656080 -0.04259077 0.07053916
594.61137121 34.67957198 261.53631955 0.00864493 0.99654928 -0.04278595 0.07059862
594.72337891 34.59898869 261.48262068 0.00847169 0.99654253 -0.04300488 0.07058182
594.82177546 34.54647896 261.44650063 0.00840219 0.99653402 -0.04317400 0.07060711
594.93888388 34.42267208 261.37521972 0.00832914 0.99652457 -0.04345350 0.07057763
595.05832079 34.37649299 261.36247530 0.00820673 0.99651254 -0.04369866 0.07061049
595.18585481 34.31849418 261.33152314 0.00802165 0.99649570 -0.04411465 0.07061074
595.31162437 34.28138641 261.28894692 0.00773872 0.99649445 -0.04422419 0.07059139
595.51844147 34.12996420 261.33268406 0.00767256 0.99648797 -0.04423372 0.07068411
595.78604735 34.01781245 261.33743847 0.00764134 0.99648316 -0.04424802 0.07074620
596.02788882 33.96164723 261.31180547 0.00759480 0.99647671 -0.04425231 0.07083939
596.24908577 33.90433637 261.33683968 0.00756254 0.99647041 -0.04435673 0.07086615
596.45155156 33.83595073 261.37357756 0.00748810 0.99646350 -0.04437869 0.07095736
596.67535776 33.80115967 261.43629850 0.00738056 0.99645265 -0.04456121 0.07100670
596.89774559 33.76166654 261.46499541 0.00719244 0.99645286 -0.04449985 0.07106148
596.97696973 33.73760589 261.46485121 0.00715816 0.99645181 -0.04440791 0.07113705
597.07481805 33.74213000 261.45685122 0.00715933 0.99645050 -0.04438016 0.07117271
597.12663737 33.79663338 261.45356569 0.00721999 0.99645248 -0.04423165 0.07123121
597.18739549 33.82148790 261.44060535 0.00721444 0.99645162 -0.04420804 0.07125851
597.24697074 33.84085415 261.41677242 0.00724546 0.99645073 -0.04413155 0.07131519
597.31100959 33.84444536 261.43337252 0.00715387 0.99644620 -0.04418411 0.07135517
597.36447276 33.83785882 261.41872252 0.00704370 0.99645421 -0.04398227 0.07137896
597.44697077 33.84246872 261.40947486 0.00701296 0.99645000 -0.04398535 0.07143884
597.55698601 33.87947004 261.40843982 0.00698385 0.99644424 -0.04409339 0.07145543
597.61776598 33.96775486 261.40103874 0.00701294 0.99644137 -0.04407653 0.07150293
597.69844132 33.99212159 261.39296763 0.00698343 0.99643597 -0.04418478 0.07151423
597.74039736 34.04944516 261.40858643 0.00701459 0.99643088 -0.04422476 0.07155741
597.79942238 34.08882903 261.40473938 0.00693465 0.99642153 -0.04441175 0.07157961
597.83826615 34.15179500 261.38459157 0.00679991 0.99642562 -0.04432597 0.07158884
597.94783682 34.08137049 261.37239279 0.00677411 0.99642105 -0.04433027 0.07165209
598.08389708 34.03379084 261.35166842 0.00673546 0.99641658 -0.04441386 0.07166613
598.19555520 34.03718257 261.32893281 0.00676302 0.99641369 -0.04439376 0.07171617
598.32486615 33.98632679 261.30563698 0.00677357 0.99640918 -0.04449657 0.07171421
598.44307760 33.96029077 261.33133698 0.00678023 0.99640303 -0.04455283 0.07176399
598.57460090 33.91403744 261.32557059 0.00670628 0.99639244 -0.04476028 0.07178887
598.67630241 33.89962732 261.30659102 0.00655073 0.99639603 -0.04468606 0.07179976
598.74387636 33.90169934 261.25835281 0.00666051 0.99640733 -0.04466369 0.07164650
598.82829269 33.92497375 261.20491892 0.00681810 0.99642224 -0.04467096 0.07141941
598.85012193 34.00935627 261.15189822 0.00697344 0.99643622 -0.04462479 0.07123802
598.91651152 34.05669580 261.08196580 0.00711407 0.99645256 -0.04464555 0.07098206
598.95510236 34.11192539 261.05224560 0.00724662 0.99646965 -0.04457721 0.07077138
598.98743669 34.17774748 261.02679727 0.00733970 0.99647876 -0.04471101 0.07054888
599.01018212 34.24638989 260.96580357 0.00732715 0.99649986 -0.04455729 0.07034906
598.98990872 34.45157387 260.80667089 0.00676241 0.99650625 -0.04451447 0.07034218
598.92828359 34.67414552 260.60521636 0.00632946 0.99651112 -0.04442709 0.07036876
598.94002758 34.92143308 260.46095093 0.00573663 0.99652059 -0.04436200 0.07032648
598.99619939 35.14802044 260.35141315 0.00515078 0.99651823 -0.04444614 0.07035221
599.09892656 35.40954344 260.14346621 0.00471617 0.99652285 -0.04445235 0.07031329
599.24035366 35.54869810 260.00056413 0.00432478 0.99653268 -0.04434834 0.07026474
599.26536940 35.69503424 259.80438057 0.00393848 0.99653308 -0.04440940 0.07024319
599.33607308 35.66616937 259.79040761 0.00403176 0.99652835 -0.04444273 0.07028391
599.42915130 35.67523667 259.76509891 0.00411953 0.99652436 -0.04454771 0.07026903
599.49530274 35.74370190 259.71874818 0.00424839 0.99652126 -0.04455390 0.07030136
599.57787386 35.77297080 259.69663296 0.00435407 0.99651760 -0.04467428 0.07027043
599.62186561 35.81721671 259.71316706 0.00444585 0.99651437 -0.04470439 0.07029122
599.69424467 35.84328550 259.70733685 0.00447559 0.99650477 -0.04491732 0.07028975
599.73292479 35.91103118 259.66850866 0.00443770 0.99650848 -0.04484257 0.07028730
599.84357542 35.82515798 259.67579440 0.00439016 0.99650503 -0.04477345 0.07038313
599.98759732 35.77053284 259.69157850 0.00435607 0.99650214 -0.04476705 0.07043025
600.09782063 35.74917487 259.69019508 0.00438668 0.99650188 -0.04464937 0.07050663
600.22532811 35.67634594 259.69662943 0.00439342 0.99649870 -0.04467201 0.07053688
600.34170609 35.62290600 259.75469042 0.00437727 0.99649475 -0.04463976 0.07061403
600.47618875 35.55565517 259.77106419 0.00429684 0.99648591 -0.04475388 0.07067148
600.56733409 35.51642471 259.77658585 0.00413891 0.99649026 -0.04460749 0.07071208
600.78038916 35.45784646 259.82732796 0.00410250 0.99648531 -0.04451387 0.07084281
601.03483471 35.43694054 259.87759762 0.00410663 0.99647973 -0.04448064 0.07094198
601.24168265 35.44074809 259.90142268 0.00415922 0.99647698 -0.04435571 0.07105554
601.46006344 35.40590879 259.94700493 0.00415144 0.99647204 -0.04434432 0.07113248
601.64289356 35.39467789 260.02774255 0.00416269 0.99646756 -0.04426258 0.07124527
601.85416270 35.37527869 260.07491859 0.00410515 0.99645908 -0.04431596 0.07133403
602.03104673 35.37607343 260.09029398 0.00398490 0.99646043 -0.04415690 0.07142059
602.19840314 35.31797874 260.12257143 0.00411116 0.99645325 -0.04407570 0.07156364
602.41096770 35.29868633 260.15165335 0.00425411 0.99644701 -0.04403691 0.07166602
602.59920334 35.30827396 260.15822905 0.00445665 0.99644249 -0.04391223 0.07179283
602.77068319 35.27090806 260.17693935 0.00460879 0.99643712 -0.04389228 0.07186999
602.91785532 35.25874196 260.25104755 0.00473984 0.99643131 -0.04381219 0.07199082
603.08963336 35.23897543 260.27784189 0.00482895 0.99642174 -0.04386286 0.07208635
603.22148538 35.25603769 260.27393036 0.00486742 0.99642056 -0.04372388 0.07218442
603.38250655 35.20765788 260.27631795 0.00484981 0.99642085 -0.04377210 0.07215245
603.58243993 35.19721646 260.26911517 0.00484174 0.99642250 -0.04388413 0.07206212
603.75187742 35.21457716 260.24175098 0.00486235 0.99642406 -0.04392044 0.07201698
603.94017879 35.18841676 260.22815736 0.00489066 0.99642501 -0.04407780 0.07190574
604.09809308 35.19796153 260.26775545 0.00488681 0.99642653 -0.04414236 0.07184533
604.28908999 35.20398790 260.27743687 0.00484261 0.99642169 -0.04438659 0.07176488
604.44126917 35.23604566 260.27059603 0.00469546 0.99642921 -0.04436232 0.07168520
604.55581734 35.21045511 260.27048194 0.00470257 0.99641901 -0.04439513 0.07180609
604.70140628 35.21671075 260.27384773 0.00468705 0.99640969 -0.04449695 0.07187339
604.81886017 35.26059844 260.25705346 0.00475347 0.99640229 -0.04449008 0.07197584
604.91310023 35.24785805 260.24648200 0.00477992 0.99639618 -0.04454455 0.07202496
604.98431773 35.26204069 260.27442658 0.00481024 0.99639037 -0.04461595 0.07205912
605.05509564 35.29076104 260.26734095 0.00482811 0.99638309 -0.04469679 0.07210838
605.12551718 35.30153202 260.24938811 0.00480701 0.99638135 -0.04471524 0.07212239
605.15348787 35.30998152 260.29775796 0.00487435 0.99638044 -0.04472811 0.07212244
605.15498484 35.30837766 260.30017051 0.00487700 0.99637328 -0.04489820 0.07211555
605.12747125 35.35199735 260.26208896 0.00478616 0.99638040 -0.04479644 0.07208652
