592.24424800 26.18327640 272.27942150 -0.01591961 0.99834281 0.03173358 0.04528977
592.38545401 26.13103773 272.23586593 -0.01579264 0.99833736 0.03195110 0.04530162
592.49332912 26.05885194 272.12091950 -0.01552701 0.99833679 0.03211808 0.04528787
592.62058779 26.02702762 272.04607797 -0.01523272 0.99833072 0.03245539 0.04528112
592.70388154 26.04762904 272.00381023 -0.01505397 0.99832720 0.03269016 0.04524965
592.77933676 26.07916441 272.01209138 -0.01485595 0.99832161 0.03294400 0.04525444
592.88390518 26.08850001 271.91926406 -0.01472613 0.99831845 0.03306531 0.04527798
593.00051763 26.06995821 271.87501604 -0.01460579 0.99831133 0.03334050 0.04527219
593.04241070 26.04925371 271.81708156 -0.01433661 0.99830358 0.03378323 0.04520082
593.03017546 25.99899682 271.64043521 -0.01391329 0.99829887 0.03420541 0.04511959
593.04915673 26.01751951 271.53107616 -0.01339613 0.99829017 0.03479541 0.04501737
593.00285078 26.07443404 271.48643373 -0.01304047 0.99828087 0.03533772 0.04490540
592.98871600 26.15077362 271.44036483 -0.01264680 0.99827054 0.03589762 0.04480355
592.97706348 26.18170534 271.32064101 -0.01235529 0.99826172 0.03630619 0.04475211
592.97222491 26.15985357 271.23677589 -0.01198887 0.99825175 0.03680579 0.04466593
593.22685328 26.10799037 271.21777014 -0.01179694 0.99824642 0.03695136 0.04471602
593.47183951 26.05721050 271.11192017 -0.01150799 0.99824530 0.03704270 0.04474060
593.72374014 26.02937978 271.05981289 -0.01118732 0.99823896 0.03726178 0.04478147
593.93979454 26.03800080 271.00759625 -0.01097435 0.99823481 0.03742055 0.04479432
594.11911996 26.06103793 271.05166836 -0.01075395 0.99822871 0.03758373 0.04484711
594.34106474 26.09291490 271.00518968 -0.01056556 0.99822648 0.03762056 0.04491052
594.57405301 26.08304541 270.98387767 -0.01036755 0.99821902 0.03782034 0.04495480
594.85551256 25.99293237 270.93868559 -0.01020703 0.99821026 0.03806458 0.04497974
595.11468239 25.85346038 270.83829368 -0.00992838 0.99820634 0.03825096 0.04497097
595.38333636 25.78002608 270.77362417 -0.00961756 0.99819547 0.03860603 0.04497638
595.61983579 25.72895676 270.74211345 -0.00939807 0.99818871 0.03886717 0.04494803
595.84460182 25.70062910 270.79155378 -0.00917827 0.99817911 0.03914447 0.04496583
596.10330261 25.67329442 270.75240603 -0.00901474 0.99817418 0.03926329 0.04500476
596.38089857 25.61344382 270.70652505 -0.00885969 0.99816319 0.03957953 0.04500247
596.39308865 25.51562195 270.71071132 -0.00850983 0.99814616 0.03994890 0.04512097
596.35157625 25.45899887 270.64613779 -0.00800367 0.99813318 0.04021422 0.04526485
596.39875099 25.37829658 270.63340120 -0.00753861 0.99811801 0.04051519 0.04541073
596.34516764 25.38860707 270.64456460 -0.00720970 0.99810007 0.04087999 0.04553117
596.36819509 25.34999927 270.66599510 -0.00687365 0.99808151 0.04123737 0.04566754
596.42709972 25.33734801 270.68019673 -0.00650551 0.99806547 0.04153324 0.04580376
596.42807383 25.26873176 270.69253527 -0.00612611 0.99804388 0.04193976 0.04595593
596.94755726 24.74392054 270.62936382 -0.00383486 0.99799704 0.04299803 0.04624252
597.41506603 24.20583349 270.58511967 -0.00166520 0.99794794 0.04395437 0.04653122
597.83760741 23.65476242 270.61520858 0.00095026 0.99787969 0.04513375 0.04688458
598.25805160 23.09267346 270.59113516 0.00321266 0.99778463 0.04663793 0.04733308
598.71798547 22.57488754 270.64525632 0.00540320 0.99769635 0.04793243 0.04769998
599.19158271 21.95934064 270.61311675 0.00756951 0.99759810 0.04930283 0.04806212
599.67843651 21.37357348 270.59009173 0.01002945 0.99750010 0.05044611 0.04845766
600.01371253 20.95093745 270.54720895 0.01108058 0.99744774 0.05097734 0.04874968
600.32796187 20.56506495 270.51152559 0.01202359 0.99739828 0.05142837 0.04906347
600.63339123 20.18300428 270.48895379 0.01331751 0.99733523 0.05203511 0.04937030
600.91528395 19.85241317 270.47378919 0.01439951 0.99726145 0.05280453 0.04973869
601.24107712 19.55080791 270.54383454 0.01537851 0.99719534 0.05340557 0.05012785
601.58572553 19.19091364 270.53229564 0.01623455 0.99713244 0.05399148 0.05048030
601.98579539 18.84907691 270.54773567 0.01729927 0.99706544 0.05457796 0.05081816
602.34217150 18.58459993 270.38838457 0.01825174 0.99701803 0.05465531 0.05132950
602.69367072 18.27041802 270.30200116 0.01905703 0.99697719 0.05467786 0.05180389
603.03450499 17.89475413 270.30142125 0.02010070 0.99692370 0.05479456 0.05231305
603.41017937 17.56314562 270.18738436 0.02106789 0.99685653 0.05512153 0.05286602
603.78291789 17.29770315 270.15985325 0.02175354 0.99680796 0.05520129 0.05341801
604.18154970 16.99563965 270.06848588 0.02259934 0.99675019 0.05537683 0.05396055
604.61094579 16.67520646 270.00873142 0.02356044 0.99669759 0.05542065 0.05447367
605.28558252 16.45212231 269.88003545 0.02402597 0.99663585 0.05592708 0.05488079
605.87142208 16.23983487 269.66895442 0.02449535 0.99657416 0.05641416 0.05529341
606.49517397 15.99792347 269.60259257 0.02516681 0.99650405 0.05693728 0.05571757
607.07486239 15.85634317 269.46005536 0.02571602 0.99642037 0.05768032 0.05619705
607.78754141 15.80238275 269.33654512 0.02607967 0.99635145 0.05824047 0.05667171
608.40018820 15.60810297 269.25196577 0.02655167 0.99628471 0.05867790 0.05717241
609.08406390 15.47369809 269.17712676 0.02719641 0.99621834 0.05906725 0.05762318
609.61184304 15.30747896 269.24157416 0.02677160 0.99625454 0.06029712 0.05589659
610.01672811 15.08025055 269.08414093 0.02703851 0.99626029 0.06180012 0.05399169
610.35004866 14.80853480 269.12192799 0.02709834 0.99628723 0.06295647 0.05209526
610.63640415 14.59341976 269.13322072 0.02709458 0.99629343 0.06439456 0.05018589
611.08108568 14.45476842 269.06309553 0.02688382 0.99630409 0.06575468 0.04828820
611.51229390 14.08945380 269.11114169 0.02687867 0.99631329 0.06687368 0.04653246
611.87221009 13.79772519 269.13835722 0.02664020 0.99633524 0.06775853 0.04489058
613.12737029 13.51971060 269.20349683 0.02628344 0.99629976 0.06823253 0.04516956
614.30561430 13.24976511 269.22553694 0.02592281 0.99626895 0.06860040 0.04549909
615.56821557 12.92173700 269.46553659 0.02566624 0.99623973 0.06889618 0.04583632
616.80646323 12.67493120 269.55893070 0.02541059 0.99618852 0.06943809 0.04627188
618.15624113 12.47982227 269.57111954 0.02504055 0.99614886 0.06986070 0.04668953
619.45579502 12.18448046 269.70359259 0.02483110 0.99610786 0.07018652 0.04718475
620.70180605 11.87969526 269.87413432 0.02472620 0.99608683 0.07023836 0.04760478
622.12366307 11.65313481 269.95166239 0.02485130 0.99596199 0.07158348 0.04814501
623.46179714 11.40804412 269.87829115 0.02493526 0.99586087 0.07251411 0.04879615
624.95810038 11.07392690 270.04149639 0.02539048 0.99573694 0.07360232 0.04945681
626.33214368 10.79645228 270.12037044 0.02558326 0.99557482 0.07514436 0.05029512
627.95003441 10.61751790 270.08870566 0.02569840 0.99544106 0.07637024 0.05103214
629.42215443 10.25425976 270.10353054 0.02606698 0.99528172 0.07773970 0.05187828
630.84433049 9.85083569 270.18881657 0.02665389 0.99517529 0.07841763 0.05259644
632.17944960 9.44560750 270.24820057 0.02636310 0.99512822 0.07882764 0.05301908
633.49966854 9.06273635 270.25396498 0.02603530 0.99508517 0.07916118 0.05349005
634.89945070 8.57610610 270.47027153 0.02579840 0.99504295 0.07942901 0.05399080
636.26164505 8.17297409 270.59964646 0.02557646 0.99498240 0.07988395 0.05453818
637.68924419 7.84155495 270.62346995 0.02521929 0.99493505 0.08020200 0.05509874
639.06119698 7.39154222 270.70627081 0.02506386 0.99487606 0.08054766 0.05572708
640.43631954 6.93801105 270.81235279 0.02492786 0.99484345 0.08061256 0.05627366
641.40562932 6.15578372 270.76636797 0.02534300 0.99478264 0.08116206 0.05637334
642.38815696 5.41631686 270.79288803 0.02575624 0.99471857 0.08178900 0.05641041
643.33189600 4.58808734 270.98641113 0.02623614 0.99465129 0.08233950 0.05657453
644.41532723 3.83506798 271.08905959 0.02675866 0.99456899 0.08306264 0.05671945
645.38197321 3.23354585 271.16557089 0.02693639 0.99450520 0.08366595 0.05686684
646.35044348 2.50128986 271.26512586 0.02740300 0.99443039 0.08424737 0.05709339
647.36957948 1.80096619 271.39603073 0.02786519 0.99436850 0.08469060 0.05729160
648.20302830 1.31476980 271.37094323 0.02821632 0.99429614 0.08541548 0.05729934
649.02044583 0.86048690 271.29820665 0.02871228 0.99421218 0.08626158 0.05724239
649.82513422 0.33123411 271.36635162 0.02911199 0.99413385 0.08700950 0.05726891
650.63357402 -0.12792884 271.34971217 0.02952785 0.99404512 0.08788636 0.05725729
651.43653148 -0.51958333 271.33279990 0.02975087 0.99396430 0.08871835 0.05726184
652.20095621 -0.96250624 271.38072472 0.03025528 0.99387800 0.08947448 0.05731888
652.97114753 -1.41844704 271.43028365 0.03065894 0.99380391 0.09010838 0.05739600
653.80300625 -1.93072985 271.37448181 0.03110866 0.99371982 0.09076993 0.05756726
654.61665000 -2.42504297 271.32010222 0.03164742 0.99362920 0.09149086 0.05769644
655.48311603 -3.00469848 271.38778652 0.03218494 0.99353140 0.09223629 0.05789612
656.37694539 -3.52545420 271.39019629 0.03271949 0.99342007 0.09311426 0.05810111
657.20675628 -3.97723969 271.39044941 0.03306243 0.99332358 0.09388668 0.05831326
657.97963622 -4.50655728 271.42707738 0.03366723 0.99321749 0.09463924 0.05855717
658.77923917 -5.02901859 271.46787641 0.03420013 0.99312506 0.09526840 0.05879538
659.45820509 -5.38792835 271.43054623 0.03451444 0.99308024 0.09586625 0.05839560
660.07976022 -5.76368715 271.29737786 0.03494677 0.99302744 0.09655198 0.05790465
660.72213758 -6.26268180 271.27702645 0.03528805 0.99298063 0.09715037 0.05749798
661.35118001 -6.66768492 271.16000196 0.03566780 0.99292670 0.09782745 0.05704534
662.02351247 -6.99757366 271.07492933 0.03586369 0.99287408 0.09852617 0.05663439
662.66228150 -7.39227570 271.06356042 0.03633469 0.99282192 0.09907665 0.05628706
663.35875850 -7.82687041 271.07575821 0.03666774 0.99278877 0.09948564 0.05593336
664.52572261 -8.31064872 271.05493958 0.03672002 0.99270609 0.10004876 0.05636042
665.70420194 -8.79921783 271.00401474 0.03673676 0.99263448 0.10051213 0.05678476
666.96075963 -9.45031935 271.18035711 0.03684877 0.99255966 0.10092393 0.05728737
668.21121446 -9.99875942 271.23889586 0.03700890 0.99245845 0.10155081 0.05782735
669.52043367 -10.38307121 271.23413771 0.03692663 0.99237888 0.10204130 0.05837942
670.76203305 -10.98988302 271.26372694 0.03719840 0.99227750 0.10256823 0.05900335
671.99867144 -11.51269920 271.34697300 0.03748015 0.99221957 0.10271635 0.05953923
673.03035772 -11.83868568 271.36930468 0.03745696 0.99210471 0.10369043 0.05977891
674.03757065 -12.16156050 271.23387175 0.03759718 0.99198874 0.10460489 0.06002183
675.10564262 -12.62119103 271.26294834 0.03775360 0.99186516 0.10553968 0.06032869
676.12396212 -12.97707565 271.24758969 0.03785578 0.99172300 0.10664096 0.06066411
677.27954217 -13.23279555 271.21551242 0.03785729 0.99159829 0.10761806 0.06097553
678.31730370 -13.69312565 271.21465083 0.03815572 0.99145718 0.10858496 0.06136854
679.31547693 -14.08361407 271.24176691 0.03841048 0.99135686 0.10922529 0.06169309
680.15737906 -14.43952717 271.30165161 0.03831228 0.99128819 0.10976428 0.06190077
680.98757851 -14.72285088 271.24130202 0.03838036 0.99120610 0.11037295 0.06209050
681.92142457 -15.13253762 271.29300748 0.03833759 0.99113620 0.11087528 0.06233733
682.73052863 -15.42064134 271.32639923 0.03828927 0.99105829 0.11145054 0.06257939
683.69510109 -15.71622162 271.32183633 0.03815625 0.99098097 0.11203077 0.06284847
684.59240479 -16.07281875 271.41346881 0.03822092 0.99090055 0.11254500 0.06315766
685.49422098 -16.43726933 271.50605638 0.03823496 0.99084041 0.11290325 0.06345259
686.68406486 -16.86135581 271.60313635 0.03785982 0.99075898 0.11338621 0.06408475
687.87295733 -17.30226404 271.66031579 0.03752485 0.99067636 0.11383063 0.06476744
689.18322873 -17.86628048 271.85569995 0.03726634 0.99059163 0.11425516 0.06546139
690.42625739 -18.31402196 272.00743532 0.03698133 0.99048785 0.11481089 0.06621678
691.74332712 -18.71341262 272.08949820 0.03661902 0.99040155 0.11522730 0.06698123
692.99815902 -19.20555139 272.22877947 0.03639427 0.99030042 0.11569535 0.06778735
694.20590417 -19.72472149 272.36148120 0.03619852 0.99022528 0.11597313 0.06851135
695.05650870 -19.96621158 272.43796751 0.03590837 0.99016779 0.11620751 0.06909529
695.86406130 -20.21730209 272.50192643 0.03568754 0.99010518 0.11642792 0.06973288
696.72031438 -20.48779182 272.61136871 0.03552668 0.99003218 0.11672076 0.07035910
697.56688911 -20.69228214 272.71838697 0.03529998 0.98995304 0.11706405 0.07101341
698.41623065 -20.86038087 272.82153375 0.03501983 0.98989033 0.11726508 0.07169135
699.20027605 -21.11210338 272.95463168 0.03480020 0.98981767 0.11750202 0.07240997
699.96529371 -21.37375212 273.09333286 0.03461569 0.98975671 0.11767864 0.07304214
701.23755117 -21.58885515 273.19030293 0.03411365 0.98966252 0.11802247 0.07399356
702.41952258 -21.81937526 273.26787728 0.03366097 0.98957629 0.11819887 0.07506487
703.74603690 -22.14372553 273.46859782 0.03333829 0.98947604 0.11846084 0.07611019
705.01048479 -22.37408684 273.59626545 0.03298514 0.98935043 0.11888430 0.07722843
706.37691606 -22.54819738 273.70573300 0.03258871 0.98925271 0.11907618 0.07834482
707.63238956 -22.88600838 273.80751505 0.03231194 0.98913100 0.11941126 0.07947798
708.83019950 -23.18306599 273.90863623 0.03209041 0.98904660 0.11949268 0.08048932
709.89484841 -23.41406730 273.94209562 0.03193164 0.98892880 0.11990689 0.08137893
710.89713652 -23.57796245 273.95781145 0.03181925 0.98881034 0.12023715 0.08236912
711.98386972 -23.81115688 274.05866422 0.03182127 0.98868411 0.12060360 0.08334212
712.97369825 -23.96387602 274.15481659 0.03176371 0.98853414 0.12112583 0.08437920
714.08539058 -24.04117048 274.24761804 0.03164188 0.98840777 0.12146495 0.08541155
715.13468807 -24.22213274 274.31732333 0.03157373 0.98827412 0.12182906 0.08645837
716.12312850 -24.46464936 274.40010986 0.03161987 0.98815380 0.12210308 0.08742476
717.21876620 -24.66214572 274.49993522 0.03114935 0.98803601 0.12274593 0.08802271
718.20816799 -24.86272375 274.49351663 0.03075866 0.98792475 0.12325008 0.08870186
719.37452375 -25.10119461 274.64496058 0.03049202 0.98779550 0.12385369 0.08938989
720.43358924 -25.26586326 274.77708592 0.03014007 0.98763746 0.12462918 0.09017426
721.64937006 -25.36642565 274.85964142 0.02976763 0.98751001 0.12519887 0.09090168
722.76387358 -25.61114667 274.91491003 0.02957870 0.98737033 0.12577697 0.09167926
723.79466836 -25.89645863 274.97523791 0.02946188 0.98726855 0.12611272 0.09234927
724.75082141 -25.77130066 275.27996137 0.02881831 0.98724927 0.12628871 0.09251780
725.66054568 -25.73446540 275.34669270 0.02828591 0.98723208 0.12642269 0.09268245
726.79287066 -25.74074951 275.59306098 0.02770689 0.98720935 0.12656000 0.09291178
727.72492038 -25.66739632 275.80829402 0.02714296 0.98717142 0.12677056 0.09319377
728.88323514 -25.59449187 275.96044460 0.02651262 0.98714443 0.12692847 0.09344583
729.97855855 -25.58709934 276.18854375 0.02619130 0.98709102 0.12716648 0.09377643
730.99065407 -25.62057962 276.44986571 0.02574613 0.98710277 0.12695951 0.09405602
732.01406140 -25.66887375 276.64461951 0.02511989 0.98706534 0.12732613 0.09412256
732.98495385 -25.78864536 276.60830828 0.02456951 0.98703641 0.12759590 0.09420585
734.08799793 -25.98064931 276.72826307 0.02404943 0.98698782 0.12799148 0.09431246
735.02846999 -26.06427018 276.84407554 0.02349475 0.98692526 0.12843967 0.09449751
736.16606542 -26.07192748 276.87513720 0.02283287 0.98687922 0.12878700 0.09466773
737.22819832 -26.24176033 276.97208426 0.02242998 0.98682210 0.12910794 0.09492199
738.21553967 -26.40081501 277.12282071 0.02203881 0.98682092 0.12905657 0.09509558
739.14590670 -26.37132893 277.33685446 0.02137691 0.98675928 0.12933527 0.09550672
740.02812638 -26.41795719 277.34474795 0.02080773 0.98670241 0.12952666 0.09595955
741.02704126 -26.51482429 277.51088827 0.02023640 0.98663604 0.12977668 0.09642526
741.87147048 -26.52324125 277.65981984 0.01965566 0.98654648 0.13014737 0.09696058
742.88440076 -26.48880427 277.76177800 0.01897084 0.98647939 0.13036123 0.09749088
743.80836186 -26.55864489 277.90112794 0.01847333 0.98639459 0.13064917 0.09805739
744.68639536 -26.65033385 278.08299542 0.01800777 0.98636015 0.13060347 0.09854998
745.38077416 -26.57502091 278.24168350 0.01758537 0.98634368 0.13069491 0.09866981
746.01847266 -26.49497509 278.22820432 0.01729601 0.98631611 0.13081302 0.09883994
746.65342802 -26.42147574 278.23227109 0.01706271 0.98628495 0.13097887 0.09897172
747.20394829 -26.27383550 278.27124129 0.01666668 0.98624131 0.13120420 0.09917538
747.84273470 -26.08461759 278.29268250 0.01626598 0.98620569 0.13139619 0.09934176
748.40945722 -25.96993371 278.35550595 0.01581792 0.98618120 0.13148666 0.09953743
748.94182054 -25.90053967 278.44088409 0.01549815 0.98616723 0.13151632 0.09968683
749.42967436 -25.80697959 278.46898199 0.01529579 0.98616576 0.13151062 0.09974009
749.86522998 -25.73539598 278.34877723 0.01523324 0.98616831 0.13148526 0.09975790
750.33239858 -25.69566914 278.30162759 0.01511129 0.98615992 0.13154506 0.09978052
750.71509559 -25.56257544 278.29240388 0.01495508 0.98616355 0.13151299 0.09981046
751.11632377 -25.43730414 278.30215922 0.01477896 0.98616115 0.13154071 0.09982387
751.57755840 -25.37150384 278.28650932 0.01463475 0.98616281 0.13150744 0.09987253
752.01747877 -25.28146574 278.30847255 0.01448387 0.98617110 0.13144560 0.09989409
752.20972368 -25.24764440 278.46026287 0.01450454 0.98613826 0.13193242 0.09957302
752.45582286 -25.21434650 278.49989708 0.01493596 0.98610679 0.13238091 0.09922503
752.68406658 -25.19752189 278.52826140 0.01511398 0.98608430 0.13276576 0.09890689
752.79944488 -25.08663604 278.61736722 0.01520255 0.98606457 0.13317247 0.09854253
752.95790318 -25.07758092 278.69131757 0.01523487 0.98602897 0.13371496 0.09815846
753.10218780 -25.06645195 278.78312818 0.01540260 0.98600546 0.13414128 0.09778599
753.27697203 -25.06290800 278.89874457 0.01549484 0.98597936 0.13454127 0.09748469
753.20622223 -24.99571498 278.88593983 0.01551157 0.98597074 0.13483895 0.09715735
753.15704514 -24.87013156 278.79723869 0.01569738 0.98597328 0.13504363 0.09681683
753.10822033 -24.78596400 278.73328350 0.01595369 0.98595371 0.13541924 0.09644887
753.03561737 -24.58850280 278.73812063 0.01606344 0.98594195 0.13575279 0.09608134
752.92326876 -24.45973432 278.73498608 0.01618979 0.98592165 0.13614423 0.09571380
752.81894535 -24.29924410 278.68455232 0.01623116 0.98592807 0.13631523 0.09539682
752.75516269 -24.23921420 278.71917486 0.01629893 0.98591775 0.13662102 0.09505385
752.70366454 -24.20386106 278.73590843 0.01624308 0.98593211 0.13652831 0.09504765
752.67612768 -24.17612011 278.70339874 0.01624578 0.98595992 0.13631044 0.09507139
752.65182155 -24.23176294 278.69727295 0.01633078 0.98597099 0.13623407 0.09505146
752.58413645 -24.19461639 278.66595613 0.01631417 0.98598460 0.13613607 0.09505362
752.49540174 -24.21952875 278.64860440 0.01627109 0.98599913 0.13603008 0.09506197
752.43795187 -24.21554980 278.63740234 0.01618993 0.98602345 0.13586259 0.09506316
752.41480325 -24.30271027 278.66126061 0.01620775 0.98604675 0.13569862 0.09505265
752.25943476 -24.45814894 278.48212360 0.01639316 0.98603065 0.13578637 0.09506254
752.07860985 -24.57559111 278.16829618 0.01658535 0.98601764 0.13584345 0.09508258
751.98313744 -24.70909536 277.96799811 0.01681288 0.98599402 0.13599524 0.09507058
751.78959260 -24.69188084 277.94046123 0.01704238 0.98597007 0.13616941 0.09502882
751.59675845 -24.65681880 277.85712323 0.01716612 0.98594619 0.13630793 0.09505563
751.44678353 -24.57890259 277.79242404 0.01719772 0.98594984 0.13626127 0.09507901
751.30012919 -24.58300700 277.79466661 0.01729626 0.98593027 0.13640155 0.09506298
750.87603323 -24.43763047 277.70619462 0.01762248 0.98595290 0.13641577 0.09474732
750.53008052 -24.26734407 277.54264683 0.01789056 0.98596640 0.13649355 0.09444414
750.19095906 -24.20876580 277.44823308 0.01827322 0.98597520 0.13662254 0.09409189
749.75623409 -24.09491994 277.37805018 0.01853659 0.98597700 0.13677510 0.09379939
749.42217536 -24.02240706 277.28233936 0.01892755 0.98597531 0.13696199 0.09346582
749.08585331 -23.92379391 277.18578382 0.01922610 0.98598784 0.13704903 0.09314446
748.75349563 -23.90954700 277.09413258 0.01968092 0.98600832 0.13707655 0.09279158
749.07924245 -24.22109531 276.93796881 0.02076610 0.98598844 0.13698877 0.09289592
749.36198769 -24.53673162 276.78812912 0.02162298 0.98600422 0.13666917 0.09300352
749.57543984 -24.93202602 276.66393252 0.02289167 0.98597530 0.13655897 0.09316823
749.88242232 -25.16756298 276.61506674 0.02397505 0.98591039 0.13673330 0.09332692
750.11789951 -25.20397645 276.61086418 0.02476223 0.98588696 0.13659672 0.09356855
750.34662413 -25.41782650 276.56679525 0.02547976 0.98586198 0.13647716 0.09381328
750.64778759 -25.64897819 276.63125809 0.02651239 0.98584113 0.13634002 0.09394547
750.28562375 -25.58464881 276.52970488 0.02668409 0.98579935 0.13662745 0.09391775
749.94413200 -25.48767426 276.42210044 0.02701795 0.98577171 0.13677601 0.09389611
749.68989249 -25.45154380 276.34414154 0.02722975 0.98573807 0.13698878 0.09387800
749.33227010 -25.28273952 276.30157664 0.02735429 0.98571078 0.13718179 0.09384650
749.05125399 -25.15522563 276.18754633 0.02754315 0.98566382 0.13751540 0.09379623
748.82059224 -25.05013578 276.16971747 0.02776476 0.98563395 0.13771478 0.09375215
748.58777140 -24.95497957 276.13802352 0.02800913 0.98557969 0.13806705 0.09373182
748.64448535 -25.00563655 276.09763148 0.02797046 0.98559263 0.13802939 0.09366279
748.70695801 -25.01329576 275.99396580 0.02799942 0.98561834 0.13789564 0.09358050
748.78944896 -25.10387083 275.93021711 0.02801421 0.98563083 0.13785985 0.09349722
748.81421860 -25.08727711 275.89820766 0.02797168 0.98565748 0.13774754 0.09339451
748.89063221 -25.10452966 275.87165705 0.02794297 0.98567045 0.13771657 0.09331185
749.01830477 -25.09437004 275.84766330 0.02787564 0.98569880 0.13758184 0.09323121
749.13308748 -25.12393213 275.81672723 0.02777913 0.98570831 0.13758413 0.09315604
749.30677852 -25.11990829 275.86829489 0.02779487 0.98569300 0.13758718 0.09330870
749.47632244 -25.10023469 275.86213212 0.02783910 0.98569558 0.13746322 0.09345096
749.68887732 -25.14684526 275.84965851 0.02793080 0.98567442 0.13750492 0.09358527
749.83609112 -25.13717678 275.90671981 0.02793292 0.98566504 0.13747991 0.09372010
749.97057417 -25.09568848 275.96866335 0.02796793 0.98565014 0.13747921 0.09386721
750.15813355 -25.08633210 275.99233524 0.02792090 0.98564526 0.13741399 0.09402789
750.36006352 -25.11049970 276.03734594 0.02789325 0.98562650 0.13746349 0.09416028
750.49710530 -25.25628418 276.02722580 0.02798627 0.98563590 0.13735704 0.09418958
750.63952116 -25.35064379 275.95746881 0.02806628 0.98565886 0.13716266 0.09420879
750.83033031 -25.51924174 275.90040423 0.02823369 0.98566546 0.13707222 0.09422136
750.94817641 -25.60205705 275.91971649 0.02836788 0.98568338 0.13692932 0.09420142
751.08578867 -25.66281204 275.96998346 0.02840936 0.98569536 0.13680282 0.09424729
751.28353197 -25.72252535 275.96693649 0.02838903 0.98572311 0.13658062 0.09428544
751.45987191 -25.80912161 275.99546487 0.02837037 0.98572996 0.13652553 0.09429924
751.61123975 -25.80950861 276.02405921 0.02845978 0.98572414 0.13654057 0.09431134
751.74419452 -25.79462019 276.00555163 0.02861561 0.98573523 0.13642731 0.09431219
751.90701419 -25.83298978 275.99111084 0.02879168 0.98572380 0.13646747 0.09432000
752.02322586 -25.80962846 276.03052693 0.02889841 0.98572548 0.13643798 0.09431241
752.14295813 -25.76686557 276.07487573 0.02901192 0.98571912 0.13645297 0.09432234
752.29343486 -25.74892310 276.07949395 0.02908726 0.98572531 0.13637620 0.09434552
752.46436732 -25.77316020 276.09775916 0.02913053 0.98571622 0.13642964 0.09434989
752.60273351 -25.69050930 276.13492641 0.02910526 0.98571981 0.13635897 0.09442228
752.75647699 -25.59549243 276.10715219 0.02913402 0.98574300 0.13616222 0.09445524
752.93089982 -25.52139923 276.08229508 0.02919661 0.98573493 0.13617249 0.09450534
753.03131663 -25.38960045 276.11564648 0.02916135 0.98574646 0.13606813 0.09454627
753.09730363 -25.22393935 276.16620339 0.02918502 0.98574877 0.13601121 0.09459680
753.23620782 -25.09381505 276.14963701 0.02910488 0.98576877 0.13583353 0.09466826
753.37341618 -24.98395245 276.17562378 0.02903142 0.98576724 0.13583034 0.09471142
753.56092731 -24.97530407 276.21839036 0.02886278 0.98576867 0.13586865 0.09469308
753.74819852 -24.96584357 276.22047816 0.02882725 0.98578582 0.13578757 0.09464163
753.93075347 -24.98576947 276.20782431 0.02875121 0.98578076 0.13586155 0.09461128
754.07805019 -24.93424428 276.25580992 0.02861077 0.98579382 0.13582100 0.09457604
754.19483104 -24.88119092 276.30415050 0.02851994 0.98579554 0.13585653 0.09453446
754.36659031 -24.84963591 276.33269103 0.02834067 0.98581390 0.13576480 0.09452877
754.54103741 -24.85958038 276.36848227 0.02813106 0.98581279 0.13583671 0.09449964
754.70138993 -24.85269007 276.37861858 0.02818593 0.98581354 0.13580367 0.09452287
754.85658528 -24.83447490 276.33515644 0.02828318 0.98583233 0.13565247 0.09451498
755.03142145 -24.84450012 276.29172182 0.02841880 0.98582405 0.13567871 0.09452302
755.14505580 -24.79392475 276.31649374 0.02846198 0.98583125 0.13562545 0.09451139
755.24593805 -24.72570142 276.37313356 0.02853905 0.98582819 0.13562021 0.09452752
755.38287539 -24.66328901 276.36539261 0.02852388 0.98584640 0.13546753 0.09456111
755.54079373 -24.64593899 276.38128473 0.02849083 0.98584165 0.13550813 0.09456251
755.75507407 -24.63052931 276.40869073 0.02851164 0.98585078 0.13543542 0.09456521
755.93930284 -24.58992600 276.37770483 0.02859238 0.98587583 0.13526169 0.09452826
756.17164528 -24.58309818 276.35519587 0.02868694 0.98587559 0.13525239 0.09451541
756.32804873 -24.51823814 276.39161007 0.02871119 0.98589164 0.13514592 0.09449294
756.48690950 -24.43857011 276.45623839 0.02877512 0.98589583 0.13511035 0.09448071
756.68179993 -24.38445714 276.45923622 0.02875430 0.98591772 0.13494548 0.09449422
756.88463677 -24.35876968 276.50041807 0.02870852 0.98591955 0.13494766 0.09448596
756.99470857 -24.29218993 276.49394374 0.02872429 0.98593854 0.13479065 0.09450712
757.06063295 -24.28311461 276.47537994 0.02868827 0.98598215 0.13449679 0.09448173
757.16814289 -24.26820062 276.39741868 0.02875934 0.98598979 0.13444314 0.09445677
757.24461371 -24.26826685 276.39072507 0.02876190 0.98600989 0.13432198 0.09441847
757.25721015 -24.22289681 276.44135327 0.02878369 0.98602825 0.13417706 0.09442623
757.29859809 -24.18475553 276.41093378 0.02871144 0.98606598 0.13389945 0.09444826
757.34570806 -24.14188465 276.41106856 0.02861972 0.98608161 0.13381732 0.09442932
