478.91302230 14.45422190 256.68991040 -0.01451666 0.99711990 -0.01187223 0.07348614
478.79725957 14.41381476 256.66315481 -0.01433859 0.99712979 -0.01188320 0.07338506
478.67726954 14.34712951 256.63763386 -0.01416259 0.99713979 -0.01184521 0.07328947
478.54833188 14.28965529 256.60587330 -0.01399288 0.99715208 -0.01183845 0.07315586
478.41789611 14.23358370 256.58534837 -0.01378733 0.99716582 -0.01181590 0.07301105
478.25817271 14.17962130 256.56665382 -0.01359607 0.99717796 -0.01180567 0.07288274
478.11878902 14.12459374 256.53357734 -0.01343170 0.99718634 -0.01181078 0.07279760
477.98526081 14.08337118 256.51232705 -0.01329523 0.99719326 -0.01177675 0.07273343
477.88746730 14.07905600 256.48051914 -0.01320223 0.99719992 -0.01180713 0.07265406
477.78602475 14.06010469 256.46019364 -0.01312710 0.99720721 -0.01180676 0.07256756
477.67245977 14.03798371 256.43023487 -0.01306414 0.99721669 -0.01182183 0.07244618
477.56577182 14.03013593 256.40631068 -0.01295311 0.99722694 -0.01184024 0.07232182
477.43872624 14.02275379 256.38976675 -0.01286616 0.99723646 -0.01185932 0.07220293
477.32600115 14.00893595 256.36433018 -0.01278959 0.99724347 -0.01188124 0.07211607
477.22396380 13.99584752 256.35271028 -0.01272521 0.99724959 -0.01187674 0.07204350
477.15308126 13.95658143 256.32527585 -0.01256529 0.99725837 -0.01188640 0.07194839
477.07725550 13.89076833 256.30520083 -0.01242609 0.99726692 -0.01187897 0.07185520
476.99635773 13.81510618 256.27581235 -0.01227784 0.99727664 -0.01189726 0.07174274
476.92441184 13.74860925 256.25938410 -0.01210618 0.99728799 -0.01188019 0.07161683
476.83415109 13.69204126 256.23940639 -0.01193954 0.99729631 -0.01188140 0.07152863
476.76014566 13.62975441 256.22402349 -0.01180365 0.99730274 -0.01190441 0.07145770
476.70565119 13.58036839 256.20652224 -0.01168762 0.99730759 -0.01190518 0.07140893
476.64582729 13.50479495 256.19148630 -0.01142467 0.99732413 -0.01184868 0.07122960
476.61345251 13.37712952 256.18153001 -0.01114333 0.99734031 -0.01175762 0.07106264
476.57605226 13.20073581 256.15530337 -0.01083754 0.99735891 -0.01171894 0.07085497
476.55056280 13.04695763 256.15335137 -0.01050930 0.99737940 -0.01164423 0.07062796
476.52004768 12.91520304 256.12189192 -0.01019856 0.99739602 -0.01159541 0.07044653
476.52893755 12.77354616 256.13061826 -0.00995737 0.99740806 -0.01156838 0.07031486
476.57511893 12.65270052 256.12621779 -0.00970893 0.99741589 -0.01153187 0.07024452
476.58939559 12.62136433 256.10645864 -0.00957382 0.99742337 -0.01152479 0.07015796
476.58895334 12.57510658 256.09184412 -0.00948083 0.99742956 -0.01155506 0.07007755
476.59267590 12.50509820 256.07360656 -0.00935259 0.99743577 -0.01159553 0.06999973
476.61465058 12.45481512 256.05897527 -0.00921366 0.99744322 -0.01158617 0.06991339
476.63080788 12.42254802 256.04698458 -0.00909016 0.99744681 -0.01159065 0.06987770
476.64944166 12.37441338 256.04765072 -0.00898981 0.99745131 -0.01163896 0.06981832
476.70440545 12.33331354 256.04183767 -0.00890049 0.99745343 -0.01168327 0.06979207
476.52324773 12.35101769 255.99362126 -0.00885285 0.99745786 -0.01163470 0.06974287
476.32516253 12.37210879 255.97444373 -0.00881446 0.99746288 -0.01153506 0.06969257
476.11437882 12.38060841 255.93507830 -0.00881427 0.99747311 -0.01143279 0.06956282
475.89594447 12.40408787 255.89779668 -0.00871877 0.99748245 -0.01139268 0.06944741
475.65741922 12.41303895 255.87125992 -0.00868970 0.99749631 -0.01133840 0.06926074
475.41636150 12.40621585 255.81063364 -0.00860970 0.99750545 -0.01124988 0.06915340
475.17652347 12.38641875 255.78720216 -0.00854105 0.99751641 -0.01111721 0.06902519
475.83384177 12.23856773 255.91960265 -0.00818619 0.99750298 -0.01053020 0.06935344
476.55297364 11.97585685 256.05358661 -0.00784452 0.99749223 -0.00989162 0.06964097
477.30873903 11.80361208 256.16523287 -0.00758997 0.99747499 -0.00928749 0.06999848
477.99600717 11.61442341 256.30195613 -0.00728463 0.99746292 -0.00862397 0.07028718
478.74869286 11.43825050 256.40290826 -0.00699421 0.99744646 -0.00800753 0.07062242
479.43510220 11.31210993 256.52856841 -0.00691013 0.99742344 -0.00735905 0.07102521
480.16850382 11.10917692 256.67725111 -0.00663759 0.99740130 -0.00682367 0.07141442
480.85378921 11.04456244 256.82377606 -0.00644921 0.99737491 -0.00641199 0.07183724
481.56752880 10.83372087 256.96380705 -0.00635648 0.99734637 -0.00595078 0.07228004
482.32102046 10.67659180 257.11210300 -0.00631000 0.99732118 -0.00553688 0.07266359
482.96434605 10.54670526 257.20164502 -0.00621481 0.99729584 -0.00509369 0.07305091
483.67675077 10.40390353 257.30688144 -0.00623823 0.99727230 -0.00466545 0.07339802
484.32279798 10.29236802 257.45070687 -0.00624854 0.99724881 -0.00415082 0.07374641
484.97063780 10.14716855 257.57183653 -0.00616848 0.99722764 -0.00371742 0.07406190
484.78188805 10.13020251 257.51085662 -0.00605714 0.99724010 -0.00369889 0.07390408
484.59971097 10.07915535 257.46742122 -0.00595943 0.99725428 -0.00371017 0.07371993
484.40931981 10.00685819 257.41831922 -0.00585580 0.99726645 -0.00371942 0.07356290
484.26178550 9.97327292 257.37716915 -0.00573575 0.99727922 -0.00372195 0.07339897
484.12028574 9.93962921 257.34384601 -0.00561346 0.99728832 -0.00371652 0.07328489
484.00464042 9.88375898 257.32642941 -0.00554503 0.99729775 -0.00372775 0.07316115
483.91857096 9.83731393 257.31195115 -0.00545435 0.99730510 -0.00376448 0.07306579
484.52727763 9.80999205 257.43889369 -0.00533300 0.99728032 -0.00361798 0.07341955
485.21038918 9.64734537 257.58729719 -0.00530579 0.99725413 -0.00339826 0.07378689
485.89148894 9.59127962 257.68409472 -0.00534831 0.99722568 -0.00326455 0.07417329
486.50594355 9.51365377 257.75804217 -0.00531444 0.99720398 -0.00307406 0.07447500
487.20846164 9.43513286 257.84358791 -0.00530020 0.99717972 -0.00293362 0.07480575
487.84911953 9.40909216 257.96462925 -0.00543190 0.99714935 -0.00270142 0.07520883
488.50214859 9.33731864 258.07520795 -0.00545675 0.99711927 -0.00258415 0.07560885
489.00368564 9.25020271 258.19648306 -0.00529677 0.99708939 -0.00218862 0.07602569
489.58376208 8.98691060 258.33453031 -0.00527911 0.99704813 -0.00180535 0.07657608
490.12540746 8.89080076 258.38801980 -0.00529333 0.99700687 -0.00145421 0.07711792
490.68073487 8.72272334 258.45417844 -0.00521403 0.99697252 -0.00105830 0.07757251
491.28893046 8.60461318 258.50335835 -0.00518388 0.99694008 -0.00070883 0.07799428
491.81534519 8.54730646 258.59663949 -0.00528883 0.99689598 -0.00026228 0.07855168
492.38925382 8.41820195 258.69304071 -0.00525555 0.99686328 0.00006704 0.07896819
492.94359099 8.34411010 258.83340779 -0.00505091 0.99683216 0.00041445 0.07937228
493.56701941 8.10646288 258.98660993 -0.00502158 0.99679664 0.00079625 0.07981613
494.17261269 8.02492214 259.08156082 -0.00507412 0.99675840 0.00112496 0.08028497
494.78356111 7.87984091 259.16926397 -0.00500756 0.99672687 0.00152526 0.08067308
495.44463127 7.77583758 259.25772366 -0.00499240 0.99669585 0.00186817 0.08104918
495.99324834 7.75293757 259.36983432 -0.00513781 0.99665683 0.00230508 0.08150743
496.61837055 7.62874539 259.49427616 -0.00510675 0.99662653 0.00261592 0.08186961
497.39110975 7.69064003 259.67016846 -0.00506549 0.99658856 0.00275672 0.08232854
498.24380817 7.57885024 259.85652757 -0.00516462 0.99655244 0.00295777 0.08275156
499.12393949 7.57239886 260.01866022 -0.00534189 0.99651788 0.00306919 0.08315144
499.88166448 7.54780382 260.12627692 -0.00542106 0.99648682 0.00328762 0.08350940
500.72243571 7.52488518 260.24815496 -0.00556348 0.99645754 0.00344295 0.08384246
501.49970524 7.55240992 260.42548287 -0.00584072 0.99642158 0.00369937 0.08423917
502.30304235 7.51500551 260.58828169 -0.00592605 0.99638376 0.00381457 0.08467428
503.05139534 7.49972046 260.74002670 -0.00592794 0.99635662 0.00387177 0.08499030
503.85685004 7.38448078 260.89984176 -0.00593450 0.99633303 0.00404471 0.08525792
504.71767731 7.35018256 261.07123631 -0.00608229 0.99629660 0.00410356 0.08566937
505.53802964 7.32014793 261.23520268 -0.00617793 0.99627099 0.00421524 0.08595449
506.38580886 7.29040376 261.40433518 -0.00625452 0.99623969 0.00430206 0.08630670
507.18327960 7.28529338 261.58528714 -0.00644413 0.99620386 0.00444821 0.08669808
508.00217030 7.25160067 261.75031351 -0.00658226 0.99616943 0.00451761 0.08707884
508.77754088 7.46298393 261.89388822 -0.00697483 0.99614022 0.00423903 0.08739587
509.58957275 7.63515931 262.03304510 -0.00744853 0.99611906 0.00406763 0.08760584
510.41052033 7.80080150 262.20736997 -0.00796142 0.99609268 0.00388353 0.08786874
511.18281783 7.99079880 262.35905370 -0.00849713 0.99607065 0.00367946 0.08807674
511.93568174 8.17810996 262.50058689 -0.00903015 0.99605073 0.00347233 0.08825720
512.64713325 8.36166929 262.65871852 -0.00953992 0.99603786 0.00327016 0.08835656
513.34915232 8.51677725 262.78229821 -0.01002056 0.99602314 0.00304607 0.08847716
514.07727000 8.58754876 262.93863513 -0.01001923 0.99599735 0.00312490 0.08876451
514.86128447 8.53583461 263.08552016 -0.01006092 0.99598347 0.00330859 0.08890865
515.70066825 8.53327430 263.25491343 -0.01027255 0.99595795 0.00339635 0.08916674
516.43567394 8.53022942 263.38642566 -0.01039776 0.99594174 0.00354438 0.08932732
517.22280938 8.53455995 263.53162050 -0.01053684 0.99592191 0.00369603 0.08952579
517.93795209 8.57267630 263.72664380 -0.01079902 0.99590208 0.00387362 0.08970745
518.66908161 8.56828528 263.87630787 -0.01092105 0.99588202 0.00394700 0.08991189
519.46041746 8.66753825 264.05389566 -0.01111072 0.99584687 0.00400727 0.09027457
520.28902450 8.67984253 264.21291396 -0.01131320 0.99582573 0.00413742 0.09047656
521.19350660 8.72268381 264.42069804 -0.01168978 0.99579189 0.00423788 0.09079594
522.02723374 8.77762846 264.60552538 -0.01198063 0.99576542 0.00434910 0.09104268
522.88511603 8.83550898 264.80880415 -0.01226980 0.99573683 0.00449068 0.09130970
523.67956965 8.90441823 265.02381535 -0.01267367 0.99570690 0.00462407 0.09157385
524.51042633 8.93291606 265.22554800 -0.01291983 0.99567923 0.00467294 0.09183745
525.36169560 9.13805347 265.42023706 -0.01319371 0.99563602 0.00447798 0.09227558
526.26251564 9.22735393 265.60238844 -0.01358868 0.99560265 0.00438326 0.09258238
527.20748667 9.36406070 265.80887235 -0.01409343 0.99556335 0.00424201 0.09293548
528.03653052 9.49311227 265.96145030 -0.01451734 0.99552974 0.00417464 0.09323285
528.89579687 9.62798869 266.12863114 -0.01499013 0.99549861 0.00406812 0.09349473
529.69060409 9.80052427 266.32883013 -0.01551701 0.99546962 0.00400943 0.09371975
530.50304520 9.90732307 266.50915566 -0.01588408 0.99543768 0.00387769 0.09400262
531.34876782 10.08608685 266.71356472 -0.01606575 0.99539954 0.00374462 0.09438024
532.24999525 10.13039686 266.90404389 -0.01635042 0.99537571 0.00369448 0.09458436
533.20306673 10.22659996 267.09851848 -0.01675463 0.99534219 0.00358696 0.09487014
534.01755843 10.30602939 267.23619371 -0.01707811 0.99531618 0.00353128 0.09508716
534.87835845 10.40097523 267.39779354 -0.01742672 0.99528874 0.00345316 0.09531377
535.67608505 10.54136072 267.61283829 -0.01788035 0.99526279 0.00342275 0.09550158
536.48267000 10.61337804 267.79054813 -0.01818105 0.99523334 0.00329682 0.09575584
537.29646114 10.66019593 267.99429039 -0.01821109 0.99519439 0.00329076 0.09615436
538.16659777 10.57386461 268.21947285 -0.01830685 0.99516354 0.00338037 0.09645186
539.07825128 10.54541464 268.42654910 -0.01851182 0.99512497 0.00335531 0.09681084
539.92220638 10.51112307 268.59474387 -0.01864297 0.99509170 0.00336234 0.09712698
540.81811786 10.48991336 268.78647035 -0.01878468 0.99505291 0.00333900 0.09749719
541.66146345 10.50974445 269.01804391 -0.01904572 0.99501235 0.00341659 0.09785711
542.52299340 10.48429462 269.21928367 -0.01923167 0.99497104 0.00340275 0.09824046
543.36283209 10.70076419 269.41757108 -0.01972240 0.99491884 0.00315687 0.09867913
544.25130708 10.85262710 269.59558425 -0.02031901 0.99487207 0.00297865 0.09903448
545.16193514 11.02214271 269.81218211 -0.02099343 0.99482061 0.00279681 0.09941532
546.00128387 11.21041872 270.00845080 -0.02161453 0.99477348 0.00263710 0.09975761
546.84786680 11.39890285 270.20256447 -0.02225500 0.99473219 0.00247268 0.10003232
547.63290460 11.58108825 270.39524813 -0.02289650 0.99469324 0.00233091 0.10027804
548.44727273 11.71653519 270.58014036 -0.02342159 0.99465506 0.00213883 0.10053935
549.28709143 11.91745913 270.76420457 -0.02391469 0.99459947 0.00175402 0.10097971
550.15819775 12.08649043 270.94883638 -0.02450437 0.99454437 0.00143231 0.10138532
551.03893178 12.25536072 271.16394373 -0.02511106 0.99448678 0.00108724 0.10180522
551.89442442 12.44474662 271.37369601 -0.02566725 0.99443239 0.00074367 0.10220014
552.73222494 12.63685456 271.58678968 -0.02623593 0.99437856 0.00038623 0.10258077
553.53018637 12.81158198 271.79907869 -0.02678000 0.99433024 0.00006232 0.10290872
554.34112333 12.97585345 271.99342195 -0.02731006 0.99428407 -0.00025966 0.10321470
555.22938211 13.08504916 272.18156680 -0.02763656 0.99423243 -0.00042284 0.10362394
556.15549931 13.17853753 272.37972915 -0.02801001 0.99418984 -0.00048273 0.10393159
557.09858236 13.27805127 272.62364175 -0.02843693 0.99413310 -0.00057695 0.10435698
558.01241010 13.39229757 272.87479729 -0.02883716 0.99408152 -0.00068079 0.10473725
558.90453218 13.51729640 273.11385057 -0.02924026 0.99402894 -0.00081337 0.10512287
559.75929204 13.62867353 273.33880498 -0.02964054 0.99398126 -0.00089674 0.10546034
560.62537921 13.71469605 273.55047546 -0.03003536 0.99393664 -0.00097881 0.10576800
561.44952287 13.82511107 273.75167532 -0.03030500 0.99389262 -0.00110160 0.10610306
562.31993065 13.91250639 273.96486319 -0.03057508 0.99385243 -0.00116941 0.10640091
563.16120163 14.00343771 274.18364586 -0.03086303 0.99381177 -0.00126708 0.10669598
563.97602671 14.10263306 274.39126071 -0.03118379 0.99376596 -0.00135931 0.10702772
564.77895479 14.20381055 274.58655759 -0.03149299 0.99372274 -0.00145816 0.10733673
565.57035746 14.29369557 274.76936629 -0.03178382 0.99368027 -0.00153117 0.10764278
566.33861073 14.35452933 274.95393480 -0.03208064 0.99363733 -0.00160534 0.10794957
567.06757898 14.46992566 275.09552398 -0.03236631 0.99359405 -0.00191229 0.10825725
567.79341361 14.59211394 275.27204161 -0.03273802 0.99355538 -0.00221497 0.10849437
568.52871021 14.72125730 275.45782246 -0.03309593 0.99350814 -0.00248489 0.10881207
569.25125565 14.83847972 275.65421929 -0.03343861 0.99346524 -0.00276013 0.10909193
569.94037563 14.96516499 275.82874542 -0.03377352 0.99341987 -0.00305540 0.10939367
570.60831334 15.11502206 275.98717613 -0.03410531 0.99337846 -0.00335811 0.10965762
571.26961962 15.20866272 276.16606339 -0.03445975 0.99333828 -0.00364900 0.10990122
571.68928808 15.27141599 276.25047364 -0.03462689 0.99332199 -0.00363776 0.10999621
572.11935586 15.34941007 276.33990282 -0.03490385 0.99330104 -0.00371017 0.11009544
572.50574641 15.42958339 276.43091769 -0.03513117 0.99328502 -0.00369754 0.11016801
572.89702838 15.49035186 276.52275495 -0.03537342 0.99326721 -0.00370381 0.11025087
573.26289449 15.55936788 276.61188586 -0.03562202 0.99325108 -0.00368104 0.11031685
573.59579507 15.63929151 276.68943860 -0.03582758 0.99323446 -0.00374552 0.11039775
573.93658681 15.67803152 276.76053246 -0.03599146 0.99322282 -0.00379251 0.11044759
573.71676284 15.70630703 276.68567186 -0.03592173 0.99323314 -0.00384520 0.11037562
573.47443900 15.73917007 276.63446136 -0.03584319 0.99324267 -0.00383396 0.11031579
573.23046256 15.76617058 276.56088411 -0.03580407 0.99325960 -0.00384419 0.11017554
572.96408565 15.79584584 276.48606182 -0.03565803 0.99328075 -0.00389203 0.11003046
572.66973637 15.81041976 276.42853117 -0.03558961 0.99330529 -0.00394436 0.10982910
572.38775665 15.81811328 276.32507299 -0.03549517 0.99332047 -0.00395465 0.10972195
572.09387157 15.82220564 276.26776634 -0.03542234 0.99333606 -0.00391407 0.10960569
571.90061432 15.82814167 276.20880190 -0.03529615 0.99334938 -0.00395070 0.10952437
571.69410604 15.82472484 276.16925344 -0.03515398 0.99336283 -0.00392560 0.10944894
571.49389098 15.81280342 276.10975565 -0.03506042 0.99338361 -0.00393715 0.10928982
571.27935579 15.80896866 276.05836937 -0.03485752 0.99340653 -0.00396798 0.10914523
571.04333894 15.80342339 276.00470789 -0.03471906 0.99343270 -0.00400254 0.10894968
570.82459272 15.78948609 275.93779361 -0.03458333 0.99344942 -0.00400231 0.10884034
570.60332748 15.77076835 275.88801387 -0.03446041 0.99346363 -0.00395841 0.10875125
570.37012581 15.76870597 275.81944303 -0.03431915 0.99347875 -0.00399196 0.10865654
570.12889440 15.75073918 275.76814495 -0.03415224 0.99349389 -0.00395922 0.10857183
569.89726034 15.72177759 275.70179645 -0.03403380 0.99351714 -0.00397329 0.10839562
569.65242783 15.70490061 275.64482233 -0.03381151 0.99354241 -0.00399673 0.10823256
569.38548658 15.68609429 275.58436590 -0.03364621 0.99357011 -0.00402701 0.10802847
569.14188811 15.65802863 275.51551850 -0.03349537 0.99358835 -0.00402608 0.10790752
568.89850815 15.63013426 275.45551957 -0.03335480 0.99360275 -0.00398179 0.10782012
568.44665838 15.64479392 275.32334058 -0.03325295 0.99361516 -0.00402102 0.10773576
567.96783286 15.66230268 275.21954485 -0.03312466 0.99362893 -0.00399998 0.10764902
567.49129555 15.67129144 275.09768306 -0.03306799 0.99365044 -0.00401105 0.10746730
567.00457170 15.69233422 274.97650814 -0.03286674 0.99367408 -0.00406075 0.10730848
566.49719815 15.69402075 274.86533471 -0.03275911 0.99370348 -0.00411577 0.10706681
566.00061659 15.68178971 274.71862442 -0.03263684 0.99372387 -0.00410817 0.10691502
565.49358159 15.66015883 274.59388866 -0.03252273 0.99374240 -0.00404890 0.10677976
565.11629374 15.62956011 274.49146452 -0.03235400 0.99376118 -0.00406127 0.10665569
564.73372012 15.58543920 274.39843194 -0.03216268 0.99378095 -0.00400895 0.10653130
564.35911868 15.52954436 274.29782992 -0.03202062 0.99380755 -0.00400077 0.10632604
563.97991039 15.49143908 274.20637618 -0.03178529 0.99383518 -0.00400434 0.10613814
563.57813937 15.44605621 274.11416076 -0.03160093 0.99386544 -0.00401534 0.10590909
563.20203985 15.39215622 274.01272707 -0.03143451 0.99388653 -0.00399087 0.10576161
562.82621575 15.34231979 273.91398872 -0.03127406 0.99390425 -0.00392740 0.10564489
562.21573495 15.34212775 273.74281139 -0.03113489 0.99392081 -0.00395849 0.10552905
561.57194944 15.35023657 273.59541873 -0.03097119 0.99393949 -0.00393543 0.10540204
560.93277949 15.35190775 273.43440059 -0.03087373 0.99396513 -0.00393636 0.10518860
560.27994077 15.36399707 273.27567032 -0.03064757 0.99399216 -0.00397525 0.10499766
559.60536400 15.35172170 273.12823798 -0.03051448 0.99402474 -0.00402581 0.10472571
558.94333300 15.32884630 272.93560235 -0.03036628 0.99404829 -0.00400568 0.10454583
558.26067788 15.29749976 272.77022117 -0.03022320 0.99407099 -0.00393345 0.10437412
557.44741959 15.21411596 272.55639936 -0.02991472 0.99410645 -0.00389621 0.10412634
556.61548686 15.13080498 272.35206352 -0.02957081 0.99414488 -0.00380956 0.10386057
555.80231517 15.03292534 272.15600143 -0.02925709 0.99418823 -0.00375736 0.10353582
554.99726764 14.95999151 271.96301382 -0.02887495 0.99423107 -0.00369632 0.10323348
554.18230826 14.86691867 271.77052230 -0.02855191 0.99427355 -0.00366840 0.10291467
553.38705007 14.76759140 271.56638417 -0.02825808 0.99430930 -0.00359382 0.10265276
552.59418325 14.68061003 271.35395074 -0.02795088 0.99434065 -0.00350368 0.10243606
552.00373970 14.62139532 271.20649691 -0.02769084 0.99436741 -0.00347535 0.10224775
551.41207625 14.55886555 271.06053453 -0.02739714 0.99439574 -0.00339856 0.10205374
550.82978674 14.48780037 270.91655067 -0.02714804 0.99442955 -0.00336306 0.10179171
550.24259746 14.43162524 270.77639469 -0.02682628 0.99446190 -0.00333319 0.10156169
549.63524233 14.36824695 270.63870515 -0.02654276 0.99449525 -0.00331318 0.10130995
549.05702686 14.29851144 270.49157548 -0.02629136 0.99452139 -0.00326120 0.10112039
548.47667574 14.23693563 270.33951980 -0.02603951 0.99454391 -0.00318919 0.10096628
547.72563395 14.16741391 270.14371269 -0.02572132 0.99457781 -0.00313618 0.10071524
546.95362205 14.09918351 269.96222921 -0.02536949 0.99461467 -0.00304989 0.10044277
546.19629490 14.01300868 269.78070605 -0.02504964 0.99465527 -0.00298867 0.10012227
545.44862954 13.95154615 269.60547296 -0.02466072 0.99469536 -0.00291753 0.09982221
544.68581276 13.87724396 269.43009054 -0.02433092 0.99473525 -0.00287563 0.09950637
543.94347958 13.79298219 269.24098524 -0.02402918 0.99476889 -0.00279379 0.09924543
543.20114650 13.71274641 269.05418828 -0.02371442 0.99479904 -0.00270986 0.09902099
542.41947417 13.62547034 268.85685109 -0.02337380 0.99483377 -0.00266068 0.09875403
541.61617257 13.53843278 268.66920209 -0.02299756 0.99487172 -0.00256605 0.09846211
540.83262747 13.43872072 268.49111771 -0.02265729 0.99491275 -0.00250593 0.09812740
540.05974330 13.36467759 268.31701882 -0.02224729 0.99495306 -0.00243261 0.09781382
539.26932508 13.27802394 268.14209529 -0.02189706 0.99499275 -0.00239033 0.09748966
538.50123133 13.17723147 267.95398904 -0.02158036 0.99502679 -0.00230501 0.09721450
537.73569513 13.09037236 267.76256666 -0.02125030 0.99505641 -0.00221849 0.09698579
537.08030778 12.99942953 267.58864115 -0.02087034 0.99509201 -0.00214970 0.09670419
536.41289897 12.88516427 267.43185503 -0.02044760 0.99513130 -0.00204196 0.09639200
535.76583525 12.74909352 267.28942675 -0.02005209 0.99517208 -0.00197397 0.09605493
535.14205314 12.65301889 267.15100990 -0.01957921 0.99521230 -0.00186755 0.09573741
534.51191246 12.55743433 267.00030599 -0.01917785 0.99525067 -0.00180317 0.09542046
533.90622929 12.43945433 266.86613966 -0.01883300 0.99528416 -0.00170845 0.09514120
533.31597632 12.33475161 266.71952822 -0.01846199 0.99531078 -0.00162983 0.09493657
532.57688139 12.21870431 266.52845756 -0.01803717 0.99534820 -0.00155134 0.09462675
531.82042433 12.07313392 266.35379731 -0.01756308 0.99538945 -0.00142255 0.09428344
531.08681267 11.91020257 266.20169737 -0.01710994 0.99543157 -0.00133922 0.09392253
530.37848141 11.78668180 266.05143433 -0.01658312 0.99547290 -0.00121326 0.09358006
529.66924111 11.66897957 265.88222257 -0.01613747 0.99551235 -0.00113829 0.09323868
528.98288458 11.52193311 265.73209348 -0.01574855 0.99554721 -0.00102414 0.09293374
528.31524973 11.39605473 265.57443000 -0.01533308 0.99557481 -0.00093602 0.09270823
527.49276972 11.28565281 265.36879009 -0.01492508 0.99560956 -0.00085628 0.09240188
526.65528744 11.16007817 265.17569242 -0.01447494 0.99564747 -0.00074073 0.09206540
525.83843065 11.00988049 265.00325449 -0.01404199 0.99568714 -0.00065773 0.09170342
525.05162115 10.89919039 264.83082261 -0.01354301 0.99572471 -0.00054162 0.09137060
524.26105514 10.79128970 264.64317008 -0.01311778 0.99576136 -0.00046980 0.09103304
523.49521209 10.66605283 264.47642943 -0.01274453 0.99579424 -0.00036744 0.09072640
522.74920977 10.55550374 264.29605096 -0.01233829 0.99582117 -0.00028411 0.09048692
521.88352702 10.45026488 264.08314594 -0.01195504 0.99585198 -0.00019912 0.09019902
520.99733952 10.33363996 263.88434646 -0.01153567 0.99588591 -0.00007324 0.08987872
520.13100115 10.19706758 263.70963278 -0.01113519 0.99592225 0.00002473 0.08952586
519.29157440 10.10017785 263.53149383 -0.01066797 0.99595651 0.00015860 0.08920087
518.44940978 10.00210075 263.34158171 -0.01027275 0.99599096 0.00023965 0.08886186
517.62813125 9.88516957 263.16428697 -0.00991868 0.99602153 0.00035738 0.08855852
516.82300401 9.77823347 262.97250656 -0.00953450 0.99604693 0.00045973 0.08831415
516.04052918 9.68988955 262.77875129 -0.00919243 0.99607270 0.00055871 0.08805887
515.24140572 9.59076566 262.60879276 -0.00882585 0.99610180 0.00069513 0.08776576
514.46125477 9.46498221 262.46019683 -0.00847449 0.99613367 0.00080903 0.08743712
513.71477514 9.38804152 262.30597971 -0.00804812 0.99616339 0.00095822 0.08713672
512.96471486 9.31103913 262.13832777 -0.00769335 0.99619360 0.00105734 0.08682173
512.23661295 9.20812961 261.98577399 -0.00737272 0.99622054 0.00118397 0.08653830
511.52824578 9.10672318 261.82076881 -0.00702916 0.99624243 0.00129326 0.08631308
510.70138511 9.01986827 261.62469958 -0.00664678 0.99626785 0.00140221 0.08604779
509.85403647 8.92010333 261.45249926 -0.00623648 0.99629590 0.00156348 0.08575043
509.02104480 8.80125870 261.29838331 -0.00584064 0.99632726 0.00170059 0.08541072
508.21990777 8.72531002 261.14015804 -0.00536893 0.99635628 0.00186652 0.08509911
507.41409895 8.64598505 260.96710288 -0.00497298 0.99638597 0.00198250 0.08477227
506.62564120 8.54090532 260.80122364 -0.00460376 0.99641168 0.00213083 0.08448685
505.85241682 8.44527075 260.62641079 -0.00422419 0.99643277 0.00226923 0.08425399
505.05583726 8.34758513 260.43808004 -0.00381934 0.99645889 0.00236220 0.08396134
504.24099906 8.22223951 260.26854462 -0.00337210 0.99648787 0.00250639 0.08363176
503.44041301 8.07567069 260.12478418 -0.00293210 0.99651811 0.00262026 0.08328386
502.67957899 7.97798766 259.97524358 -0.00242206 0.99654641 0.00276894 0.08295612
501.92409791 7.87960608 259.80782959 -0.00198990 0.99657460 0.00286746 0.08262502
501.19150509 7.75118294 259.65947318 -0.00160870 0.99659900 0.00299711 0.08233382
500.48253702 7.64100609 259.49971076 -0.00120323 0.99661772 0.00310476 0.08210991
499.79575223 7.54513820 259.33673140 -0.00079770 0.99664229 0.00317533 0.08181340
499.09024394 7.41603423 259.19055754 -0.00034581 0.99666917 0.00329204 0.08148383
498.40509728 7.26361131 259.06937415 0.00009614 0.99669665 0.00336941 0.08114452
497.75916073 7.15656695 258.94685218 0.00061185 0.99672248 0.00348958 0.08081918
497.11508349 7.05820370 258.80523187 0.00104536 0.99674768 0.00356506 0.08050003
496.49761822 6.92900173 258.68624414 0.00141342 0.99676988 0.00366973 0.08021429
495.90429731 6.82010927 258.55816269 0.00181360 0.99678570 0.00374800 0.08000578
495.40662621 6.70672432 258.43110078 0.00220616 0.99680699 0.00379898 0.07972787
494.89171020 6.55060395 258.32432187 0.00264224 0.99682975 0.00389996 0.07942457
494.40482248 6.37259471 258.23779469 0.00308125 0.99685201 0.00395156 0.07912625
493.95643682 6.22968574 258.15577789 0.00356929 0.99687299 0.00406509 0.07883508
493.51404314 6.11103748 258.05000777 0.00398558 0.99689201 0.00412920 0.07857092
493.09621782 5.96586441 257.97446254 0.00434099 0.99690987 0.00422168 0.07832010
492.70891168 5.84012177 257.89003372 0.00471957 0.99692174 0.00427388 0.07814411
492.27885967 5.78146897 257.78315020 0.00500772 0.99693752 0.00430194 0.07792308
491.84434680 5.68766195 257.70199937 0.00532633 0.99695440 0.00437137 0.07768169
491.43316150 5.56753988 257.62152905 0.00563184 0.99697306 0.00439780 0.07741877
491.05229586 5.48598274 257.55280380 0.00600119 0.99698957 0.00446737 0.07717398
490.66547249 5.41341627 257.46471998 0.00631595 0.99700514 0.00450548 0.07694514
490.30571687 5.32724176 257.40939463 0.00657884 0.99701926 0.00456170 0.07673665
489.97170459 5.24756937 257.33129995 0.00686104 0.99702815 0.00459811 0.07659404
489.73779088 5.20077418 257.27617151 0.00710506 0.99703950 0.00460513 0.07642341
489.52586686 5.09768417 257.23073123 0.00736716 0.99705100 0.00466755 0.07624464
489.32377615 4.95411819 257.18047556 0.00761405 0.99706707 0.00466432 0.07601011
489.14669977 4.85408881 257.14795218 0.00792797 0.99708170 0.00471225 0.07578272
488.97157517 4.76649793 257.09009283 0.00821897 0.99709473 0.00472781 0.07557902
488.84008012 4.66354701 257.08358734 0.00842998 0.99710467 0.00474639 0.07542338
488.74326384 4.57935275 257.04629351 0.00865776 0.99710893 0.00476475 0.07534008
488.59064724 4.62625778 257.00184131 0.00865759 0.99710963 0.00470366 0.07533467
488.42843171 4.67962710 256.98161882 0.00865073 0.99711087 0.00469035 0.07531988
488.24384208 4.73843987 256.93549535 0.00858940 0.99711729 0.00466124 0.07524366
488.04230379 4.79789487 256.88690403 0.00863637 0.99712316 0.00460473 0.07516390
487.81915498 4.85946550 256.85527643 0.00862276 0.99713340 0.00454584 0.07503308
487.60306214 4.91243076 256.78809127 0.00864568 0.99713878 0.00452695 0.07496008
487.37405224 4.95465890 256.76452850 0.00864289 0.99714487 0.00454728 0.07487805
487.22673378 4.91838799 256.72192244 0.00884421 0.99715534 0.00457362 0.07471336
487.09587986 4.83739611 256.68672211 0.00904619 0.99716627 0.00460606 0.07454118
486.95255429 4.72118984 256.64003865 0.00926023 0.99717826 0.00460502 0.07435426
486.83878001 4.64082819 256.61223146 0.00950116 0.99719010 0.00464014 0.07416266
486.72354471 4.56824471 256.57586362 0.00973240 0.99719876 0.00465214 0.07401534
486.64316084 4.47387724 256.56576813 0.00989493 0.99720672 0.00465727 0.07388615
486.59713009 4.39998440 256.54909104 0.01006667 0.99721120 0.00465625 0.07380242
486.58218405 4.29584665 256.53575733 0.01032648 0.99721799 0.00473059 0.07367004
486.57463329 4.12546265 256.52196773 0.01058146 0.99722324 0.00478385 0.07355927
486.57421496 3.90874860 256.49567838 0.01088628 0.99723015 0.00480154 0.07341975
486.59568600 3.72539633 256.50042348 0.01120308 0.99723704 0.00489173 0.07327245
486.61822693 3.57054799 256.46468712 0.01149774 0.99724043 0.00494631 0.07317687
486.67604875 3.40254842 256.47411970 0.01172181 0.99724407 0.00495715 0.07309094
486.77569036 3.25498210 256.46415164 0.01196607 0.99724347 0.00496697 0.07305891
486.78172054 3.18214484 256.44319820 0.01215817 0.99724855 0.00501926 0.07295413
486.78551575 3.07126791 256.42520713 0.01232548 0.99725285 0.00503046 0.07286657
486.78695105 2.93255530 256.39256592 0.01254115 0.99725592 0.00502168 0.07278832
486.80569415 2.80590214 256.38210366 0.01274575 0.99725934 0.00507042 0.07270245
486.83701915 2.70748046 256.36329599 0.01294191 0.99725932 0.00509816 0.07266618
486.87564076 2.59547136 256.36853511 0.01311145 0.99726131 0.00508321 0.07260945
486.95198082 2.49855867 256.36208026 0.01326731 0.99726066 0.00506989 0.07259093
486.92821746 2.49551117 256.33736768 0.01335891 0.99726400 0.00504620 0.07252993
486.89056832 2.49426482 256.32598369 0.01343274 0.99726694 0.00506742 0.07247440
486.85058237 2.47895957 256.31065431 0.01350428 0.99727175 0.00507789 0.07239409
486.80131745 2.47080087 256.28894751 0.01361440 0.99727814 0.00507998 0.07228521
486.72438811 2.46710066 256.27707225 0.01369891 0.99728501 0.00508153 0.07217424
486.64770699 2.45945139 256.25427578 0.01378486 0.99728827 0.00505757 0.07211457
486.58906611 2.45394279 256.23110335 0.01385134 0.99729100 0.00508217 0.07206231
486.43929059 2.48300507 256.19149866 0.01393693 0.99729427 0.00502817 0.07200429
486.27878137 2.50827698 256.17133742 0.01403140 0.99729684 0.00503316 0.07195005
486.11082317 2.52953639 256.13255349 0.01408057 0.99730483 0.00501698 0.07183062
485.93000083 2.56077709 256.09564162 0.01423071 0.99731174 0.00497801 0.07170780
485.72983380 2.58524265 256.06852331 0.01431251 0.99732259 0.00493681 0.07154327
485.53883227 2.60349523 256.01673595 0.01440860 0.99732814 0.00491971 0.07144762
485.34462505 2.61699505 255.99258814 0.01448564 0.99733298 0.00494750 0.07136263
485.12320318 2.68093537 255.94119806 0.01455916 0.99733476 0.00488847 0.07132681
484.87704881 2.74481939 255.91968632 0.01465788 0.99733536 0.00490342 0.07129709
484.62842551 2.80274956 255.86428692 0.01466905 0.99734439 0.00489327 0.07116907
484.35972993 2.86816703 255.81674845 0.01484636 0.99735026 0.00483234 0.07105421
484.07487486 2.92234008 255.77813314 0.01491475 0.99736471 0.00477749 0.07084035
483.79207723 2.96288887 255.69846185 0.01501988 0.99737105 0.00477650 0.07072889
483.49782216 2.99201549 255.66264903 0.01510006 0.99737708 0.00483212 0.07062300
483.31941214 3.03349435 255.62317483 0.01518859 0.99737969 0.00477096 0.07057117
483.13366688 3.06860539 255.60145125 0.01529056 0.99738127 0.00477832 0.07052644
482.94835517 3.09777900 255.55755216 0.01533784 0.99739000 0.00475891 0.07039389
482.74648622 3.14126004 255.52068626 0.01550184 0.99739643 0.00471432 0.07026972
482.52474146 3.17214517 255.49152958 0.01559564 0.99740769 0.00466968 0.07009180
482.31587717 3.19966465 255.43783551 0.01569872 0.99741301 0.00465301 0.06999413
482.10055464 3.21927433 255.40962612 0.01577915 0.99741757 0.00468703 0.06990887
481.97598435 3.23137628 255.37636778 0.01589469 0.99742204 0.00464522 0.06982157
481.85957500 3.22561302 255.35284788 0.01600760 0.99742646 0.00464640 0.06973246
481.73613343 3.20259314 255.31736111 0.01610404 0.99743448 0.00462582 0.06959679
481.61438237 3.20246968 255.28963218 0.01626230 0.99744185 0.00460681 0.06945547
481.48215580 3.19814467 255.26572730 0.01638721 0.99744981 0.00457912 0.06931361
481.36913309 3.18659127 255.24380898 0.01648808 0.99745472 0.00455074 0.06922076
481.26930980 3.17708713 255.22543976 0.01657925 0.99745812 0.00455449 0.06914979
481.19521935 3.19889528 255.19569735 0.01663271 0.99746037 0.00450816 0.06910744
481.11559911 3.22013786 255.18349440 0.01666921 0.99746298 0.00449991 0.06906147
481.02911593 3.22971479 255.15524904 0.01668733 0.99746821 0.00447523 0.06898311
480.93531172 3.25359083 255.12404952 0.01677392 0.99747366 0.00444655 0.06888512
480.82065716 3.27993958 255.10602707 0.01682205 0.99748072 0.00441115 0.06877328
480.71271281 3.29695729 255.07477403 0.01687551 0.99748436 0.00437634 0.06870964
480.61455315 3.31258013 255.05554100 0.01690712 0.99748793 0.00437939 0.06864979
480.51767274 3.30426216 255.02676114 0.01704317 0.99749224 0.00436897 0.06855423
480.42487013 3.27491280 255.00395002 0.01716946 0.99749655 0.00438864 0.06845859
480.32253815 3.23040365 254.97117686 0.01729023 0.99750311 0.00438501 0.06833274
480.22555312 3.20453048 254.94572659 0.01745764 0.99750942 0.00439580 0.06819721
480.11569293 3.18200646 254.92440641 0.01760264 0.99751527 0.00439321 0.06807445
480.02120391 3.14785617 254.90384997 0.01771993 0.99751902 0.00437990 0.06798986
479.94632164 3.12186278 254.88752366 0.01782480 0.99752158 0.00439571 0.06792392
479.90913535 3.10454072 254.86472072 0.01795584 0.99752430 0.00438150 0.06785033
479.86995453 3.07604265 254.85494147 0.01807164 0.99752667 0.00440815 0.06778291
479.83238404 3.02599007 254.83164616 0.01819453 0.99753075 0.00440865 0.06768988
479.79054932 2.98473194 254.81734196 0.01834843 0.99753534 0.00442504 0.06757957
479.72944131 2.95230786 254.80163653 0.01848995 0.99753923 0.00442906 0.06748328
479.67659031 2.91860067 254.79201190 0.01861728 0.99754078 0.00440588 0.06742682
479.64373110 2.89303213 254.76382245 0.01871977 0.99754123 0.00442766 0.06739039
