611.88264560 113.46547740 264.61642650 0.04223794 0.99907684 0.00135305 0.00772094
612.07718186 113.38968834 264.69167302 0.04229936 0.99907340 0.00157510 0.00778594
612.27397699 113.29734637 264.66341461 0.04246064 0.99906602 0.00173877 0.00782022
612.49001931 113.22662128 264.65456316 0.04255207 0.99906137 0.00195517 0.00786579
612.69059342 113.14713139 264.67740476 0.04260632 0.99905862 0.00209694 0.00788492
612.92786344 113.07346633 264.70558543 0.04267929 0.99905477 0.00226474 0.00793132
613.15774021 113.00251211 264.72203167 0.04275869 0.99905074 0.00241420 0.00796796
613.38071210 112.96013893 264.71683688 0.04275690 0.99904994 0.00263849 0.00800664
612.94336622 113.40750763 264.70197273 0.04261214 0.99905358 0.00231862 0.00841253
612.58136509 113.85612508 264.60574201 0.04242774 0.99905828 0.00188524 0.00888186
612.24477600 114.34141518 264.54024350 0.04210999 0.99906824 0.00164826 0.00931079
611.90942001 114.81899791 264.52906885 0.04174547 0.99907968 0.00120571 0.00978017
611.54297003 115.32056787 264.47121981 0.04156770 0.99908337 0.00079654 0.01019369
611.22381481 115.75715753 264.35917663 0.04145692 0.99908428 0.00059018 0.01056256
610.87321656 116.21909681 264.19586555 0.04139892 0.99908265 0.00022752 0.01095157
611.01804012 116.11214555 264.27903823 0.04150222 0.99907865 0.00038704 0.01092067
611.13286560 115.96757672 264.25485971 0.04168534 0.99907199 0.00052211 0.01082704
611.31524529 115.81064793 264.26293531 0.04186467 0.99906504 0.00063438 0.01076980
611.49321430 115.65743017 264.24836000 0.04201737 0.99905966 0.00070752 0.01066924
611.72176764 115.51228117 264.26356001 0.04211748 0.99905590 0.00079816 0.01061994
611.97023102 115.37417410 264.26760589 0.04225853 0.99905067 0.00080983 0.01055117
612.20024314 115.28845519 264.27412668 0.04229074 0.99904963 0.00096948 0.01050667
612.38028048 115.16568546 264.37427167 0.04245362 0.99903960 0.00123023 0.01077287
612.63054604 115.07111591 264.39111849 0.04264709 0.99902828 0.00145319 0.01102775
612.86941919 114.99768398 264.39693130 0.04274917 0.99902056 0.00166061 0.01129934
613.09665458 114.98210671 264.43516735 0.04282932 0.99901383 0.00186057 0.01155697
613.35083998 114.93120012 264.50381121 0.04290578 0.99900700 0.00208018 0.01182332
613.61326784 114.91829192 264.57109689 0.04303457 0.99899799 0.00228603 0.01207530
613.86326620 114.91864108 264.58651108 0.04308290 0.99899191 0.00249427 0.01236112
614.72934355 115.03261304 264.76491998 0.04216143 0.99902314 0.00353646 0.01275450
615.50298217 115.01825227 264.85053592 0.04149761 0.99904108 0.00443409 0.01323652
616.43529218 115.03228568 264.97674859 0.04061992 0.99906631 0.00532213 0.01371869
617.30741117 115.02360983 265.13863656 0.03982524 0.99908441 0.00635700 0.01427898
618.36557634 114.92501564 265.22291171 0.03897891 0.99910481 0.00720266 0.01477654
619.40507175 114.83991138 265.39643786 0.03839950 0.99910955 0.00834091 0.01536247
620.31340615 114.66956958 265.55072200 0.03780393 0.99911978 0.00887322 0.01586775
621.38280146 114.52391094 265.76077036 0.03740473 0.99911771 0.00937400 0.01663770
622.49692986 114.35152235 265.95239703 0.03709767 0.99911052 0.00980318 0.01748780
623.66556455 114.20159383 266.14028200 0.03667512 0.99910637 0.01024324 0.01834296
624.82547399 114.06030130 266.37401364 0.03628317 0.99909817 0.01076147 0.01925021
626.01814288 113.83560671 266.53963189 0.03590010 0.99908976 0.01119488 0.02013741
627.18205233 113.65655816 266.74247606 0.03568680 0.99907344 0.01173384 0.02100079
628.28240500 113.43084629 266.90881368 0.03545278 0.99905983 0.01205602 0.02184522
629.18890551 113.43855795 267.19786981 0.03500558 0.99906731 0.01218196 0.02215216
630.14589222 113.38774962 267.45219627 0.03471957 0.99906920 0.01223737 0.02248424
631.10396982 113.37071045 267.65146442 0.03421562 0.99907800 0.01225764 0.02285171
632.12261410 113.36856136 267.95643800 0.03368825 0.99908659 0.01230496 0.02323092
633.08829365 113.25753623 268.15737843 0.03324088 0.99909270 0.01231433 0.02360475
634.04002934 113.17540347 268.44498830 0.03296507 0.99909104 0.01246206 0.02398105
634.95268555 113.09270567 268.69672669 0.03260973 0.99909408 0.01242462 0.02435659
635.28571792 113.31700182 268.76446265 0.03261084 0.99912464 0.01188226 0.02335146
635.65796195 113.45877060 268.65299969 0.03280978 0.99914983 0.01141792 0.02219842
635.95463253 113.64036669 268.60133714 0.03253095 0.99919119 0.01050855 0.02117239
636.25550825 113.83589295 268.55826974 0.03244408 0.99922561 0.00973755 0.02001832
636.70212214 114.03555814 268.53374162 0.03230182 0.99925882 0.00898399 0.01891276
637.19681334 114.16157227 268.57846456 0.03263614 0.99927319 0.00840524 0.01781362
637.61408858 114.38732970 268.53345320 0.03247566 0.99930168 0.00747876 0.01689823
638.57261774 114.26699165 268.77339299 0.03243552 0.99930780 0.00773877 0.01649154
639.58103039 114.03562425 268.99763637 0.03250778 0.99931179 0.00797293 0.01598838
640.56808493 113.90645994 269.24013668 0.03236481 0.99932110 0.00807647 0.01564045
641.66760794 113.77782329 269.47907329 0.03221098 0.99933074 0.00823069 0.01525735
642.62253366 113.57798172 269.61165250 0.03203684 0.99934126 0.00838245 0.01484655
643.60872843 113.38748693 269.90434483 0.03219601 0.99933879 0.00859914 0.01454151
644.57677159 113.23690483 270.22843928 0.03220289 0.99934341 0.00850383 0.01426200
645.52749490 113.22863418 270.47397548 0.03203402 0.99935091 0.00865759 0.01402253
646.51534066 113.11723383 270.70509478 0.03200229 0.99935496 0.00878537 0.01372357
647.50321770 113.04925352 270.87959829 0.03178120 0.99936366 0.00890166 0.01352761
648.53760076 112.99202508 271.12992909 0.03152166 0.99937423 0.00898188 0.01329896
649.46974611 112.87255854 271.27520171 0.03131056 0.99938336 0.00907246 0.01304778
650.41263916 112.74868587 271.54582627 0.03131662 0.99938438 0.00918749 0.01287357
651.32399640 112.68473428 271.85025170 0.03116296 0.99939135 0.00916597 0.01271960
652.39020675 112.79278616 272.12038281 0.03069626 0.99940541 0.00925416 0.01268572
653.46239702 112.72147471 272.36451082 0.03030874 0.99941858 0.00918236 0.01263197
654.59852403 112.76694002 272.56637271 0.02982400 0.99943276 0.00917138 0.01267175
655.73846518 112.81950912 272.80992537 0.02925717 0.99944868 0.00919483 0.01272068
656.86621428 112.75017897 272.97561154 0.02870368 0.99946499 0.00915276 0.01273064
658.00706280 112.70666643 273.28366841 0.02847463 0.99946912 0.00927810 0.01282955
659.06038349 112.70599123 273.61068125 0.02814653 0.99948018 0.00898028 0.01290367
660.22136648 112.78357107 273.80974863 0.02750677 0.99949394 0.00909202 0.01313670
661.37989288 112.79135437 273.99417996 0.02698402 0.99950471 0.00910087 0.01339270
662.53932430 112.86216911 274.17707338 0.02632428 0.99951783 0.00910499 0.01371981
663.76291645 112.95888498 274.35804646 0.02567668 0.99953009 0.00915199 0.01401963
664.98437596 112.92152518 274.51373106 0.02501447 0.99954269 0.00913850 0.01432390
666.18224714 112.90900056 274.77496616 0.02463634 0.99954606 0.00924966 0.01466880
667.28915976 112.93458499 274.98741503 0.02408176 0.99955576 0.00913854 0.01499457
668.39782754 113.02550498 275.18432471 0.02362471 0.99957005 0.00889091 0.01491784
669.52213783 113.04531580 275.33901226 0.02328350 0.99958217 0.00862294 0.01479879
670.61181320 113.12468366 275.47397126 0.02274315 0.99959768 0.00826328 0.01479663
671.76921323 113.21075354 275.60228654 0.02223084 0.99961304 0.00789287 0.01474003
672.87436560 113.17711074 275.73659901 0.02169236 0.99962821 0.00752256 0.01470685
673.97725466 113.22008089 275.98259165 0.02142240 0.99963645 0.00722787 0.01469059
675.02019356 113.26727913 276.18136624 0.02093863 0.99964921 0.00685991 0.01469612
676.15121800 113.41259577 276.33012691 0.02039657 0.99966587 0.00643264 0.01451728
677.30089103 113.55082149 276.43615972 0.02001856 0.99967876 0.00599316 0.01434280
678.37761921 113.75052655 276.49408758 0.01933946 0.99969687 0.00533962 0.01427055
679.50521560 113.97312657 276.57977809 0.01871217 0.99971373 0.00476631 0.01412785
680.66611436 114.09792460 276.64948837 0.01806849 0.99972985 0.00423022 0.01399521
681.81812133 114.28492889 276.83660894 0.01769938 0.99974035 0.00371237 0.01386276
682.87052253 114.49729201 276.94841952 0.01710195 0.99975335 0.00319020 0.01380518
684.01251363 114.61139668 277.05958838 0.01621307 0.99976105 0.00323543 0.01430042
685.12911054 114.68970914 277.13391777 0.01544855 0.99976464 0.00314793 0.01490277
686.25572563 114.80454816 277.19107536 0.01456336 0.99976884 0.00298632 0.01553249
687.38323179 114.93781225 277.28341265 0.01369941 0.99977126 0.00290135 0.01616618
688.57889043 115.00710559 277.35382020 0.01282464 0.99977281 0.00274915 0.01680153
689.77452934 115.06838196 277.47050299 0.01212513 0.99977072 0.00272962 0.01743688
690.84585395 115.13878627 277.53837915 0.01139079 0.99976885 0.00258400 0.01805062
691.88971997 115.32448225 277.63938397 0.01095723 0.99976235 0.00245201 0.01868602
692.93948290 115.47784261 277.73859916 0.01053089 0.99975377 0.00217582 0.01941037
693.94538273 115.67797060 277.79756075 0.01008686 0.99974400 0.00182147 0.02017097
694.98801472 115.86419813 277.87543341 0.00956260 0.99973348 0.00161750 0.02095032
696.04711567 115.98481644 277.96474153 0.00910788 0.99972183 0.00132291 0.02171547
697.10669423 116.12041065 278.09818072 0.00877890 0.99970847 0.00118904 0.02246110
698.05628768 116.26374509 278.16876704 0.00845673 0.99969469 0.00092776 0.02319812
699.02990138 116.32632812 278.27991539 0.00808692 0.99968907 0.00085281 0.02357195
700.06100981 116.38237874 278.40586124 0.00772160 0.99968184 0.00067479 0.02400299
701.01594484 116.45760452 278.46334954 0.00735453 0.99967335 0.00043462 0.02447264
702.02942221 116.52946579 278.55774130 0.00692538 0.99966477 0.00028984 0.02494619
703.03585286 116.56301823 278.64605068 0.00652309 0.99965603 0.00005665 0.02540216
704.00985161 116.61790066 278.79362675 0.00622662 0.99964645 -0.00005321 0.02584953
704.92396290 116.64167032 278.89210218 0.00582788 0.99963681 -0.00023034 0.02631035
705.70452238 116.61347821 279.00580024 0.00561582 0.99963589 -0.00021010 0.02639141
706.57810190 116.59876844 279.13916097 0.00545758 0.99963483 -0.00018021 0.02646469
707.36871130 116.58118004 279.25407887 0.00509302 0.99963316 -0.00027715 0.02659943
708.25152147 116.52785972 279.36352023 0.00479038 0.99963194 -0.00037519 0.02670003
709.08364657 116.44451504 279.47982283 0.00442820 0.99963140 -0.00051354 0.02678054
709.90361860 116.39885841 279.65261037 0.00431194 0.99963009 -0.00050650 0.02684846
710.70068503 116.31992259 279.76882940 0.00394211 0.99962767 -0.00062847 0.02699219
711.13814631 115.84438517 279.91794700 0.00464648 0.99961634 0.00007459 0.02730522
711.59100504 115.28462546 280.09567177 0.00521825 0.99960435 0.00070426 0.02763014
712.02119688 114.71249202 280.29259449 0.00596230 0.99958996 0.00154316 0.02796379
712.56684125 114.09535555 280.52876000 0.00666165 0.99957355 0.00231785 0.02833679
713.00349482 113.55960957 280.66035822 0.00721519 0.99955733 0.00299582 0.02870725
713.41346673 113.02953364 280.83605010 0.00777581 0.99954038 0.00379508 0.02905444
713.87189751 112.49163489 281.00349276 0.00843382 0.99952236 0.00445306 0.02939554
713.92690977 111.83101879 281.17626600 0.00926404 0.99950282 0.00542535 0.02964558
714.05104476 111.03904343 281.35220368 0.00986298 0.99948431 0.00616586 0.02993011
714.08182679 110.32390533 281.58430183 0.01090090 0.99945828 0.00716060 0.03021659
714.18804817 109.54999957 281.89763001 0.01175734 0.99942999 0.00812150 0.03058612
714.31583903 108.87535755 282.06975887 0.01257738 0.99940135 0.00900478 0.03094608
714.41518079 108.17969955 282.17272031 0.01319505 0.99937389 0.00997808 0.03127544
714.55801463 107.48220854 282.39828510 0.01417865 0.99934262 0.01078731 0.03157407
714.56195360 106.68139709 282.47624818 0.01558879 0.99931449 0.01191660 0.03139338
714.53740582 105.81288369 282.55110805 0.01678919 0.99928668 0.01299890 0.03122955
714.49750651 104.99829706 282.63609090 0.01824323 0.99924869 0.01420813 0.03110257
714.44441660 104.19379981 282.81003196 0.01950722 0.99920948 0.01541340 0.03102118
714.46702755 103.40752607 282.84745449 0.02077391 0.99916911 0.01655671 0.03090961
714.51996078 102.61350511 282.84307724 0.02193378 0.99912952 0.01767524 0.03076856
714.53724019 101.83749827 282.88363653 0.02331550 0.99908281 0.01865499 0.03069072
714.45485645 101.09448176 282.82608202 0.02426773 0.99905054 0.01963501 0.03039025
714.29495126 100.34887195 282.79985311 0.02512072 0.99901886 0.02057599 0.03011464
714.15692495 99.70128122 282.74191538 0.02604484 0.99898228 0.02154906 0.02986162
714.00094325 99.08808051 282.84252010 0.02689664 0.99894629 0.02252113 0.02959187
713.89221294 98.48374768 282.73594549 0.02765515 0.99891075 0.02346766 0.02935617
713.81981458 97.90907852 282.64957676 0.02845162 0.99887528 0.02433849 0.02909158
713.72102394 97.26737365 282.60875964 0.02927651 0.99883696 0.02515179 0.02889646
713.80557888 96.52309607 282.51481226 0.02977069 0.99881367 0.02605675 0.02839017
713.82446250 95.76167338 282.46421162 0.03026470 0.99879060 0.02691347 0.02787578
713.87948555 95.07795471 282.42631756 0.03070205 0.99876955 0.02768554 0.02739116
713.92987115 94.43134192 282.46982941 0.03121381 0.99874500 0.02851464 0.02685213
714.07583310 93.77500096 282.36551404 0.03152272 0.99872525 0.02932536 0.02634811
714.23945845 93.13289838 282.24226284 0.03191727 0.99870325 0.03006029 0.02587441
714.40427020 92.43452246 282.18322182 0.03222097 0.99868527 0.03066412 0.02548034
714.30992035 91.88930704 282.02509064 0.03274929 0.99866684 0.03112843 0.02496100
714.15299918 91.32769903 281.82921524 0.03338151 0.99864404 0.03160452 0.02443156
714.06658501 90.86739173 281.67275110 0.03397636 0.99862287 0.03199529 0.02396405
713.88673080 90.40855051 281.59396220 0.03452314 0.99860291 0.03245295 0.02339203
713.83764941 90.01754315 281.40348563 0.03488634 0.99858865 0.03288508 0.02285202
713.82177778 89.60357661 281.24371282 0.03533794 0.99857219 0.03322442 0.02238171
713.80684508 89.15052469 281.09159612 0.03568207 0.99856032 0.03347946 0.02198193
713.55923106 88.79001990 280.94777313 0.03634896 0.99854131 0.03374004 0.02134493
713.23628299 88.44175502 280.72047668 0.03718731 0.99851610 0.03395195 0.02073583
712.98833007 88.17122912 280.47460059 0.03776960 0.99850031 0.03409187 0.02020740
712.64362309 87.89543806 280.38939437 0.03831831 0.99848428 0.03435214 0.01951343
712.42996664 87.70789588 280.18161692 0.03871332 0.99847454 0.03455818 0.01885732
712.21513401 87.49887370 280.01798026 0.03934003 0.99845730 0.03467742 0.01824439
712.02376664 87.23472832 279.77144534 0.03971738 0.99844680 0.03478684 0.01778741
711.32052872 86.89702100 279.65547344 0.04048714 0.99840159 0.03523387 0.01770989
710.49152859 86.60110725 279.54141767 0.04119018 0.99836119 0.03558267 0.01766847
709.77114945 86.37827424 279.43198201 0.04174130 0.99832517 0.03594743 0.01767197
708.97648182 86.10977801 279.43339117 0.04235079 0.99828580 0.03635248 0.01761721
708.31089324 85.90845033 279.28927076 0.04287376 0.99825110 0.03673223 0.01753097
707.67309095 85.67349833 279.21438336 0.04359376 0.99820416 0.03718093 0.01748186
707.02986839 85.39450180 279.06228350 0.04423019 0.99816762 0.03740290 0.01749600
706.34247754 85.12231375 278.90544311 0.04486243 0.99814419 0.03743656 0.01714791
705.52870283 84.86960362 278.73528809 0.04551032 0.99811931 0.03747339 0.01680470
704.81456188 84.69384116 278.57221072 0.04593901 0.99810518 0.03744554 0.01653757
704.01724673 84.47876985 278.51167093 0.04647723 0.99808303 0.03753884 0.01615451
703.36821109 84.35008845 278.32508271 0.04679555 0.99807486 0.03753254 0.01574977
702.77812365 84.18860510 278.18768266 0.04734708 0.99805062 0.03762037 0.01542480
702.16419527 83.95959995 278.00215445 0.04777453 0.99803900 0.03748356 0.01519009
701.16621899 83.97737812 277.88812382 0.04846748 0.99800246 0.03769154 0.01487731
700.10274356 84.06381706 277.83092947 0.04916569 0.99796574 0.03787784 0.01457354
699.10598894 84.22618115 277.70137827 0.04954666 0.99794642 0.03798782 0.01431777
698.10281749 84.32280674 277.70801294 0.05012861 0.99791405 0.03819868 0.01398297
697.16421780 84.44636447 277.62480962 0.05055668 0.99789283 0.03831408 0.01363626
696.23954868 84.55053770 277.55753913 0.05124623 0.99785416 0.03852096 0.01330528
695.29586751 84.65335732 277.39457039 0.05174854 0.99782836 0.03859030 0.01309325
694.51001292 84.76645963 277.27846456 0.05242304 0.99778517 0.03894441 0.01264524
693.69829872 84.94431477 277.14820042 0.05322603 0.99773548 0.03925930 0.01223169
692.95456902 85.16249754 276.97413878 0.05369622 0.99770299 0.03954896 0.01188828
692.09969669 85.37065054 276.94211382 0.05423898 0.99766696 0.03984959 0.01143628
691.32214355 85.56187084 276.80313075 0.05471771 0.99763521 0.04012691 0.01094518
690.54950383 85.74541071 276.62515613 0.05557374 0.99758087 0.04042183 0.01049017
689.78279672 85.91572808 276.40975472 0.05616302 0.99754404 0.04060240 0.01015140
688.86008227 85.90034012 276.25263606 0.05692940 0.99748722 0.04095129 0.01006425
687.90221444 85.94245161 276.07753457 0.05756512 0.99743955 0.04123462 0.01001503
687.03141866 85.98140138 275.94166019 0.05799775 0.99740015 0.04158418 0.00999810
686.06523138 86.00995833 275.87626548 0.05859728 0.99735300 0.04189079 0.00992507
685.17632605 86.11036098 275.70975845 0.05914812 0.99730947 0.04218128 0.00980100
684.32335618 86.15116668 275.56552347 0.05993067 0.99724476 0.04262376 0.00971665
683.48816681 86.16541698 275.32075183 0.06064496 0.99719549 0.04277737 0.00966592
682.68220379 86.49555614 275.17493866 0.06107330 0.99717562 0.04261478 0.00973720
681.84882931 86.83329385 275.07590647 0.06145593 0.99715562 0.04249827 0.00988622
681.05537461 87.21254855 274.92497650 0.06140649 0.99717363 0.04211072 0.01003434
680.24506703 87.50359058 274.88063211 0.06165907 0.99716952 0.04180629 0.01016560
679.52504383 87.79798100 274.75696858 0.06193680 0.99716104 0.04156963 0.01027865
678.76273245 88.10688237 274.69402222 0.06248599 0.99713057 0.04147942 0.01027532
678.02042108 88.46586879 274.53019763 0.06290568 0.99711546 0.04116413 0.01044720
676.76656553 88.90219912 274.39499835 0.06360702 0.99709075 0.04076540 0.01011757
675.55561414 89.44005583 274.22338639 0.06418154 0.99707092 0.04040471 0.00988814
674.43316320 89.98667149 273.95890485 0.06430131 0.99708802 0.03984409 0.00965797
673.17888477 90.38712808 273.83157998 0.06474142 0.99708428 0.03928011 0.00941019
672.03477143 90.86017048 273.64315672 0.06521040 0.99707516 0.03880708 0.00909558
670.89116472 91.29801423 273.48621842 0.06603815 0.99703345 0.03856590 0.00871439
669.78374406 91.74049250 273.20995096 0.06673564 0.99700952 0.03802380 0.00851850
668.67077894 91.98235214 272.97730899 0.06660157 0.99705260 0.03727678 0.00779639
667.55104340 92.24710443 272.70459667 0.06650379 0.99709028 0.03657825 0.00708885
666.46791114 92.60203598 272.38225174 0.06604704 0.99715818 0.03567210 0.00639117
665.36438302 92.84087262 272.15844217 0.06580926 0.99720765 0.03484693 0.00563303
664.33203934 93.22732066 271.90841434 0.06547368 0.99726346 0.03398615 0.00487176
663.38098872 93.52844775 271.68598897 0.06541350 0.99729514 0.03326257 0.00413329
662.40073945 93.83917071 271.39148785 0.06513259 0.99734421 0.03240183 0.00351989
661.56744706 94.82942669 271.33567486 0.06238192 0.99756881 0.03084876 0.00364832
660.71978928 95.88779718 271.28774051 0.05965773 0.99778354 0.02920808 0.00398245
659.83687265 97.02692128 271.10841289 0.05659870 0.99800728 0.02758066 0.00416778
659.03082408 97.91991798 271.10604876 0.05367965 0.99822365 0.02544414 0.00454251
658.31120263 98.92068272 271.05214763 0.05093999 0.99841484 0.02345011 0.00479800
657.52846883 99.95709709 270.95784981 0.04839428 0.99857329 0.02201765 0.00495933
656.60419905 100.75318617 270.82832555 0.04607244 0.99872004 0.02022760 0.00514416
656.64094800 101.35307406 270.79885472 0.04026635 0.99897027 0.02009567 0.00576066
656.61282872 101.97143571 270.73304435 0.03490027 0.99917973 0.01939748 0.00675118
656.49875582 102.64521824 270.64487027 0.02948743 0.99935628 0.01902053 0.00746587
656.37405077 103.03951711 270.74370251 0.02415205 0.99951052 0.01808194 0.00827292
656.48136291 103.51498806 270.89293882 0.01840234 0.99964360 0.01700622 0.00920989
656.50623668 104.08493846 270.94437813 0.01305006 0.99972445 0.01668228 0.01012019
656.34329183 104.38614110 270.91098815 0.00808973 0.99978024 0.01604441 0.01079791
656.00969292 104.69817918 270.89893933 0.00692438 0.99979947 0.01543484 0.01071626
655.71456035 104.99116674 270.82462179 0.00587980 0.99981527 0.01488037 0.01064997
655.40396098 105.33370279 270.75745243 0.00430010 0.99983489 0.01412436 0.01059258
655.12409477 105.68758329 270.76631442 0.00302057 0.99985247 0.01320891 0.01055659
654.88074873 106.01938394 270.69370820 0.00177011 0.99986795 0.01232232 0.01044528
654.64205891 106.31809469 270.66236777 0.00078874 0.99987766 0.01176248 0.01028021
654.33863315 106.64588221 270.55421075 -0.00038158 0.99988858 0.01086771 0.01022584
653.85532650 107.27506728 270.35821817 -0.00168556 0.99988928 0.00996532 0.01092129
653.32586939 107.90413250 270.15046203 -0.00297449 0.99988554 0.00906743 0.01174038
652.87549053 108.57925296 269.98948482 -0.00462101 0.99987735 0.00823464 0.01249459
652.45022107 109.17096564 269.89387809 -0.00615018 0.99986695 0.00697771 0.01340002
652.03739044 109.77172707 269.68489547 -0.00741573 0.99985555 0.00579659 0.01415258
651.59789211 110.32865547 269.48092209 -0.00854472 0.99984060 0.00508170 0.01483005
651.08247999 110.83559663 269.23258900 -0.00955732 0.99982626 0.00395354 0.01550712
650.74366064 111.51951439 269.14577968 -0.01096097 0.99980863 0.00333416 0.01585673
650.36979098 112.19579776 268.96200237 -0.01220539 0.99978863 0.00264087 0.01633240
650.05150636 112.92519158 268.80370483 -0.01376147 0.99976324 0.00208290 0.01672584
649.72007211 113.54565102 268.70718621 -0.01524079 0.99973446 0.00113504 0.01724646
649.42232401 114.19404322 268.54900254 -0.01654524 0.99970719 0.00018131 0.01765668
649.10302120 114.81708962 268.35731236 -0.01767206 0.99968134 -0.00034198 0.01802217
648.69598069 115.36632444 268.15113132 -0.01870129 0.99965546 -0.00123619 0.01837641
648.25561212 115.85097056 268.05405806 -0.01935343 0.99963446 -0.00223796 0.01874529
647.85151846 116.33007699 267.90401464 -0.02007887 0.99960876 -0.00317506 0.01921146
647.52384221 116.88472946 267.78806947 -0.02134160 0.99956952 -0.00426521 0.01967524
647.20543653 117.29922126 267.69499789 -0.02237991 0.99952950 -0.00567431 0.02019198
646.88947989 117.69235600 267.57193926 -0.02318111 0.99949480 -0.00695530 0.02060100
646.60702937 118.04802043 267.47750779 -0.02362637 0.99947237 -0.00777926 0.02088697
646.21480684 118.48366266 267.25363436 -0.02422381 0.99943919 -0.00898092 0.02130406
645.79865531 118.58316276 267.32604458 -0.02350214 0.99945362 -0.00919249 0.02134488
645.38030881 118.70283584 267.21319078 -0.02278663 0.99946701 -0.00942325 0.02139295
645.04471966 118.85071383 267.15783997 -0.02244051 0.99946916 -0.00983873 0.02147146
644.62611024 119.00087022 267.13113258 -0.02197312 0.99947617 -0.01018365 0.02146768
644.33017325 119.10589582 267.08073274 -0.02154506 0.99948258 -0.01041846 0.02149051
644.01400898 119.24985629 267.06889350 -0.02078195 0.99949904 -0.01054084 0.02141679
643.63833061 119.45506347 266.95408888 -0.02019221 0.99950644 -0.01079134 0.02151063
643.38815834 119.49889594 267.05170294 -0.01827296 0.99954264 -0.01112393 0.02137465
643.12084512 119.52533442 266.98184666 -0.01654584 0.99957097 -0.01157112 0.02121851
642.89992041 119.55706406 266.93092541 -0.01469592 0.99959722 -0.01195901 0.02112860
642.54678127 119.63444652 266.93113310 -0.01294479 0.99962171 -0.01218797 0.02098383
642.33439590 119.74884429 266.92500034 -0.01128967 0.99964149 -0.01239712 0.02087430
642.08599204 119.88561574 266.89562801 -0.00954103 0.99966020 -0.01259266 0.02073351
641.78257786 120.08241962 266.79688902 -0.00761776 0.99967500 -0.01285296 0.02065602
641.36458433 120.14627465 266.78120385 -0.00694262 0.99966787 -0.01315084 0.02104785
640.94181036 120.26558509 266.62471473 -0.00643463 0.99965715 -0.01347305 0.02150947
640.62515817 120.44115514 266.48291340 -0.00631760 0.99964104 -0.01396994 0.02197082
640.22142913 120.60178075 266.38957488 -0.00603621 0.99962674 -0.01443691 0.02239478
639.99303031 120.78023896 266.30609330 -0.00571522 0.99961382 -0.01479844 0.02281555
639.74835640 120.99500483 266.29942282 -0.00513060 0.99960801 -0.01494302 0.02311287
639.43232183 121.24132755 266.11595468 -0.00463451 0.99959479 -0.01528156 0.02356389
639.76141983 121.23651734 266.12324635 -0.00476822 0.99958803 -0.01557570 0.02363119
640.14235532 121.15114118 266.07491992 -0.00493339 0.99958300 -0.01581651 0.02365020
640.48765667 121.13624654 266.06045896 -0.00528845 0.99957481 -0.01612305 0.02371251
640.88806177 121.04917947 266.02496165 -0.00551851 0.99956628 -0.01651090 0.02375261
641.29186525 120.95337160 266.01842297 -0.00585063 0.99955602 -0.01693411 0.02380710
641.72783442 120.88626311 266.02555031 -0.00597497 0.99955040 -0.01721024 0.02381397
642.14000260 120.81156293 265.98189896 -0.00628399 0.99954083 -0.01756665 0.02387591
641.89966601 120.93674793 266.00307584 -0.00626210 0.99953814 -0.01758264 0.02398219
641.67318862 121.07789652 265.93816882 -0.00619210 0.99953278 -0.01774419 0.02410440
641.46186548 121.25126318 265.89596352 -0.00616669 0.99953058 -0.01774625 0.02420056
641.21433852 121.46488879 265.91947486 -0.00623548 0.99952621 -0.01785952 0.02428006
640.92558843 121.66977559 265.89738378 -0.00624285 0.99952362 -0.01789637 0.02435747
640.68299296 121.87128337 265.85216536 -0.00623852 0.99952102 -0.01796164 0.02441682
640.43069387 122.07722638 265.77927696 -0.00619822 0.99951959 -0.01795094 0.02449365
640.47644514 122.10844470 265.83659092 -0.00618597 0.99951671 -0.01789658 0.02465342
640.54571009 122.14267001 265.83745694 -0.00617491 0.99951059 -0.01799952 0.02482897
640.63267163 122.18198648 265.85749980 -0.00613604 0.99950694 -0.01799149 0.02499068
640.70494110 122.24047628 265.89071738 -0.00619633 0.99950108 -0.01807431 0.02514969
640.76727729 122.28805490 265.91738069 -0.00617589 0.99949668 -0.01809618 0.02531350
640.86003729 122.32838017 265.93852463 -0.00618503 0.99949231 -0.01813901 0.02545270
640.93125002 122.40211656 265.91628614 -0.00620118 0.99948939 -0.01809732 0.02559291
640.92414741 122.48400479 265.95546565 -0.00618460 0.99948539 -0.01795840 0.02584955
640.93411473 122.57001992 265.94227409 -0.00613011 0.99947791 -0.01796913 0.02614258
640.94529175 122.68059717 265.93981196 -0.00609077 0.99947327 -0.01785128 0.02640874
640.95130278 122.80282362 265.97598450 -0.00615699 0.99946627 -0.01781886 0.02667861
640.92327259 122.90289884 265.99063780 -0.00612556 0.99946044 -0.01776294 0.02694048
640.93394820 122.99842387 265.99293020 -0.00610005 0.99945602 -0.01767074 0.02716986
640.91472259 123.11673178 265.94821842 -0.00606497 0.99945168 -0.01755795 0.02740922
640.79822766 123.08024778 265.93291475 -0.00600812 0.99944801 -0.01757825 0.02754233
640.68470804 123.00842649 265.88017656 -0.00598498 0.99944210 -0.01773120 0.02766352
640.60848154 122.96823834 265.88388084 -0.00595030 0.99943952 -0.01772867 0.02776556
640.51678782 122.91890305 265.86438268 -0.00594210 0.99943516 -0.01784524 0.02784961
640.46220767 122.87952571 265.84202885 -0.00588989 0.99943015 -0.01795273 0.02797121
640.40370267 122.85191622 265.85209437 -0.00582162 0.99942741 -0.01800415 0.02805024
640.33082696 122.81084957 265.79735383 -0.00580930 0.99942455 -0.01803101 0.02813723
640.13435677 122.71295418 265.85920356 -0.00538094 0.99942851 -0.01779058 0.02823472
639.90021793 122.61609875 265.80029531 -0.00490570 0.99943051 -0.01765363 0.02833618
639.74466838 122.57839043 265.78737209 -0.00452757 0.99943365 -0.01744584 0.02841693
639.51653689 122.56726636 265.83857847 -0.00421167 0.99943734 -0.01725631 0.02845138
639.34968346 122.53097796 265.85922445 -0.00389543 0.99944093 -0.01700803 0.02851986
639.17228728 122.53296733 265.88297858 -0.00353539 0.99944568 -0.01677074 0.02854076
638.97247890 122.51799883 265.83268064 -0.00316968 0.99944914 -0.01650068 0.02861973
638.99728447 122.54391013 265.86711630 -0.00309895 0.99944427 -0.01646140 0.02881948
639.02160099 122.57806973 265.82928011 -0.00302592 0.99943719 -0.01656022 0.02901547
639.08445653 122.62594782 265.82322982 -0.00292034 0.99943210 -0.01652898 0.02921902
639.12730584 122.69247421 265.83227972 -0.00290965 0.99942539 -0.01659873 0.02940924
639.15619773 122.75557616 265.83555993 -0.00283518 0.99941908 -0.01662441 0.02961579
639.21017258 122.80723362 265.82760586 -0.00280284 0.99941272 -0.01668962 0.02979624
639.24479318 122.89016770 265.77782992 -0.00276835 0.99940837 -0.01664573 0.02996946
639.26699103 122.88851389 265.87209359 -0.00272870 0.99939970 -0.01666554 0.03024979
639.31777171 122.89839224 265.88582987 -0.00268889 0.99938770 -0.01682055 0.03056256
639.37190250 122.93403417 265.88599595 -0.00273188 0.99937787 -0.01686069 0.03085646
639.39820920 123.00109813 265.94925673 -0.00280578 0.99936598 -0.01702572 0.03114322
639.43010325 123.05477492 265.98350599 -0.00283843 0.99935467 -0.01715088 0.03143305
639.46307589 123.12408057 266.02157979 -0.00288333 0.99934582 -0.01720047 0.03168235
639.47303821 123.19353072 265.99767678 -0.00290697 0.99933651 -0.01726397 0.03193803
639.52629065 123.23892503 266.03623422 -0.00284667 0.99933016 -0.01728430 0.03213054
639.58766467 123.29164888 266.00339529 -0.00280778 0.99932110 -0.01745785 0.03232148
639.68220913 123.35665909 265.99915832 -0.00271674 0.99931458 -0.01748532 0.03251547
639.75281601 123.43148806 266.01682661 -0.00271814 0.99930639 -0.01760513 0.03270178
639.80997383 123.50245996 266.02098549 -0.00266600 0.99929850 -0.01768863 0.03290165
639.88939224 123.56034735 266.01563477 -0.00264592 0.99929086 -0.01780355 0.03307288
639.94147181 123.65966871 265.96924077 -0.00261022 0.99928501 -0.01781937 0.03324334
639.91174094 123.61930331 266.00339048 -0.00253814 0.99927782 -0.01774396 0.03350446
639.87651263 123.57484646 265.97842513 -0.00248438 0.99926785 -0.01779612 0.03377700
639.89233898 123.55786646 265.98444564 -0.00244015 0.99926072 -0.01771642 0.03403219
639.89092200 123.53604664 266.00639177 -0.00245826 0.99925148 -0.01775193 0.03428268
639.90773270 123.51542539 266.00025074 -0.00241505 0.99924221 -0.01776386 0.03454887
639.92086352 123.49501031 266.01654900 -0.00239955 0.99923467 -0.01773068 0.03478423
639.90892068 123.48276027 265.97162431 -0.00236739 0.99922794 -0.01766206 0.03501386
639.88694928 123.42304939 266.04066018 -0.00231070 0.99921945 -0.01754383 0.03531818
639.87499320 123.37280134 266.04267380 -0.00226568 0.99920761 -0.01755624 0.03564838
639.90249826 123.32350250 266.05931389 -0.00222840 0.99919863 -0.01743750 0.03595931
639.90610399 123.29916206 266.12224884 -0.00225112 0.99918770 -0.01743357 0.03626218
639.93958110 123.26451098 266.15528065 -0.00224457 0.99917654 -0.01741963 0.03657538
639.96020893 123.23228335 266.18452730 -0.00226430 0.99916683 -0.01736487 0.03686425
639.96411177 123.22085553 266.16187414 -0.00226053 0.99915833 -0.01726848 0.03713921
640.06544712 123.17808576 266.20160128 -0.00229904 0.99915550 -0.01712325 0.03727988
640.17109828 123.11364548 266.16366090 -0.00228762 0.99915113 -0.01707406 0.03742015
640.31927506 123.06902211 266.16351479 -0.00230221 0.99914840 -0.01693629 0.03755455
640.43141810 123.03600777 266.18474273 -0.00235750 0.99914468 -0.01689366 0.03766900
640.57788816 123.00730092 266.20193782 -0.00238623 0.99914077 -0.01681432 0.03780611
640.72986893 122.97303640 266.21554792 -0.00241303 0.99913720 -0.01675444 0.03792532
640.85494400 122.96782299 266.17656874 -0.00248032 0.99913490 -0.01661194 0.03804391
640.83752875 123.12164937 266.16741434 -0.00241725 0.99912924 -0.01670869 0.03815417
640.85806272 123.29641825 266.12240902 -0.00236633 0.99912133 -0.01696404 0.03825168
640.88428292 123.50216434 266.09175975 -0.00231434 0.99911574 -0.01706111 0.03835752
640.90624266 123.72933796 266.07720494 -0.00235230 0.99910846 -0.01727272 0.03845004
640.85805428 123.96672813 266.05069757 -0.00228743 0.99910262 -0.01740547 0.03854573
640.87417578 124.15867944 265.99683312 -0.00225686 0.99909656 -0.01758651 0.03862244
640.88076257 124.39101882 265.90833086 -0.00224680 0.99909204 -0.01766482 0.03870397
640.84535862 124.70259751 265.89978444 -0.00241291 0.99908713 -0.01808390 0.03862716
640.86328403 124.99861804 265.77851498 -0.00247785 0.99908035 -0.01861081 0.03854801
640.84881635 125.35388851 265.69458339 -0.00269042 0.99907288 -0.01910377 0.03848620
640.84981777 125.70583600 265.61413135 -0.00296277 0.99906288 -0.01975915 0.03839467
640.78334448 126.05926938 265.57765784 -0.00312477 0.99905671 -0.02024763 0.03828780
640.78074042 126.38298362 265.49349278 -0.00321521 0.99905103 -0.02074526 0.03816191
640.76210771 126.75412871 265.34911147 -0.00336216 0.99904392 -0.02120814 0.03808093
640.76803295 127.01141475 265.34110317 -0.00353965 0.99902177 -0.02177657 0.03832437
640.82803039 127.24697538 265.25939613 -0.00378347 0.99899465 -0.02244758 0.03861976
640.88332431 127.54720500 265.19291363 -0.00411606 0.99896797 -0.02307482 0.03890496
640.82776606 127.66756993 265.18723502 -0.00422592 0.99894903 -0.02348571 0.03913321
640.76906729 127.78727756 265.17590651 -0.00429286 0.99893016 -0.02392032 0.03934374
640.73961794 127.92895505 265.13733426 -0.00431757 0.99891660 -0.02418843 0.03952090
640.64311007 128.07365743 265.06276105 -0.00432388 0.99890125 -0.02452961 0.03969754
640.44333377 128.12753661 265.08127550 -0.00420547 0.99889428 -0.02457224 0.03985893
640.21465509 128.19094137 265.07733211 -0.00419119 0.99888596 -0.02469437 0.03999333
640.01713658 128.22548237 265.05915007 -0.00411808 0.99888337 -0.02465376 0.04009058
