586.55987890 24.92625670 264.90017180 -0.05836648 0.99798667 0.02151457 0.01237298
586.48141823 24.89352446 264.88612050 -0.05832683 0.99798932 0.02151300 0.01234901
586.40679276 24.84537845 264.87144931 -0.05829416 0.99799114 0.02152972 0.01232690
586.32563406 24.79483669 264.85531810 -0.05826688 0.99799309 0.02153460 0.01228904
586.23264239 24.74986805 264.84359484 -0.05822500 0.99799597 0.02153931 0.01224583
586.11917728 24.71264407 264.84000662 -0.05818627 0.99799863 0.02154313 0.01220584
586.02081686 24.66844630 264.82298621 -0.05814925 0.99800109 0.02154238 0.01218238
585.93574094 24.63122255 264.81678544 -0.05812065 0.99800265 0.02155778 0.01216436
585.82566819 24.58997933 264.80218718 -0.05807013 0.99800609 0.02155161 0.01213391
585.71977425 24.52777382 264.78660683 -0.05801737 0.99800913 0.02156821 0.01210695
585.61224962 24.46379736 264.76858593 -0.05797176 0.99801233 0.02156970 0.01205864
585.48992625 24.40627566 264.75852163 -0.05790972 0.99801656 0.02156986 0.01200636
585.34419730 24.34914863 264.75405023 -0.05785157 0.99802059 0.02156761 0.01195532
585.22094252 24.28845126 264.73481642 -0.05780038 0.99802395 0.02156528 0.01192661
585.10938947 24.24215408 264.72886595 -0.05775654 0.99802643 0.02157952 0.01190569
585.00608965 24.23794619 264.70507423 -0.05773945 0.99802792 0.02157025 0.01188103
584.90577154 24.23092202 264.69272076 -0.05773307 0.99802865 0.02156871 0.01185341
584.79300198 24.22045238 264.67754907 -0.05773498 0.99802894 0.02156920 0.01181825
584.67357513 24.21560811 264.65641872 -0.05772082 0.99803049 0.02155636 0.01177981
584.54165432 24.21177448 264.65365984 -0.05771180 0.99803164 0.02154982 0.01173854
584.41979568 24.20047238 264.63273680 -0.05769966 0.99803293 0.02153748 0.01171170
584.31428857 24.18827376 264.62615716 -0.05769130 0.99803369 0.02153870 0.01168564
584.60938648 23.93966494 264.62763219 -0.05747280 0.99804479 0.02163717 0.01163222
584.92747809 23.66680577 264.63621229 -0.05724415 0.99805592 0.02174305 0.01160696
585.21386058 23.38574033 264.63071528 -0.05698710 0.99806935 0.02182356 0.01156621
585.53748276 23.08219912 264.61612210 -0.05673711 0.99808151 0.02193503 0.01153475
585.85737995 22.84233114 264.61639196 -0.05649966 0.99809321 0.02202177 0.01152281
586.21181733 22.57896883 264.63268644 -0.05626910 0.99810468 0.02210023 0.01150762
586.58589408 22.34918498 264.65871044 -0.05605752 0.99811454 0.02218281 0.01152579
587.48491423 22.50930958 264.69907315 -0.05612776 0.99810934 0.02215498 0.01168659
588.41955343 22.66262120 264.74357365 -0.05622585 0.99810183 0.02216671 0.01183365
589.33768220 22.78100950 264.83212708 -0.05629841 0.99809615 0.02216547 0.01196908
590.20758031 22.91658202 264.89839248 -0.05638123 0.99808929 0.02217927 0.01212442
591.05793882 23.05090146 264.96829503 -0.05648798 0.99808169 0.02217278 0.01226452
591.87364303 23.16815725 265.04712621 -0.05655291 0.99807662 0.02217400 0.01237544
592.68516232 23.27451326 265.10299883 -0.05663780 0.99807006 0.02219595 0.01247612
593.49097668 23.57469418 265.19228144 -0.05682843 0.99806043 0.02203615 0.01266131
594.38686136 23.73270052 265.28085757 -0.05711590 0.99804526 0.02187327 0.01284519
595.24975272 24.00404347 265.31371210 -0.05741600 0.99802950 0.02169384 0.01303422
596.08648771 24.24812445 265.31878494 -0.05765440 0.99801724 0.02153558 0.01318247
596.95421457 24.50821760 265.36241111 -0.05790872 0.99800405 0.02136435 0.01334430
597.77921049 24.82451273 265.44018047 -0.05820190 0.99798704 0.02124367 0.01353194
598.62696029 25.08458752 265.47745360 -0.05843929 0.99797472 0.02105992 0.01370341
599.59099586 25.43969937 265.52586319 -0.05865986 0.99796032 0.02100961 0.01388580
600.59007520 25.79442192 265.56282493 -0.05892253 0.99794336 0.02098139 0.01403428
601.57563091 26.11094680 265.65472999 -0.05917578 0.99792638 0.02097628 0.01418345
602.49658153 26.47047829 265.75242229 -0.05942747 0.99790909 0.02098354 0.01433584
603.38467931 26.79591532 265.82820330 -0.05969872 0.99789118 0.02098629 0.01445084
604.25894764 27.09157822 265.89799290 -0.05992695 0.99787663 0.02096882 0.01453611
605.13112634 27.35598057 265.94716548 -0.06013033 0.99786343 0.02094727 0.01463306
605.97635856 27.77348876 266.00410922 -0.06039642 0.99784604 0.02089066 0.01480304
606.86930970 28.16844932 266.05434762 -0.06069654 0.99782703 0.02083370 0.01493663
607.73731304 28.55608036 266.12862849 -0.06100145 0.99780708 0.02081791 0.01504913
608.51213612 28.96215166 266.19827146 -0.06130686 0.99778663 0.02081094 0.01517305
609.26534732 29.33589654 266.23633518 -0.06160810 0.99776719 0.02080176 0.01524377
610.00510747 29.71008666 266.26636286 -0.06189613 0.99774908 0.02077156 0.01530295
610.71656284 29.99309306 266.30538214 -0.06212063 0.99773504 0.02071973 0.01537910
611.62033198 30.24722913 266.39510505 -0.06226963 0.99772374 0.02065648 0.01559282
612.58790062 30.38370769 266.48140387 -0.06246467 0.99770935 0.02062066 0.01577965
613.59017118 30.58113500 266.56592975 -0.06269224 0.99769305 0.02056767 0.01597613
614.55315017 30.76661631 266.63073397 -0.06287819 0.99767935 0.02052244 0.01615796
615.55314487 30.97885152 266.71744817 -0.06306708 0.99766555 0.02046912 0.01634064
616.50065877 31.20140852 266.83129775 -0.06329526 0.99764826 0.02044588 0.01654138
617.49531368 31.37978067 266.92032221 -0.06346993 0.99763518 0.02038762 0.01673223
618.47642726 31.66216273 267.00506855 -0.06359150 0.99762464 0.02034236 0.01695221
619.51458973 31.86791914 267.07873192 -0.06376682 0.99761025 0.02033511 0.01714826
620.57367609 32.10346053 267.18479243 -0.06395294 0.99759530 0.02031568 0.01734670
621.57088339 32.35481425 267.27342612 -0.06411893 0.99758110 0.02032276 0.01754153
622.58173554 32.59282950 267.35782401 -0.06429866 0.99756673 0.02031273 0.01771140
623.54668384 32.84546471 267.46148465 -0.06449336 0.99755122 0.02031478 0.01787396
624.56021663 33.04358563 267.55318990 -0.06463594 0.99753917 0.02030185 0.01804559
625.56841044 33.40857445 267.65800323 -0.06484293 0.99752349 0.02021022 0.01827085
626.64565743 33.72016875 267.73817520 -0.06509931 0.99750443 0.02014886 0.01846653
627.73260713 34.04789872 267.85340735 -0.06536946 0.99748427 0.02009080 0.01866358
628.74291335 34.38446089 267.94147726 -0.06561956 0.99746506 0.02004790 0.01885734
629.76254882 34.71061268 268.02932028 -0.06588027 0.99744582 0.02000006 0.01901620
630.74855255 35.03290424 268.11539397 -0.06613723 0.99742687 0.01995186 0.01916839
631.76150896 35.30455346 268.20788159 -0.06635062 0.99741079 0.01989011 0.01933130
632.58817751 35.76637752 268.26901320 -0.06665815 0.99738928 0.01977978 0.01949543
633.47360503 36.19686480 268.33153627 -0.06699815 0.99736610 0.01967623 0.01962009
634.33321305 36.63116863 268.41594081 -0.06735379 0.99734132 0.01960468 0.01973355
635.10533159 37.06768715 268.49097919 -0.06771273 0.99731606 0.01953113 0.01985434
635.85000332 37.48648231 268.52790233 -0.06806087 0.99729243 0.01947008 0.01991068
636.58730556 37.89697345 268.55712591 -0.06839699 0.99726988 0.01939164 0.01996506
637.29834162 38.22805887 268.59132939 -0.06867075 0.99725147 0.01929255 0.02004052
638.18032066 38.58421279 268.66240645 -0.06888778 0.99723514 0.01920737 0.02018968
639.12543103 38.92020855 268.71926283 -0.06914323 0.99721716 0.01913108 0.02027701
640.08173261 39.26285126 268.80864233 -0.06942346 0.99719609 0.01908179 0.02040165
640.96479129 39.60162044 268.88949909 -0.06968327 0.99717665 0.01903375 0.02051060
641.82885776 39.94807253 268.95932430 -0.06994099 0.99715774 0.01898717 0.02059579
642.65207619 40.28776836 269.03032185 -0.07020797 0.99713864 0.01892106 0.02067265
643.50776954 40.55706029 269.10266748 -0.07041870 0.99712334 0.01884026 0.02076747
644.34923883 40.92767177 269.16890848 -0.07068004 0.99710388 0.01874866 0.02089673
645.25497111 41.28974590 269.22680591 -0.07096271 0.99708350 0.01865246 0.02099722
646.12874375 41.66248068 269.31289296 -0.07126240 0.99706150 0.01858090 0.02109005
646.96301796 42.01981227 269.39335437 -0.07156344 0.99703929 0.01850771 0.02118480
647.76798085 42.39020438 269.45012934 -0.07184674 0.99701867 0.01844582 0.02125000
648.54143528 42.73038584 269.49778636 -0.07212468 0.99699860 0.01836725 0.02131815
649.31595628 43.02258732 269.55019791 -0.07236219 0.99698142 0.01827162 0.02139865
650.16230928 43.31500308 269.62010831 -0.07254506 0.99696668 0.01814290 0.02157496
651.05903902 43.57450415 269.67455488 -0.07276999 0.99694866 0.01803242 0.02174221
651.95448202 43.85178002 269.75878451 -0.07299368 0.99693036 0.01792019 0.02192347
652.82113792 44.12201430 269.83376509 -0.07319799 0.99691358 0.01781692 0.02208923
653.68022505 44.40282924 269.90505842 -0.07340706 0.99689651 0.01770558 0.02225474
654.49039840 44.67869556 269.98937614 -0.07361356 0.99687968 0.01759737 0.02241175
655.33157105 44.92041825 270.06795629 -0.07381260 0.99686339 0.01748994 0.02256501
656.17017387 45.22969510 270.14151143 -0.07398958 0.99684831 0.01743894 0.02269068
657.05778225 45.52698374 270.20108980 -0.07417693 0.99683362 0.01738902 0.02276261
657.93927057 45.81860734 270.29295260 -0.07438666 0.99681621 0.01736383 0.02285985
658.76573069 46.12667987 270.36496092 -0.07459414 0.99679907 0.01733447 0.02295319
659.57545834 46.42966914 270.43606235 -0.07479391 0.99678278 0.01731795 0.02302285
660.36100980 46.71079913 270.50440776 -0.07499985 0.99676627 0.01728610 0.02309136
661.14672595 46.93668265 270.56075895 -0.07516699 0.99675248 0.01723920 0.02317813
660.90173124 46.87233106 270.51644845 -0.07510938 0.99675765 0.01725602 0.02313020
660.64442944 46.78864597 270.49326301 -0.07506347 0.99676160 0.01729418 0.02308045
660.38544386 46.69978745 270.46419655 -0.07501800 0.99676607 0.01732883 0.02300901
660.11649504 46.61229710 270.44376865 -0.07495770 0.99677185 0.01734869 0.02293995
659.82191808 46.51895575 270.43233435 -0.07491018 0.99677694 0.01736633 0.02286039
659.52865112 46.41395651 270.38991921 -0.07485973 0.99678164 0.01739061 0.02280227
659.25581199 46.32002957 270.37050466 -0.07480732 0.99678624 0.01742813 0.02274459
659.17019622 46.31220861 270.33715837 -0.07483204 0.99678365 0.01749248 0.02272754
659.07677534 46.30720204 270.31625032 -0.07487744 0.99678057 0.01751806 0.02269336
658.94866388 46.32404513 270.30053567 -0.07493710 0.99677560 0.01758311 0.02266423
658.82562730 46.33256209 270.28771685 -0.07498734 0.99677133 0.01762863 0.02265035
658.68996215 46.35620982 270.29102720 -0.07502842 0.99676757 0.01769509 0.02262817
658.53301509 46.35319784 270.26450504 -0.07505608 0.99676523 0.01774691 0.02259894
658.40191713 46.31814002 270.26606459 -0.07507169 0.99676455 0.01778009 0.02255097
658.59879386 46.36880826 270.25342103 -0.07513470 0.99675957 0.01779653 0.02254803
658.80370066 46.41990271 270.25219453 -0.07522764 0.99675285 0.01778377 0.02254521
658.98523820 46.45978886 270.25739222 -0.07531552 0.99674595 0.01780287 0.02254181
659.18272286 46.50420304 270.26629609 -0.07539154 0.99674037 0.01780265 0.02253492
659.36009147 46.55095274 270.27942483 -0.07546851 0.99673447 0.01781877 0.02252538
659.51779032 46.58497229 270.28972624 -0.07553863 0.99672936 0.01781361 0.02252036
659.69237156 46.60225963 270.28243015 -0.07559449 0.99672547 0.01780449 0.02251224
660.32227382 46.84746715 270.32373271 -0.07576893 0.99671097 0.01779784 0.02257308
660.98420874 47.09370510 270.35352214 -0.07596813 0.99669576 0.01776090 0.02260415
661.60264858 47.36051411 270.41220256 -0.07618532 0.99667827 0.01776510 0.02264136
662.21683086 47.60826577 270.46964710 -0.07640122 0.99666086 0.01776164 0.02268264
662.79821468 47.87932018 270.52277870 -0.07659883 0.99664520 0.01777536 0.02269384
663.34564353 48.11689566 270.56546112 -0.07679318 0.99663004 0.01776853 0.02270811
663.90403981 48.30332648 270.60087547 -0.07694764 0.99661845 0.01772982 0.02272419
664.81745001 48.71279362 270.67365998 -0.07717604 0.99659812 0.01765856 0.02289585
665.77086454 49.10664818 270.74779658 -0.07742726 0.99657715 0.01759965 0.02300553
666.73646838 49.49470608 270.85616874 -0.07769406 0.99655420 0.01756209 0.02312864
667.62822075 49.90076551 270.95506051 -0.07796238 0.99653096 0.01753349 0.02324831
668.48369084 50.27860495 271.02693864 -0.07822388 0.99650864 0.01751140 0.02334323
669.31266837 50.65147761 271.10644403 -0.07848995 0.99648661 0.01746510 0.02342516
670.15484749 50.95343297 271.17508024 -0.07870514 0.99646830 0.01740689 0.02352520
670.75166877 51.18163779 271.20868345 -0.07885381 0.99645568 0.01737633 0.02358425
671.37730482 51.42196631 271.23468697 -0.07903986 0.99644075 0.01730098 0.02364763
671.94943481 51.69045357 271.26756800 -0.07921171 0.99642636 0.01726685 0.02370396
672.54900319 51.93463460 271.31502870 -0.07938458 0.99641195 0.01722848 0.02375903
673.12578019 52.19262683 271.35534665 -0.07955299 0.99639783 0.01720200 0.02380715
673.65403952 52.44013780 271.39188072 -0.07971573 0.99638433 0.01714302 0.02387021
674.19283628 52.62941064 271.42812602 -0.07985444 0.99637302 0.01707507 0.02392721
674.60046127 52.65429723 271.43315765 -0.07986800 0.99637171 0.01706016 0.02394730
675.00611080 52.67098505 271.44578723 -0.07990170 0.99636886 0.01703508 0.02397118
675.39696890 52.71483666 271.45583827 -0.07991850 0.99636732 0.01701130 0.02399614
675.81049721 52.73129444 271.46543528 -0.07993880 0.99636541 0.01699616 0.02401831
676.19562777 52.78579871 271.49847567 -0.07995845 0.99636332 0.01697718 0.02405323
676.56677375 52.82139619 271.53857920 -0.07997350 0.99636174 0.01694762 0.02408961
676.95061758 52.86060615 271.56955621 -0.07999610 0.99635947 0.01692152 0.02412646
677.56618157 53.00030117 271.60622579 -0.08005232 0.99635358 0.01695181 0.02416202
678.19421262 53.15143422 271.62648846 -0.08014776 0.99634515 0.01694757 0.02419633
678.77814032 53.32440404 271.65864418 -0.08022240 0.99633791 0.01697502 0.02422766
679.39001545 53.47490267 271.70149629 -0.08030407 0.99632998 0.01700527 0.02426211
679.97216732 53.64062120 271.75060675 -0.08038444 0.99632207 0.01704356 0.02429379
680.51172274 53.79964941 271.80046140 -0.08046325 0.99631470 0.01704625 0.02433312
681.06064358 53.90525921 271.84356809 -0.08051925 0.99630944 0.01704371 0.02436513
681.81630797 54.16842069 271.91238254 -0.08070123 0.99629293 0.01707977 0.02441274
682.59806478 54.45122267 271.95749811 -0.08090874 0.99627503 0.01706502 0.02446683
683.33730461 54.75272522 272.03900801 -0.08112205 0.99625608 0.01711312 0.02449855
684.08042564 55.04429147 272.12792458 -0.08133533 0.99623718 0.01715395 0.02453152
684.77963719 55.33518408 272.19787894 -0.08154045 0.99621884 0.01721208 0.02455438
685.45506630 55.60502107 272.25780795 -0.08174881 0.99620074 0.01721573 0.02459339
686.14114565 55.80914389 272.31027312 -0.08189674 0.99618802 0.01719553 0.02463050
686.87143520 56.05135204 272.37528828 -0.08204007 0.99617450 0.01720180 0.02469584
687.63978814 56.30859592 272.41636082 -0.08221943 0.99615808 0.01717859 0.02477776
688.35305994 56.58226268 272.47972471 -0.08238300 0.99614310 0.01719475 0.02482540
689.06613317 56.83599019 272.55448959 -0.08255847 0.99612685 0.01721464 0.02488071
689.75021217 57.09157872 272.60952489 -0.08273358 0.99611073 0.01724238 0.02492544
690.39448559 57.33689188 272.66947366 -0.08290435 0.99609527 0.01722406 0.02498827
691.04011413 57.51911931 272.71700388 -0.08303417 0.99608344 0.01719735 0.02504718
691.00172778 57.46081210 272.70925967 -0.08298029 0.99608763 0.01723334 0.02503433
690.96613206 57.37575471 272.69495618 -0.08293596 0.99609052 0.01729550 0.02502319
690.94070372 57.28832050 272.68431556 -0.08289562 0.99609402 0.01734404 0.02498410
690.89360416 57.20416999 272.68465473 -0.08284111 0.99609863 0.01739331 0.02494665
690.81877544 57.12421622 272.68556605 -0.08278748 0.99610334 0.01743977 0.02490423
690.75741518 57.03899683 272.67946297 -0.08273358 0.99610762 0.01748045 0.02488368
690.70918869 56.96245503 272.66785211 -0.08268806 0.99611069 0.01754105 0.02486955
690.33362914 56.89055216 272.63540453 -0.08263652 0.99611613 0.01753316 0.02482832
689.97712106 56.80382716 272.59435378 -0.08258008 0.99612166 0.01754974 0.02478271
689.61735271 56.71028905 272.55704067 -0.08253934 0.99612686 0.01754896 0.02470992
689.24769953 56.63691013 272.52306397 -0.08247555 0.99613390 0.01754145 0.02464407
688.86885194 56.54391399 272.50061704 -0.08241816 0.99614060 0.01753530 0.02456970
688.52166316 56.45391738 272.46326888 -0.08237046 0.99614574 0.01753621 0.02452065
688.17526499 56.37086709 272.42536061 -0.08232682 0.99615002 0.01755271 0.02448117
687.97036581 56.31871317 272.41076960 -0.08229058 0.99615215 0.01760307 0.02448026
687.76893237 56.25421873 272.39572071 -0.08225464 0.99615366 0.01768544 0.02448035
687.56931349 56.18784073 272.37509991 -0.08224766 0.99615411 0.01775578 0.02443450
687.33185927 56.13677468 272.35885195 -0.08219659 0.99615830 0.01780563 0.02439924
687.07739271 56.07399271 272.36053315 -0.08216842 0.99616133 0.01786204 0.02432900
686.82966714 55.98808299 272.32151039 -0.08212410 0.99616463 0.01792605 0.02429656
686.58886618 55.89115075 272.31557157 -0.08207936 0.99616745 0.01801915 0.02426301
686.23283549 55.86637299 272.27831341 -0.08207957 0.99616579 0.01808333 0.02428294
685.87428719 55.84011973 272.26855559 -0.08208753 0.99616343 0.01816298 0.02429331
685.50036380 55.80980687 272.22219240 -0.08213022 0.99615927 0.01824740 0.02425610
685.09225308 55.78327897 272.18669544 -0.08212140 0.99615942 0.01829807 0.02424168
684.67579482 55.73682618 272.17182808 -0.08214129 0.99615839 0.01835772 0.02417159
684.25461783 55.66884317 272.10273269 -0.08212670 0.99615897 0.01843489 0.02413845
683.82893656 55.57357310 272.08288333 -0.08211386 0.99615947 0.01853408 0.02408533
683.59745472 55.53240381 272.05277771 -0.08210641 0.99615902 0.01858998 0.02408637
683.37123955 55.48373497 272.03322122 -0.08211610 0.99615695 0.01866328 0.02408249
683.12594301 55.43471498 272.01096398 -0.08213954 0.99615457 0.01873521 0.02404508
682.86216508 55.40044258 271.98489824 -0.08213900 0.99615418 0.01878882 0.02402093
682.59305043 55.35215815 271.98126435 -0.08214926 0.99615341 0.01884744 0.02397199
682.32191045 55.28913069 271.94699543 -0.08213852 0.99615382 0.01891128 0.02394165
682.06813718 55.20520650 271.93771015 -0.08212937 0.99615395 0.01899107 0.02390408
682.03657263 55.19132142 271.93215932 -0.08211128 0.99615500 0.01901213 0.02390581
681.99959801 55.16905427 271.92370606 -0.08210371 0.99615471 0.01905593 0.02390926
681.97972371 55.13624243 271.91497885 -0.08210409 0.99615463 0.01909059 0.02388359
681.93802262 55.11477645 271.90208543 -0.08208245 0.99615650 0.01912004 0.02385615
681.87199559 55.09170225 271.90204938 -0.08206663 0.99615819 0.01914884 0.02381695
681.81315107 55.05802483 271.89260591 -0.08204364 0.99615994 0.01917487 0.02380219
681.77902600 55.02394328 271.88382504 -0.08202711 0.99616071 0.01922192 0.02378901
681.68972242 55.01319475 271.85970656 -0.08204232 0.99615837 0.01926593 0.02379874
681.59638344 55.00444410 271.85228525 -0.08207836 0.99615434 0.01931867 0.02380066
681.48958367 54.99428291 271.84080918 -0.08213002 0.99614934 0.01938007 0.02378172
681.36273677 54.98952499 271.81933649 -0.08215587 0.99614675 0.01941965 0.02376857
681.21763505 54.98394199 271.82458893 -0.08219420 0.99614350 0.01946707 0.02373359
681.06827306 54.95609909 271.79875448 -0.08220734 0.99614193 0.01951509 0.02371445
680.93797546 54.91162196 271.79525153 -0.08221784 0.99614058 0.01958063 0.02368064
680.83540166 54.86213664 271.77567290 -0.08220262 0.99614103 0.01962960 0.02367390
680.72960914 54.79917666 271.75708023 -0.08220578 0.99613961 0.01970007 0.02366419
680.62176103 54.73628509 271.74863530 -0.08221482 0.99613836 0.01976980 0.02362708
680.49757342 54.68477459 271.73831938 -0.08220896 0.99613855 0.01982497 0.02359346
680.35448828 54.62467201 271.74755695 -0.08220766 0.99613865 0.01988075 0.02354657
680.21305330 54.54560138 271.73001247 -0.08219172 0.99613939 0.01993841 0.02352218
680.09718567 54.46256488 271.72498070 -0.08217779 0.99613971 0.02001504 0.02349218
680.02684672 54.44338892 271.71794075 -0.08215920 0.99614092 0.02003599 0.02348810
679.95380746 54.41740547 271.70473127 -0.08215011 0.99614094 0.02007700 0.02348411
679.88932015 54.38452830 271.69193716 -0.08215209 0.99614086 0.02010987 0.02345223
679.80358296 54.36040091 271.67649709 -0.08213040 0.99614284 0.02013719 0.02342066
679.69668131 54.33600381 271.67493269 -0.08211369 0.99614466 0.02016398 0.02337900
679.59882409 54.30193829 271.65928993 -0.08209245 0.99614629 0.02019058 0.02336111
679.52078055 54.26331557 271.65521239 -0.08207595 0.99614716 0.02023478 0.02334373
679.43892899 54.26591483 271.64550644 -0.08206732 0.99614829 0.02021959 0.02333898
679.35519958 54.26460435 271.63802555 -0.08206451 0.99614838 0.02022816 0.02333741
679.28110030 54.25534738 271.62239063 -0.08207172 0.99614850 0.02022462 0.02331031
679.18934967 54.25321122 271.60158259 -0.08205538 0.99615080 0.02021509 0.02327763
679.07512098 54.24651349 271.59485878 -0.08204388 0.99615291 0.02020363 0.02323790
678.97518710 54.23684689 271.57699815 -0.08202960 0.99615460 0.02019464 0.02322362
678.89080843 54.22672821 271.56616440 -0.08202489 0.99615507 0.02020643 0.02320987
678.83456878 54.22010360 271.55562737 -0.08201133 0.99615607 0.02021729 0.02320538
678.77600522 54.20416853 271.55023550 -0.08200846 0.99615570 0.02025093 0.02320211
678.72546676 54.17572447 271.53754930 -0.08201311 0.99615543 0.02027680 0.02317458
678.66071155 54.16032412 271.52365277 -0.08199623 0.99615724 0.02029311 0.02314200
678.57378490 54.14239995 271.52172641 -0.08198523 0.99615873 0.02031087 0.02310127
678.49368940 54.11314066 271.50932378 -0.08196812 0.99616019 0.02032748 0.02308449
678.43576341 54.08455137 271.49830225 -0.08195876 0.99616063 0.02036438 0.02306629
678.39619354 54.08575509 271.49338250 -0.08194574 0.99616137 0.02038005 0.02306657
678.35230299 54.08287699 271.48937664 -0.08193961 0.99616109 0.02041677 0.02306802
678.32131272 54.06696571 271.47559381 -0.08194644 0.99616052 0.02044490 0.02304369
678.26914836 54.06273328 271.45926975 -0.08192393 0.99616259 0.02046559 0.02301555
678.19745010 54.05974408 271.45712246 -0.08191014 0.99616421 0.02048726 0.02297551
678.12894506 54.04491888 271.44419304 -0.08189004 0.99616577 0.02050807 0.02296086
678.08356344 54.02762997 271.43637378 -0.08187752 0.99616631 0.02054906 0.02294540
678.01487635 54.03253389 271.42731716 -0.08187305 0.99616624 0.02056927 0.02294626
677.93752936 54.03411676 271.42026582 -0.08188017 0.99616490 0.02060655 0.02294558
677.86766451 54.03105840 271.40416483 -0.08189893 0.99616331 0.02064105 0.02291657
677.77609504 54.03425234 271.38470779 -0.08189118 0.99616411 0.02066592 0.02288730
677.66537301 54.03402141 271.38307398 -0.08189092 0.99616464 0.02069074 0.02284253
677.55641821 54.02461097 271.36496602 -0.08188277 0.99616525 0.02071625 0.02282191
677.47013365 54.00639947 271.36224977 -0.08187680 0.99616536 0.02076000 0.02279905
677.46443377 53.99252222 271.36361068 -0.08185855 0.99616558 0.02081162 0.02280772
677.44655755 53.97122559 271.36406781 -0.08184822 0.99616461 0.02088844 0.02281681
677.44259473 53.93619827 271.36014662 -0.08185390 0.99616318 0.02096043 0.02279310
677.41166918 53.92002712 271.35069829 -0.08182546 0.99616476 0.02102230 0.02276899
677.35770343 53.90337010 271.35702939 -0.08181366 0.99616550 0.02108390 0.02272193
677.30340617 53.86460981 271.35031632 -0.08178762 0.99616673 0.02114593 0.02270398
677.28192136 53.81873516 271.34621451 -0.08175995 0.99616768 0.02123142 0.02268243
677.22656477 53.82810474 271.33671369 -0.08176335 0.99616726 0.02123429 0.02268593
677.16520816 53.83619101 271.33693999 -0.08177538 0.99616561 0.02126070 0.02269019
677.11118708 53.83319451 271.32521936 -0.08179969 0.99616371 0.02127859 0.02266941
677.03948910 53.84273183 271.30529603 -0.08179514 0.99616459 0.02128469 0.02264130
676.94618670 53.84921546 271.30285340 -0.08180140 0.99616486 0.02129108 0.02260082
676.85740848 53.84224107 271.28671762 -0.08179655 0.99616536 0.02130158 0.02258653
676.79126132 53.83118423 271.27736751 -0.08179890 0.99616487 0.02133465 0.02256832
676.78046313 53.80043089 271.27943193 -0.08177159 0.99616506 0.02141945 0.02257833
676.75733867 53.75853409 271.27711084 -0.08175878 0.99616359 0.02152558 0.02258862
676.74731638 53.69765990 271.27167502 -0.08176026 0.99616182 0.02163151 0.02256020
676.70686566 53.66029929 271.26497328 -0.08172830 0.99616284 0.02172753 0.02253861
676.64450089 53.62242882 271.27187166 -0.08171299 0.99616315 0.02182284 0.02248854
676.57711749 53.56082004 271.26542666 -0.08167956 0.99616435 0.02191592 0.02246609
676.54402031 53.48627614 271.26592045 -0.08164143 0.99616552 0.02203190 0.02243956
676.54713349 53.47845261 271.26753129 -0.08161895 0.99616601 0.02208804 0.02244427
676.53617808 53.46344356 271.26693681 -0.08160651 0.99616528 0.02216370 0.02244728
676.54241948 53.43553327 271.26218818 -0.08160722 0.99616417 0.02223847 0.02242007
676.51906669 53.42394184 271.24938804 -0.08157882 0.99616561 0.02230477 0.02239369
676.47147104 53.40897412 271.25281460 -0.08156337 0.99616651 0.02237046 0.02234424
676.42613628 53.37862639 271.24646574 -0.08153649 0.99616782 0.02243307 0.02232096
676.41221795 53.33666510 271.24241726 -0.08150484 0.99616908 0.02251725 0.02229550
676.38312938 53.31369452 271.24248918 -0.08147639 0.99617000 0.02257626 0.02229890
676.34530102 53.28023361 271.23787103 -0.08145965 0.99616945 0.02265686 0.02230307
676.31812191 53.23995326 271.23030303 -0.08145405 0.99616881 0.02273343 0.02227420
676.26244479 53.21350176 271.22038325 -0.08142102 0.99617051 0.02280318 0.02224729
676.21751223 53.19867175 271.22359861 -0.08140373 0.99617115 0.02285576 0.02222809
676.16912026 53.17500038 271.21679989 -0.08138141 0.99617162 0.02291979 0.02222300
676.14804812 53.13760982 271.21013745 -0.08136791 0.99617161 0.02299000 0.02220020
676.12257193 53.12888169 271.19538875 -0.08134018 0.99617328 0.02303815 0.02217678
676.07903980 53.12680194 271.19001889 -0.08132161 0.99617473 0.02308390 0.02213243
676.03842472 53.11158116 271.18414616 -0.08129593 0.99617610 0.02312699 0.02211993
676.02557564 53.08565207 271.17469774 -0.08127221 0.99617677 0.02319403 0.02210688
