586.66052790 34.40933710 263.58864260 -0.04802371 0.99871469 -0.00406513 0.01569069
586.79106661 34.44478828 263.61150673 -0.04795952 0.99871655 -0.00392451 0.01580322
586.91051045 34.49414939 263.56759831 -0.04783156 0.99872113 -0.00390134 0.01590672
587.07476403 34.52887244 263.55720898 -0.04770162 0.99872607 -0.00378906 0.01601390
587.21650431 34.62141049 263.57318755 -0.04766116 0.99872657 -0.00377196 0.01610679
587.33081332 34.68499629 263.56924208 -0.04756846 0.99872957 -0.00369395 0.01621262
587.49004042 34.73240231 263.56521951 -0.04751614 0.99873067 -0.00368083 0.01630058
587.61692031 34.81434177 263.52064116 -0.04751551 0.99872975 -0.00353507 0.01639082
587.70454602 34.84238576 263.53869831 -0.04754294 0.99872551 -0.00348380 0.01657950
587.79379930 34.87817586 263.47500762 -0.04755534 0.99872174 -0.00354058 0.01675835
587.92404840 34.90121658 263.45891555 -0.04753452 0.99871987 -0.00349578 0.01693729
588.03621857 34.96855349 263.47454221 -0.04758289 0.99871423 -0.00357932 0.01711588
588.14333338 35.01327852 263.47429007 -0.04760212 0.99870984 -0.00361596 0.01730931
588.27953687 35.03422090 263.46555380 -0.04764643 0.99870462 -0.00369836 0.01747065
588.37797656 35.12021596 263.41291918 -0.04775438 0.99869674 -0.00366236 0.01763326
588.41274300 35.06755705 263.39496295 -0.04777521 0.99869476 -0.00355635 0.01771029
588.41900101 35.02884609 263.29623245 -0.04772582 0.99869575 -0.00354054 0.01779087
588.46913346 35.01278760 263.25198246 -0.04771111 0.99869576 -0.00342094 0.01785290
588.50450760 35.03790385 263.25690416 -0.04772430 0.99869441 -0.00342761 0.01789179
588.52280489 35.01954148 263.21874138 -0.04773160 0.99869283 -0.00337460 0.01797020
588.58629739 35.02235260 263.19326467 -0.04776235 0.99869053 -0.00339802 0.01801240
588.64255230 35.03670079 263.10783550 -0.04783525 0.99868658 -0.00327812 0.01805961
588.75870603 34.88750539 263.14391582 -0.04776207 0.99868439 -0.00318974 0.01838734
588.85212346 34.69890148 263.11453838 -0.04775027 0.99867921 -0.00318128 0.01869836
589.01892523 34.49211296 263.11729730 -0.04769128 0.99867684 -0.00306064 0.01899317
589.16328429 34.31514745 263.15563977 -0.04762240 0.99867463 -0.00306059 0.01928035
589.35939610 34.16857569 263.16204193 -0.04765393 0.99866630 -0.00312087 0.01962109
589.58481407 34.02826537 263.20159452 -0.04764492 0.99866108 -0.00309592 0.01991042
589.75011575 33.89756603 263.19518185 -0.04769222 0.99865344 -0.00306365 0.02018325
589.84422970 33.77625630 263.24592501 -0.04770130 0.99864822 -0.00272233 0.02046717
589.94049654 33.67771012 263.23590633 -0.04765449 0.99864406 -0.00253322 0.02080063
590.04986281 33.57702077 263.21631778 -0.04763549 0.99863940 -0.00222413 0.02110107
590.12540247 33.56289802 263.29969386 -0.04764812 0.99863300 -0.00201313 0.02139489
590.21954976 33.51310110 263.32142203 -0.04769958 0.99862433 -0.00179688 0.02170196
590.32113090 33.50163659 263.37624842 -0.04776917 0.99861590 -0.00154775 0.02195449
590.40432117 33.47558743 263.40200351 -0.04787216 0.99860563 -0.00128287 0.02221265
590.63354955 33.56784456 263.45715709 -0.04825228 0.99858685 -0.00102418 0.02224802
590.90107124 33.62445852 263.41613368 -0.04846720 0.99857525 -0.00085343 0.02230877
591.14452982 33.64365666 263.44651021 -0.04878949 0.99855868 -0.00065122 0.02235449
591.39911966 33.69971008 263.48269777 -0.04912894 0.99854124 -0.00055359 0.02239271
591.61566121 33.67059582 263.49500986 -0.04949136 0.99852300 -0.00041439 0.02241103
591.85852518 33.67591487 263.51924136 -0.04979203 0.99850808 -0.00024315 0.02241221
592.08085025 33.66547728 263.49327513 -0.05015265 0.99848970 -0.00009569 0.02242826
592.21671754 33.46453568 263.62959016 -0.04999089 0.99849343 -0.00028341 0.02262068
592.41748034 33.23181436 263.69028933 -0.04988309 0.99849538 -0.00053470 0.02276755
592.60861804 33.03082182 263.73213938 -0.04979959 0.99849499 -0.00074994 0.02296082
592.77121851 32.86093076 263.84550395 -0.04962909 0.99850009 -0.00101599 0.02309763
592.99101206 32.71368872 263.88733147 -0.04972730 0.99849033 -0.00132768 0.02329133
593.18943042 32.59235682 263.99657423 -0.04969565 0.99848780 -0.00157465 0.02345135
593.33497749 32.49496999 264.07689280 -0.04969997 0.99848341 -0.00180532 0.02361221
593.59121793 32.44448528 264.21833322 -0.04951862 0.99848453 -0.00182013 0.02394231
593.86049506 32.45224465 264.25761841 -0.04941703 0.99848147 -0.00190327 0.02427109
594.14806018 32.43018832 264.25200063 -0.04934157 0.99847660 -0.00190845 0.02462208
594.44202581 32.46886906 264.32338174 -0.04925680 0.99847244 -0.00202177 0.02494937
594.73167126 32.45188391 264.38474478 -0.04925441 0.99846331 -0.00215342 0.02530565
595.03627523 32.51870266 264.46196854 -0.04916022 0.99845998 -0.00222423 0.02561238
595.27297761 32.59340423 264.49670207 -0.04914257 0.99845272 -0.00226872 0.02592333
595.90037185 32.70077000 264.53329992 -0.04922640 0.99844992 -0.00194299 0.02589870
596.47011312 32.80557646 264.46661697 -0.04921015 0.99845167 -0.00163571 0.02588353
597.04785484 32.88121368 264.40212297 -0.04928105 0.99844855 -0.00133714 0.02588594
597.57525790 33.01493399 264.42386386 -0.04946073 0.99844017 -0.00106856 0.02587908
598.13012648 33.15404889 264.39280980 -0.04959336 0.99843519 -0.00077814 0.02582759
598.73334748 33.28174785 264.39701196 -0.04961919 0.99843468 -0.00046874 0.02580510
599.31753165 33.32464300 264.37761835 -0.04972452 0.99842981 -0.00027985 0.02579352
600.12745262 33.51057155 264.49644321 -0.04958871 0.99841674 0.00032986 0.02654930
600.93986277 33.63956866 264.55196709 -0.04954345 0.99839634 0.00076091 0.02737924
601.83521784 33.79077687 264.60458462 -0.04936480 0.99838063 0.00124749 0.02824335
602.70733041 33.95340857 264.71173522 -0.04937616 0.99835239 0.00194742 0.02916680
603.61243276 34.08752094 264.76528595 -0.04932817 0.99832780 0.00242288 0.03004095
604.47490549 34.19425522 264.82097819 -0.04907836 0.99831184 0.00311584 0.03090442
605.31435800 34.27700528 264.90433466 -0.04877435 0.99829928 0.00343310 0.03174616
605.80608400 34.20277946 265.00872976 -0.04875536 0.99829247 0.00315165 0.03201753
606.30761002 34.09435863 264.99893088 -0.04881693 0.99828289 0.00291308 0.03224432
606.82643021 33.89888576 265.05159187 -0.04894707 0.99826761 0.00267105 0.03253959
607.37091663 33.73086662 265.08358989 -0.04895991 0.99825906 0.00235630 0.03280587
607.88582048 33.59255507 265.08289988 -0.04918455 0.99823950 0.00196603 0.03308942
608.37796512 33.46126452 265.14719711 -0.04920185 0.99823017 0.00169195 0.03335940
608.86467742 33.35308088 265.21640253 -0.04933026 0.99821596 0.00133270 0.03361015
609.33721904 33.50401781 265.36967492 -0.05013393 0.99818203 0.00067342 0.03344797
609.87246621 33.68386277 265.43628247 -0.05087842 0.99815036 -0.00007159 0.03327532
610.34796860 33.86637031 265.48561076 -0.05182549 0.99810440 -0.00089087 0.03318040
610.85859670 34.16799041 265.63916111 -0.05267206 0.99806324 -0.00181516 0.03304747
611.35087608 34.37569835 265.73491376 -0.05358399 0.99801705 -0.00268278 0.03291701
611.87662819 34.64660972 265.88166407 -0.05433097 0.99797886 -0.00352909 0.03277020
612.31936855 34.90329538 266.02067877 -0.05530095 0.99792648 -0.00428595 0.03265226
613.01932701 35.22978885 266.16627444 -0.05642822 0.99785926 -0.00416885 0.03279301
613.71409444 35.50084687 266.23085377 -0.05726790 0.99780556 -0.00405263 0.03298529
614.37954125 35.77801909 266.28530152 -0.05834714 0.99773603 -0.00406528 0.03319495
615.02221112 36.06322421 266.37264740 -0.05943378 0.99766467 -0.00406688 0.03341091
615.71704909 36.26570117 266.46115147 -0.06046414 0.99759717 -0.00409622 0.03357378
616.37440855 36.52559789 266.58330855 -0.06139214 0.99753455 -0.00396322 0.03376577
617.02925971 36.74400822 266.71390693 -0.06238444 0.99746569 -0.00406151 0.03396882
617.69704785 36.99147729 266.88166887 -0.06333087 0.99740254 -0.00427431 0.03404568
618.35112054 37.10210215 266.95162077 -0.06411045 0.99734973 -0.00437827 0.03412034
618.93849632 37.25698050 267.02797284 -0.06512466 0.99727808 -0.00478340 0.03423914
619.58334525 37.34622300 267.10468638 -0.06603086 0.99721193 -0.00513569 0.03437903
620.20086883 37.32997407 267.15987049 -0.06701026 0.99714102 -0.00553812 0.03447815
620.83717333 37.45735309 267.30496081 -0.06782741 0.99708148 -0.00565919 0.03458221
621.49194273 37.46618781 267.47502037 -0.06871889 0.99701240 -0.00612927 0.03473347
622.03622053 37.47368127 267.53345850 -0.06904515 0.99704238 -0.00638822 0.03314299
622.55345713 37.39742261 267.40016213 -0.06896705 0.99710116 -0.00659490 0.03145350
623.02175810 37.31794843 267.31123071 -0.06948330 0.99710640 -0.00739132 0.02993773
623.47233304 37.42624073 267.36049803 -0.06983711 0.99712508 -0.00798394 0.02829513
624.24770035 37.53070344 267.29295097 -0.07020742 0.99714114 -0.00835285 0.02665887
625.07111155 37.68435152 267.36760262 -0.07028198 0.99717119 -0.00877491 0.02516059
625.85952834 37.77498365 267.45759107 -0.07078101 0.99716075 -0.00955945 0.02385583
626.66867557 38.00199644 267.60171023 -0.07128344 0.99712169 -0.00962461 0.02396629
627.43426551 38.12918703 267.68437667 -0.07170998 0.99708793 -0.00965423 0.02408603
628.18779372 38.28120103 267.73481316 -0.07227753 0.99704071 -0.00984327 0.02426706
628.96639621 38.39561706 267.80723722 -0.07285606 0.99699267 -0.01000766 0.02444309
629.71947845 38.43596024 267.83997196 -0.07342166 0.99694544 -0.01019457 0.02459926
630.47625499 38.56288291 267.96601629 -0.07383857 0.99691058 -0.01020715 0.02475835
631.27065661 38.63123241 268.08014322 -0.07432810 0.99686654 -0.01048784 0.02494874
631.68675232 38.76829090 268.15097057 -0.07469939 0.99684263 -0.01046688 0.02480365
632.11813151 38.93630624 268.12264623 -0.07486195 0.99683318 -0.01047215 0.02469070
632.47687437 39.12231022 268.16726339 -0.07525741 0.99680510 -0.01054832 0.02458945
632.83932005 39.35456483 268.20917888 -0.07565298 0.99677604 -0.01071789 0.02448038
633.25726116 39.56401315 268.24155169 -0.07602716 0.99675094 -0.01076288 0.02432262
633.66403121 39.80516180 268.31576907 -0.07627874 0.99673479 -0.01076977 0.02419350
634.06055777 39.98406584 268.35815031 -0.07663731 0.99670949 -0.01080838 0.02408517
634.45443454 40.15211063 268.44986010 -0.07503608 0.99682767 -0.01099850 0.02414982
634.88869190 40.26277241 268.47394006 -0.07351997 0.99693845 -0.01125552 0.02412148
635.34644863 40.33280395 268.48835967 -0.07196558 0.99704836 -0.01142028 0.02418886
635.75408595 40.38884751 268.46173862 -0.07048086 0.99715321 -0.01150908 0.02419645
636.13462150 40.51001884 268.52328476 -0.06916782 0.99724317 -0.01162046 0.02422489
636.51944395 40.60270094 268.59173397 -0.06766130 0.99734682 -0.01159315 0.02422542
636.89807579 40.77011159 268.60335439 -0.06615907 0.99744370 -0.01175726 0.02430658
637.31103888 40.81856262 268.73975233 -0.06629731 0.99743822 -0.01174428 0.02416049
637.74754993 40.94206971 268.81797120 -0.06631216 0.99744086 -0.01176518 0.02400012
638.17434233 41.07080659 268.91227335 -0.06648281 0.99743099 -0.01185428 0.02389440
638.58336690 41.28999011 269.06424754 -0.06664974 0.99742154 -0.01196943 0.02376580
639.03244149 41.46107985 269.16369752 -0.06685648 0.99741115 -0.01197499 0.02361805
639.48931640 41.65213954 269.28537179 -0.06695289 0.99740664 -0.01206870 0.02348729
639.88056395 41.83576818 269.39826969 -0.06716982 0.99739400 -0.01209020 0.02339330
640.47172944 42.12706623 269.46907805 -0.06748574 0.99736671 -0.01208757 0.02364761
641.07653419 42.40733424 269.54423677 -0.06771015 0.99734342 -0.01213091 0.02396407
641.65674582 42.69027480 269.60224518 -0.06804106 0.99731209 -0.01220063 0.02429320
642.27485355 42.98113184 269.71750465 -0.06844299 0.99727518 -0.01228142 0.02463613
642.87864560 43.17779475 269.75851577 -0.06881535 0.99724176 -0.01234369 0.02491902
643.45197803 43.39276522 269.84451553 -0.06903270 0.99722087 -0.01224791 0.02519962
644.04878836 43.57701045 269.90812345 -0.06927880 0.99719469 -0.01233617 0.02551501
644.73181604 43.76782052 270.04409048 -0.06916481 0.99719703 -0.01233189 0.02573402
645.44000252 43.96406511 270.11996995 -0.06906365 0.99719780 -0.01236321 0.02595971
646.10796437 44.16862585 270.18167861 -0.06908574 0.99718702 -0.01247004 0.02626214
646.84209332 44.40686876 270.29104952 -0.06912003 0.99717665 -0.01254019 0.02653085
647.53605251 44.55733203 270.34692526 -0.06917879 0.99716492 -0.01262004 0.02677969
648.19396591 44.72947703 270.46264632 -0.06898650 0.99717272 -0.01254060 0.02702150
648.80605618 44.88116357 270.58463869 -0.06889086 0.99716952 -0.01267549 0.02731909
649.44172524 44.97504553 270.73642931 -0.06828582 0.99721074 -0.01271368 0.02731555
650.15036611 45.06967511 270.83167158 -0.06767781 0.99725216 -0.01278190 0.02728508
650.83304731 45.14654973 270.89522413 -0.06723156 0.99728011 -0.01285087 0.02733413
651.56409513 45.22718810 270.98316703 -0.06676611 0.99731025 -0.01294450 0.02733102
652.22056213 45.26977362 271.07703493 -0.06639976 0.99733391 -0.01302985 0.02731954
652.87300638 45.33473976 271.20986976 -0.06575156 0.99737824 -0.01295131 0.02730641
653.52200900 45.39907955 271.32863844 -0.06523019 0.99740962 -0.01304900 0.02736429
654.19111408 45.55649982 271.47739864 -0.06496316 0.99742898 -0.01300506 0.02731456
654.89190151 45.69021870 271.58091049 -0.06459241 0.99745597 -0.01295694 0.02723100
655.55931910 45.86111299 271.66452227 -0.06445640 0.99746363 -0.01300780 0.02724859
656.32606027 46.01353575 271.76865892 -0.06430425 0.99747457 -0.01300302 0.02720982
657.02357136 46.13387661 271.85419691 -0.06417767 0.99748394 -0.01302320 0.02715529
657.71390486 46.22717154 271.98830257 -0.06375451 0.99751446 -0.01286449 0.02710665
658.36701447 46.31336666 272.09676717 -0.06351442 0.99752748 -0.01294594 0.02715237
659.10334115 46.49836170 272.20895764 -0.06347761 0.99752297 -0.01309498 0.02733195
659.88271138 46.71924513 272.31573258 -0.06341368 0.99752016 -0.01326189 0.02750209
660.58878048 46.91397098 272.39535893 -0.06349860 0.99750489 -0.01350667 0.02773960
661.39986216 47.13666877 272.50099091 -0.06357716 0.99749118 -0.01372883 0.02794313
662.14329380 47.28450126 272.59371030 -0.06369381 0.99747498 -0.01397695 0.02813200
662.87131664 47.44853729 272.74864128 -0.06357578 0.99747679 -0.01403862 0.02830353
663.57243232 47.59349569 272.84307548 -0.06360841 0.99746455 -0.01427489 0.02854245
664.37379190 47.79772922 272.96890983 -0.06363064 0.99745859 -0.01438686 0.02864473
665.19701454 48.01418814 273.07231687 -0.06358241 0.99745694 -0.01451387 0.02874496
665.95015470 48.22505217 273.16795467 -0.06373995 0.99743879 -0.01474633 0.02890731
666.81378851 48.45583182 273.26461320 -0.06387131 0.99742371 -0.01493744 0.02903909
667.63842955 48.60770690 273.36320815 -0.06402932 0.99740705 -0.01514927 0.02915328
668.46910404 48.78971085 273.51217384 -0.06395673 0.99740835 -0.01519084 0.02924659
669.25111960 48.97518871 273.60562350 -0.06408469 0.99739145 -0.01541348 0.02942562
669.88484034 49.05303206 273.72660004 -0.06366680 0.99741388 -0.01574137 0.02939910
670.52570597 49.12269442 273.81280836 -0.06327392 0.99743585 -0.01606593 0.02932629
671.12294238 49.18412807 273.90305940 -0.06299327 0.99744740 -0.01645399 0.02932229
671.82051004 49.25680582 273.96610379 -0.06264513 0.99746455 -0.01680491 0.02928574
672.44539578 49.26042729 274.06719951 -0.06248133 0.99747027 -0.01715025 0.02924048
673.07294811 49.32440425 274.20369641 -0.06205375 0.99749477 -0.01738229 0.02917840
673.67521638 49.35901839 274.32246256 -0.06177836 0.99750386 -0.01779733 0.02920169
674.42926927 49.45159782 274.41744177 -0.06151432 0.99752095 -0.01774387 0.02920792
675.21647871 49.58247162 274.48216427 -0.06115577 0.99754555 -0.01767029 0.02916514
675.91604425 49.71023470 274.55920572 -0.06107752 0.99754787 -0.01773221 0.02921210
676.70230952 49.88035310 274.63716743 -0.06089629 0.99755899 -0.01775062 0.02919978
677.47615361 49.98832531 274.68667980 -0.06085657 0.99756150 -0.01777430 0.02918217
678.24396751 50.11335282 274.80521203 -0.06046186 0.99758896 -0.01762199 0.02915655
678.95767243 50.21749183 274.87281439 -0.06031454 0.99759409 -0.01770354 0.02923660
679.60474234 50.37332922 274.93755796 -0.06029834 0.99758447 -0.01809829 0.02935635
680.27068250 50.51506069 274.99984874 -0.06031314 0.99757272 -0.01851990 0.02946188
680.88682081 50.66785581 275.04292607 -0.06048645 0.99754861 -0.01901092 0.02960980
681.60957042 50.80429010 275.08894493 -0.06057365 0.99752919 -0.01953274 0.02974593
682.23933743 50.86077191 275.13147180 -0.06076907 0.99750287 -0.02008244 0.02986360
682.89802401 50.96919582 275.24040890 -0.06067201 0.99749954 -0.02041202 0.02994860
683.53112042 51.05076542 275.30315504 -0.06077265 0.99747814 -0.02092063 0.03010597
683.92652353 51.13778655 275.35112610 -0.06059288 0.99747195 -0.02116511 0.03049999
684.36568449 51.28825005 275.37068545 -0.06051495 0.99745828 -0.02146009 0.03089315
684.75879011 51.43904203 275.38495019 -0.06055214 0.99743759 -0.02172044 0.03130360
685.23210667 51.63141389 275.43408288 -0.06049440 0.99742143 -0.02202046 0.03171767
685.65051301 51.77265189 275.44517555 -0.06051541 0.99739982 -0.02236784 0.03211185
686.06489688 51.96464319 275.49946996 -0.06033527 0.99739684 -0.02248917 0.03245658
686.43951853 52.12849684 275.49385100 -0.06027054 0.99738142 -0.02275347 0.03286396
686.97721840 52.29098703 275.54550006 -0.06043414 0.99734903 -0.02308601 0.03331156
687.57677527 52.48168083 275.60844716 -0.06069771 0.99730797 -0.02347967 0.03378334
688.12961267 52.64484381 275.66703143 -0.06109544 0.99725695 -0.02389960 0.03427445
688.78584075 52.82745798 275.74916573 -0.06140944 0.99720882 -0.02435355 0.03479015
689.35621608 52.93665075 275.79595989 -0.06176638 0.99715751 -0.02486717 0.03526251
689.96645144 53.07454489 275.89317206 -0.06190296 0.99712756 -0.02512670 0.03568327
690.53388895 53.21079189 275.91318987 -0.06218009 0.99708170 -0.02557151 0.03616372
691.08930032 53.26758942 276.07324835 -0.06244408 0.99705039 -0.02598094 0.03628022
691.68202887 53.38413830 276.16556949 -0.06274574 0.99701543 -0.02643161 0.03639462
692.24001700 53.42705777 276.22804232 -0.06332196 0.99695915 -0.02695458 0.03655443
692.90385954 53.55253470 276.35767473 -0.06372876 0.99691217 -0.02753421 0.03669668
693.50569441 53.61341285 276.44187749 -0.06420942 0.99686017 -0.02813728 0.03681363
694.11882160 53.71790086 276.59064104 -0.06442087 0.99683197 -0.02853871 0.03689868
694.64952304 53.82832735 276.66984079 -0.06492227 0.99677786 -0.02908734 0.03705306
695.21719856 54.05171514 276.78876173 -0.06536814 0.99673449 -0.02956060 0.03706112
695.81919573 54.30427911 276.83960714 -0.06576322 0.99669313 -0.03006454 0.03706915
696.34895100 54.53042198 276.88189138 -0.06646507 0.99662436 -0.03071753 0.03713106
696.97106361 54.76864461 276.96787528 -0.06705886 0.99656082 -0.03142674 0.03717530
697.56550388 54.95543077 277.05828318 -0.06765968 0.99649864 -0.03210295 0.03717565
698.17586023 55.16861240 277.19728823 -0.06799746 0.99646042 -0.03260330 0.03714827
698.71252181 55.37656279 277.24769087 -0.06861404 0.99639443 -0.03324480 0.03721617
698.96204959 55.36148788 277.36124885 -0.06887149 0.99636601 -0.03370413 0.03708806
699.26532511 55.37957314 277.37074904 -0.06908936 0.99633704 -0.03426677 0.03694536
699.48372918 55.39299417 277.40243712 -0.06956410 0.99628485 -0.03492377 0.03684644
699.74316695 55.47851825 277.47241642 -0.06986158 0.99624554 -0.03558774 0.03671093
700.01493025 55.51001151 277.52673746 -0.07032151 0.99619526 -0.03624002 0.03655876
700.30474780 55.63247793 277.63883095 -0.07056972 0.99616239 -0.03680294 0.03641349
700.53435434 55.71436241 277.69098247 -0.07103497 0.99610956 -0.03742446 0.03632055
701.20982293 55.94886463 277.81345691 -0.07106471 0.99610627 -0.03744943 0.03632703
701.91284813 56.22804722 277.87339933 -0.07097995 0.99610730 -0.03754502 0.03636559
702.51738376 56.47675551 277.88350303 -0.07117263 0.99608295 -0.03774038 0.03645391
703.19988802 56.76162807 277.95074323 -0.07134533 0.99606127 -0.03795094 0.03648988
703.87946231 56.98701476 278.03692739 -0.07147183 0.99604737 -0.03808401 0.03648328
704.54060637 57.22581159 278.14984400 -0.07134837 0.99605753 -0.03808040 0.03645129
705.15199921 57.43829086 278.15916388 -0.07149817 0.99603683 -0.03826807 0.03652676
705.00308104 57.50163183 278.16089977 -0.07145058 0.99602291 -0.03858885 0.03666164
704.85975498 57.59106680 278.06932320 -0.07144634 0.99600280 -0.03896708 0.03681582
704.69361117 57.73233006 278.02723552 -0.07157919 0.99597393 -0.03934181 0.03694014
704.50440421 57.82950103 278.02712262 -0.07164544 0.99594560 -0.03982091 0.03706187
704.33668347 57.95809108 277.96291467 -0.07169864 0.99592201 -0.04021060 0.03717203
704.18649897 58.13133566 277.92052294 -0.07167429 0.99590986 -0.04048309 0.03724882
703.99706645 58.27093510 277.79170135 -0.07173910 0.99588440 -0.04087625 0.03737498
703.78149052 58.07559051 277.75855966 -0.07146701 0.99589170 -0.04100003 0.03756588
703.54054517 57.91638611 277.61644774 -0.07121629 0.99589443 -0.04119022 0.03776098
703.33106168 57.78713405 277.55445676 -0.07109576 0.99588728 -0.04139252 0.03795493
703.09007177 57.74301677 277.58015350 -0.07086222 0.99588799 -0.04162502 0.03811837
702.92503390 57.69521714 277.49073974 -0.07074300 0.99588242 -0.04177218 0.03832386
702.78586444 57.66259298 277.44188412 -0.07055380 0.99588493 -0.04188897 0.03847974
702.58746177 57.63166045 277.32350311 -0.07042202 0.99587940 -0.04205662 0.03868071
702.60322984 57.55365967 277.39258939 -0.07043238 0.99586228 -0.04231377 0.03882191
702.62115770 57.56179489 277.34461583 -0.07041668 0.99584353 -0.04262916 0.03898595
702.63871363 57.58698911 277.31958796 -0.07064796 0.99580038 -0.04307568 0.03917850
702.65374462 57.68007533 277.35027774 -0.07070963 0.99576994 -0.04352049 0.03934903
702.71631475 57.79589341 277.33568641 -0.07086250 0.99573698 -0.04388136 0.03950700
702.79442623 57.93131251 277.35438485 -0.07091708 0.99571579 -0.04416492 0.03962692
702.79429495 58.05130508 277.33416517 -0.07109860 0.99567875 -0.04452474 0.03982926
702.98427759 58.26622955 277.37946211 -0.07137167 0.99565641 -0.04463232 0.03977874
703.23990844 58.53196723 277.30821822 -0.07147438 0.99564230 -0.04479527 0.03976438
703.42834444 58.80083984 277.29023680 -0.07186726 0.99560521 -0.04500472 0.03974832
703.59586326 59.07519281 277.30367955 -0.07221497 0.99556712 -0.04531169 0.03972360
703.76621110 59.34762692 277.29144104 -0.07250394 0.99554070 -0.04550408 0.03963934
703.93539894 59.64360970 277.31779446 -0.07265236 0.99553143 -0.04553903 0.03956001
704.10529574 59.88677454 277.23346144 -0.07294220 0.99550022 -0.04577079 0.03954467
704.28655556 59.91307942 277.34834802 -0.07304128 0.99548130 -0.04588764 0.03970240
704.48734321 59.96628623 277.32559866 -0.07313174 0.99546114 -0.04603080 0.03987518
704.68810411 59.97897690 277.34391554 -0.07340545 0.99542343 -0.04624485 0.04006559
704.87003327 60.01288993 277.41924721 -0.07357741 0.99538926 -0.04654056 0.04025618
705.11150785 60.08306686 277.43154707 -0.07376432 0.99535715 -0.04678197 0.04042786
705.34641079 60.15817454 277.48986732 -0.07384095 0.99534072 -0.04687842 0.04058061
705.53119546 60.24242282 277.49031107 -0.07406561 0.99530515 -0.04710648 0.04077888
705.45899191 60.38089637 277.48360862 -0.07416597 0.99527924 -0.04729381 0.04101138
705.40761773 60.56282992 277.38289983 -0.07424491 0.99524994 -0.04753875 0.04129538
705.36788466 60.77401359 277.33857010 -0.07451254 0.99520699 -0.04779193 0.04155561
705.28496080 60.96866566 277.31270924 -0.07473109 0.99516066 -0.04816686 0.04183874
705.20940833 61.19575222 277.22578890 -0.07484634 0.99512878 -0.04844206 0.04207267
705.15278835 61.43337320 277.17614599 -0.07491477 0.99511003 -0.04853714 0.04228407
705.06443162 61.63052786 277.03973360 -0.07503754 0.99507723 -0.04879770 0.04253765
705.26587313 61.67990442 277.11228065 -0.07527164 0.99505137 -0.04885613 0.04266182
705.49910464 61.76820722 277.08867482 -0.07544810 0.99502736 -0.04894769 0.04280485
705.69579172 61.83605575 277.10937702 -0.07581315 0.99498730 -0.04907113 0.04294953
705.88538796 61.91945584 277.13978998 -0.07612448 0.99494496 -0.04931295 0.04310252
706.10499994 61.99825277 277.13325063 -0.07639615 0.99491004 -0.04949524 0.04321873
706.31986072 62.09779564 277.18345130 -0.07659098 0.99488935 -0.04950565 0.04333821
706.49813783 62.16900568 277.15492614 -0.07692824 0.99484875 -0.04967278 0.04348135
706.71023061 62.29740401 277.21354985 -0.07723242 0.99480427 -0.04986361 0.04374061
706.97581501 62.46834933 277.18876196 -0.07755343 0.99475361 -0.05011996 0.04403090
707.18470714 62.61583412 277.19827996 -0.07804137 0.99469095 -0.05036279 0.04430620
707.39041704 62.78021331 277.24775130 -0.07848267 0.99462331 -0.05074218 0.04461129
707.59328209 62.92151914 277.24539485 -0.07884920 0.99456507 -0.05109267 0.04486262
707.79932778 63.09017497 277.28194652 -0.07914133 0.99452537 -0.05120194 0.04510323
707.96732872 63.23269800 277.22936848 -0.07954297 0.99446474 -0.05151944 0.04537115
708.17950753 63.32552428 277.29174971 -0.07984958 0.99442707 -0.05165045 0.04550900
708.42939188 63.45955765 277.25465160 -0.08012602 0.99439008 -0.05180655 0.04565385
708.65329032 63.56428154 277.26467430 -0.08058917 0.99433594 -0.05199308 0.04580559
708.85671788 63.69915092 277.29531528 -0.08096737 0.99428083 -0.05231024 0.04597348
709.08233133 63.83648191 277.28389095 -0.08131555 0.99423198 -0.05258571 0.04610082
709.31720412 63.97992179 277.31652773 -0.08160807 0.99419635 -0.05269227 0.04623060
709.50906425 64.09918643 277.27689080 -0.08202647 0.99414184 -0.05293725 0.04638212
709.77665633 64.20276227 277.34639286 -0.08248619 0.99408748 -0.05313132 0.04650987
710.08583619 64.34322578 277.31945843 -0.08291202 0.99403141 -0.05338672 0.04665844
710.36528904 64.44859981 277.34150442 -0.08353220 0.99395793 -0.05365914 0.04680503
710.63283437 64.58366596 277.39038979 -0.08405576 0.99388276 -0.05407793 0.04698164
710.91270895 64.71903758 277.38201463 -0.08454746 0.99381423 -0.05445568 0.04711243
711.19131912 64.87058819 277.42934613 -0.08498426 0.99376090 -0.05463441 0.04724435
711.44019841 65.00034395 277.40763950 -0.08555921 0.99368688 -0.05496172 0.04738370
711.64213103 65.07185847 277.49051421 -0.08578321 0.99365684 -0.05503671 0.04752134
711.87963762 65.18144266 277.46616235 -0.08599429 0.99362260 -0.05518673 0.04768161
712.09461262 65.26184873 277.49580976 -0.08632980 0.99357644 -0.05535428 0.04784268
712.28768763 65.35529803 277.52501917 -0.08662847 0.99352657 -0.05562763 0.04802105
712.51576051 65.45526723 277.51053204 -0.08688108 0.99348464 -0.05586309 0.04815866
712.74461641 65.56882260 277.56646569 -0.08710968 0.99345430 -0.05592528 0.04829918
712.94538636 65.66638534 277.55965509 -0.08744476 0.99340586 -0.05612955 0.04845287
713.07495225 65.70474456 277.64467385 -0.08769663 0.99337177 -0.05621847 0.04859336
713.22697690 65.77930486 277.64426439 -0.08792879 0.99333499 -0.05636813 0.04875198
713.37810635 65.82293059 277.68480057 -0.08830895 0.99328437 -0.05653132 0.04890698
713.51510894 65.86894884 277.72865654 -0.08860724 0.99323197 -0.05682682 0.04908896
713.69364350 65.93639294 277.71664198 -0.08889198 0.99318474 -0.05708046 0.04923522
713.87428622 66.00635269 277.78065274 -0.08914720 0.99315029 -0.05716140 0.04937457
714.01550389 66.07495994 277.78558215 -0.08950813 0.99309891 -0.05735970 0.04952495
714.23430968 66.16412746 277.86089859 -0.08976521 0.99306171 -0.05744647 0.04970468
714.38262053 66.22123676 277.84038209 -0.08998552 0.99303128 -0.05752351 0.04982492
714.53410608 66.27650771 277.84881636 -0.09025499 0.99299271 -0.05767270 0.04993365
714.66935856 66.34338592 277.88016821 -0.09050037 0.99295524 -0.05782284 0.05006092
714.80814060 66.39948950 277.87470118 -0.09071993 0.99292014 -0.05799348 0.05016217
714.92630709 66.47126906 277.89294450 -0.09091890 0.99289175 -0.05807686 0.05026740
715.02325624 66.53700532 277.88391627 -0.09119501 0.99285218 -0.05821688 0.05038668
715.01220086 66.53696596 277.87876878 -0.09143651 0.99282796 -0.05824358 0.05039529
