476.64256560 1.10047260 266.23056040 0.03325753 0.99905008 0.02815544 0.00034800
476.73298970 1.16876545 266.23345591 0.03330553 0.99904875 0.02814623 0.00035356
476.77919535 1.19322544 266.18626824 0.03340196 0.99904980 0.02799440 0.00034121
476.84709060 1.26781697 266.16843662 0.03353711 0.99904398 0.02804054 0.00033326
476.92117484 1.37887012 266.19730205 0.03353295 0.99904623 0.02796524 0.00033322
476.95627716 1.46662166 266.21726245 0.03359373 0.99904487 0.02794099 0.00034502
477.03493537 1.54275410 266.19093780 0.03357657 0.99904911 0.02780972 0.00034538
477.07600127 1.61894844 266.17536045 0.03364147 0.99904531 0.02786755 0.00034913
477.32491249 1.61949254 266.16189480 0.03371610 0.99904026 0.02795905 0.00026323
477.51387674 1.56883543 266.07898218 0.03386313 0.99903685 0.02790418 0.00014196
477.74057585 1.57597277 266.04591423 0.03401691 0.99902864 0.02801114 0.00004540
477.96262957 1.61523903 266.04583864 -0.03403333 -0.99902842 -0.02799903 0.00005975
478.14147743 1.62366961 266.06153049 -0.03413940 -0.99902295 -0.02806454 0.00014652
478.38002245 1.63064062 266.03334240 -0.03417658 -0.99902396 -0.02798259 0.00023766
478.58040526 1.63236107 266.00616658 -0.03423924 -0.99901776 -0.02812630 0.00031928
478.74785650 1.57416767 266.03328865 -0.03425560 -0.99901274 -0.02828510 0.00022894
478.85483746 1.48482071 266.03590542 -0.03434464 -0.99900925 -0.02830094 0.00014081
479.01239197 1.40988113 266.05345117 -0.03445873 -0.99900019 -0.02848191 0.00005777
479.18871383 1.37940453 266.12481547 0.03445388 0.99899767 0.02857599 0.00004634
479.34084629 1.32397570 266.16162730 0.03451791 0.99899217 0.02869036 0.00015439
479.54011181 1.24253499 266.17425305 0.03449747 0.99899256 0.02870058 0.00025790
479.67812725 1.17537494 266.19539186 0.03453600 0.99898607 0.02887843 0.00035730
479.83147926 1.16922137 266.20613224 0.03443331 0.99898666 0.02897990 0.00040854
479.93363455 1.11148319 266.16506822 0.03440156 0.99898901 0.02893578 0.00045347
480.06476732 1.09088652 266.13823065 0.03441140 0.99898401 0.02909593 0.00048651
480.19848892 1.12490681 266.16512233 0.03431079 0.99898668 0.02912211 0.00052992
480.30437242 1.14835244 266.17709571 0.03426647 0.99898615 0.02919118 0.00058982
480.46168184 1.14092963 266.15343926 0.03411148 0.99899260 0.02915085 0.00064535
480.58184089 1.12844869 266.14740388 0.03401691 0.99899117 0.02930888 0.00068777
480.70158505 1.04773210 266.16788322 0.03408648 0.99898201 0.02954015 0.00065509
480.77952903 0.93265381 266.15687747 0.03427394 0.99897240 0.02964886 0.00061533
480.90354011 0.85790752 266.15884593 0.03442929 0.99896031 0.02987645 0.00057096
481.03219659 0.81788741 266.22018894 0.03449031 0.99895323 0.03004314 0.00052164
481.12954880 0.76221087 266.24503241 0.03456698 0.99894368 0.03027215 0.00049941
481.28561725 0.71022539 266.25323227 0.03458034 0.99894099 0.03034606 0.00045515
481.40823588 0.61547677 266.26627183 0.03467155 0.99892898 0.03063612 0.00044116
481.57600941 0.56669114 266.27404521 0.03463638 0.99892614 0.03076820 0.00045308
481.67792121 0.46813214 266.23906006 0.03468516 0.99892474 0.03075876 0.00045045
481.81348425 0.40696128 266.21723757 0.03472513 0.99891874 0.03090818 0.00044856
481.96810745 0.38483750 266.23833711 0.03467006 0.99891979 0.03093600 0.00046172
482.09570391 0.35148917 266.25278198 0.03467541 0.99891670 0.03102903 0.00048456
482.26686096 0.29283858 266.23593798 0.03459749 0.99892019 0.03100369 0.00049790
482.39066580 0.23724400 266.24043723 0.03457189 0.99891592 0.03116909 0.00051020
482.44085701 0.27677062 266.24623154 0.03458674 0.99891221 0.03126996 0.00059087
482.45462954 0.25565300 266.22622673 0.03464937 0.99891157 0.03121978 0.00065523
482.50102290 0.28174752 266.22660756 0.03479126 0.99890114 0.03139368 0.00072414
482.56529505 0.34681948 266.25302243 0.03482305 0.99889776 0.03146408 0.00078865
482.59647644 0.38491618 266.27854230 0.03491196 0.99889206 0.03154415 0.00088470
482.65691164 0.40740100 266.25732683 0.03488970 0.99889384 0.03150993 0.00096390
482.68828497 0.43827154 266.24358196 0.03490782 0.99888729 0.03169481 0.00103230
482.68247977 0.81882203 266.17236776 0.03452258 0.99890053 0.03171354 0.00040601
482.57985004 1.15503066 265.93198086 -0.03442733 -0.99890367 -0.03172039 0.00018787
482.62085355 1.51458044 265.79552934 -0.03389775 -0.99892535 -0.03159855 0.00078837
482.65016120 1.85967609 265.64634110 -0.03349458 -0.99894542 -0.03137238 0.00139127
482.83635832 2.17892238 265.49165401 -0.03317862 -0.99895920 -0.03123488 0.00201929
482.99817388 2.37517899 265.37364065 -0.03320688 -0.99895930 -0.03115302 0.00266570
483.07038865 2.68448346 265.15557464 -0.03299527 -0.99897067 -0.03096416 0.00318232
483.66785896 2.81428664 265.29115749 -0.03272561 -0.99898936 -0.03071766 0.00239297
484.22997736 2.94068374 265.35419387 -0.03241097 -0.99901115 -0.03039721 0.00150067
484.83562352 3.13784570 265.39569932 -0.03214134 -0.99903024 -0.03008492 0.00063905
485.40079218 3.27909244 265.55434474 0.03177964 0.99905082 0.02978944 0.00030916
485.98595839 3.37239218 265.60939827 0.03148428 0.99906920 0.02946103 0.00123534
486.56830876 3.52211642 265.67024809 0.03115620 0.99908502 0.02922433 0.00208842
487.12555070 3.67602232 265.68906357 0.03101644 0.99909653 0.02890771 0.00290820
486.63359228 3.58892786 265.56582077 0.03102605 0.99910365 0.02874114 0.00179791
486.03217539 3.42394142 265.44273750 0.03114983 0.99910834 0.02849154 0.00066331
485.44716818 3.35044901 265.29915659 -0.03118223 -0.99911500 -0.02822595 0.00043387
484.87337205 3.31490764 265.26349223 -0.03123255 -0.99911561 -0.02810640 0.00160132
484.39126460 3.29828450 265.15278154 -0.03117603 -0.99911980 -0.02793408 0.00271327
483.92501804 3.29353867 265.05527247 -0.03125809 -0.99912300 -0.02759912 0.00380070
483.46096930 3.18997881 264.92008341 -0.03115298 -0.99912725 -0.02741312 0.00476997
483.85730986 3.18682005 264.91166911 -0.03117146 -0.99912010 -0.02766359 0.00470002
484.16705065 3.18075939 264.89454389 -0.03133063 -0.99911116 -0.02782436 0.00459155
484.49097332 3.20296007 264.91365708 -0.03150511 -0.99909829 -0.02809988 0.00452059
484.78253100 3.26605704 264.98566742 -0.03149900 -0.99909172 -0.02835518 0.00441902
485.10024946 3.31170691 265.04419528 -0.03154943 -0.99908203 -0.02865193 0.00433578
485.43937679 3.34658051 265.06941005 -0.03153621 -0.99907806 -0.02881908 0.00423846
485.78120473 3.34029315 265.11658524 -0.03165844 -0.99906632 -0.02910223 0.00415927
486.15951773 3.22560985 265.03605024 -0.03168937 -0.99906965 -0.02898378 0.00394359
486.45796717 3.04378300 264.94316206 -0.03165625 -0.99907446 -0.02887669 0.00377389
486.84041537 2.87045318 264.86318798 -0.03159617 -0.99907921 -0.02880438 0.00356570
487.19620581 2.67029897 264.79305670 -0.03153470 -0.99908451 -0.02871511 0.00333893
487.58483643 2.53815240 264.74508309 -0.03145870 -0.99909281 -0.02853631 0.00309747
487.98290597 2.40484599 264.66359219 -0.03148094 -0.99909852 -0.02833569 0.00285957
488.35701323 2.27995363 264.55708218 -0.03148670 -0.99910314 -0.02818775 0.00263555
488.73191151 2.61490953 264.55432443 -0.03131056 -0.99908638 -0.02887041 0.00354367
488.90420940 2.88589155 264.37491496 -0.03171007 -0.99904762 -0.02963665 0.00447074
489.28636575 3.10032175 264.30518476 -0.03144793 -0.99903346 -0.03024107 0.00535297
489.53052411 3.28138006 264.29007236 -0.03130659 -0.99901690 -0.03076736 0.00620561
490.09105664 3.52535975 264.19953625 -0.03130619 -0.99899271 -0.03134291 0.00714927
490.58723533 3.49757361 264.13725842 -0.03171585 -0.99895038 -0.03205888 0.00802982
491.03317917 3.56632123 263.96879853 -0.03171009 -0.99893924 -0.03221717 0.00876993
492.10060837 3.57004115 264.02228790 -0.03138377 -0.99895750 -0.03209948 0.00828246
493.09482807 3.57886327 264.00303545 -0.03105223 -0.99897716 -0.03194963 0.00772054
494.09999298 3.65337284 264.01287429 -0.03079513 -0.99899425 -0.03179179 0.00717137
495.10972063 3.70163584 264.06112718 -0.03039761 -0.99901208 -0.03175036 0.00654009
496.16217935 3.74690024 264.00700074 -0.03010293 -0.99902830 -0.03164293 0.00591581
497.16662500 3.81676317 264.04151046 -0.02981404 -0.99904754 -0.03141433 0.00531708
498.13216493 3.84004335 264.04947334 -0.02964835 -0.99906200 -0.03119929 0.00476546
499.06623310 3.81649495 264.14850091 -0.02945263 -0.99907813 -0.03096566 0.00406909
500.00491123 3.80898074 264.21881316 -0.02916348 -0.99909882 -0.03065989 0.00331837
500.92284865 3.86829076 264.31705917 -0.02896759 -0.99911668 -0.03033516 0.00255292
501.87638320 3.90208914 264.42304468 -0.02871003 -0.99913116 -0.03016249 0.00169638
502.82173281 3.88735181 264.46148794 -0.02849576 -0.99914778 -0.02984911 0.00085790
503.72360143 3.91560051 264.54801597 -0.02834571 -0.99916144 -0.02954531 0.00005059
504.57640689 3.91617611 264.62030029 0.02830743 0.99917161 0.02922833 0.00069978
505.39790062 3.86677418 264.75133746 0.02826179 0.99917467 0.02915652 0.00106668
506.24214398 3.77580200 264.84614000 0.02817191 0.99917956 0.02905975 0.00144564
507.07917637 3.69764579 264.94790728 0.02810601 0.99918515 0.02890943 0.00182574
507.92573310 3.62589785 265.04326059 0.02793170 0.99919203 0.02880605 0.00230511
508.77828472 3.56891660 265.10963400 0.02783770 0.99919897 0.02861494 0.00276766
509.66033692 3.56688329 265.23728469 0.02780641 0.99920259 0.02846328 0.00329010
510.50549735 3.53213205 265.35396147 0.02785741 0.99920851 0.02814870 0.00373673
511.53596941 3.53835311 265.56583215 0.02769878 0.99921493 0.02799933 0.00428172
512.63480512 3.49046415 265.79976165 0.02747049 0.99922530 0.02775566 0.00487875
513.69816371 3.53253597 266.03075563 0.02731610 0.99923177 0.02756053 0.00548729
514.81231341 3.54347509 266.27990446 0.02707365 0.99923691 0.02746181 0.00620249
515.87955961 3.48714464 266.41181918 0.02687276 0.99924378 0.02724531 0.00688560
516.92847979 3.53249703 266.64191194 0.02672505 0.99924850 0.02703545 0.00756850
517.95261436 3.56908871 266.85240495 0.02677228 0.99925035 0.02673612 0.00819485
518.70098457 3.87671331 266.92813339 0.02682417 0.99925138 0.02683508 0.00755074
519.32719264 4.01168208 266.91530063 0.02703076 0.99925165 0.02679153 0.00690644
520.07514272 4.25394810 266.88526236 0.02716089 0.99924789 0.02695274 0.00628427
520.71612960 4.49067873 266.91576372 0.02717194 0.99925055 0.02697178 0.00570415
521.39263736 4.72531732 266.96256972 0.02731887 0.99924627 0.02711055 0.00505822
522.11525883 4.85329312 266.97976496 0.02752269 0.99924251 0.02714168 0.00449966
522.80675704 5.07065625 267.06430298 0.02775507 0.99924472 0.02691152 0.00392626
523.58557487 5.29134030 267.26849999 0.02772068 0.99924382 0.02699552 0.00381932
524.34844007 5.48380323 267.40768905 0.02786430 0.99924094 0.02696177 0.00376552
525.12432536 5.71364372 267.54576097 0.02793448 0.99923809 0.02699919 0.00373431
525.88517429 5.94428644 267.74506018 0.02786052 0.99923841 0.02706145 0.00375052
526.68757905 6.14667338 267.93096201 0.02790191 0.99923382 0.02719137 0.00372520
527.50479861 6.31313390 268.07486139 0.02801417 0.99923038 0.02720315 0.00372077
528.27205597 6.50475201 268.22947159 0.02820761 0.99922638 0.02715092 0.00371430
529.21368334 6.47660140 268.37133228 0.02792539 0.99923261 0.02714829 0.00416460
530.14004043 6.46959555 268.53683878 0.02770087 0.99923859 0.02707183 0.00469316
531.02212620 6.52986665 268.68029725 0.02747159 0.99924401 0.02700823 0.00522173
531.93775740 6.52863820 268.85121678 0.02717223 0.99924791 0.02704927 0.00579791
532.81224108 6.50753537 268.96736853 0.02692515 0.99925168 0.02702964 0.00636556
533.66752392 6.52260214 269.11031729 0.02668306 0.99925681 0.02694548 0.00691228
534.47735776 6.52430070 269.24552986 0.02657666 0.99925592 0.02694632 0.00742801
535.22074380 6.59345872 269.42772550 0.02655955 0.99925105 0.02712435 0.00749595
535.91563392 6.62544377 269.53146170 0.02668883 0.99924144 0.02733344 0.00755909
536.57085406 6.74145539 269.66107466 0.02666302 0.99923929 0.02740207 0.00768389
537.28384761 6.77771634 269.81287136 0.02657031 0.99923350 0.02765345 0.00785639
538.01776543 6.79848341 269.88446007 0.02656562 0.99922734 0.02784200 0.00798795
538.72015060 6.80358980 270.04304288 0.02672237 0.99921579 0.02805964 0.00814761
539.33566985 6.82243209 270.15566214 0.02690389 0.99920940 0.02806680 0.00830786
539.97497397 6.85451425 270.18999579 0.02682029 0.99921030 0.02806782 0.00846464
540.55840607 6.90589529 270.20089557 0.02678506 0.99920995 0.02806122 0.00863731
541.09674087 6.98384670 270.27637775 0.02674259 0.99921081 0.02801451 0.00881972
541.66763835 7.07022191 270.32944042 0.02660577 0.99921168 0.02803815 0.00905576
542.25693737 7.14890271 270.36358925 0.02650319 0.99921298 0.02802057 0.00926526
542.83218676 7.21706672 270.44153553 0.02645084 0.99921151 0.02803488 0.00952666
543.38630830 7.26534273 270.50654277 0.02646085 0.99921192 0.02794020 0.00973171
543.99975609 7.20782783 270.53978295 0.02641812 0.99921026 0.02803253 0.00975288
544.54609611 7.15348038 270.57139718 0.02652501 0.99920359 0.02816164 0.00977373
545.04512154 7.13945057 270.63016960 0.02653633 0.99920183 0.02819727 0.00982024
545.59699948 7.09029873 270.69788039 0.02647809 0.99919848 0.02834856 0.00988274
546.10663881 7.06426603 270.72511207 0.02642823 0.99919603 0.02846567 0.00992667
546.60632336 7.04237573 270.80021291 0.02645644 0.99919116 0.02859286 0.00997639
547.07482293 6.96961476 270.83724010 0.02650258 0.99918739 0.02865601 0.01004975
548.25091752 6.87755407 270.96615206 0.02630562 0.99918891 0.02866223 0.01039303
549.44804849 6.79855589 271.05075447 0.02613964 0.99919091 0.02859469 0.01079725
550.62718022 6.77146820 271.14556592 0.02597142 0.99919452 0.02846634 0.01120077
551.79663825 6.69637105 271.28152052 0.02572363 0.99919593 0.02845831 0.01165812
552.98832630 6.60875837 271.34585850 0.02552546 0.99919492 0.02848209 0.01211360
554.16466192 6.56595595 271.48532353 0.02538858 0.99919527 0.02841005 0.01253367
555.34484357 6.53665714 271.54594518 0.02526861 0.99919462 0.02834938 0.01295838
556.48690289 6.47066300 271.65785213 0.02488775 0.99920173 0.02833659 0.01317325
557.60928179 6.36624589 271.65582114 0.02457166 0.99920604 0.02834211 0.01342601
558.79650708 6.31006086 271.74403122 0.02418185 0.99921472 0.02824279 0.01369420
559.93623849 6.24836966 271.83632155 0.02375282 0.99921932 0.02827333 0.01404164
561.13741642 6.20538008 271.84452955 0.02338932 0.99922346 0.02826393 0.01437247
562.34155145 6.15636860 271.93475142 0.02310627 0.99922753 0.02818192 0.01470482
563.56274261 6.11559500 271.97370102 0.02283899 0.99923328 0.02803182 0.01501482
564.71466227 6.04385472 272.03650922 0.02256057 0.99923152 0.02812285 0.01537871
565.82026991 5.96864367 272.00765804 0.02229054 0.99922919 0.02819079 0.01579366
566.96945691 5.91899930 272.03095126 0.02203149 0.99922673 0.02825737 0.01618848
568.05168558 5.88380437 272.08416221 0.02169568 0.99922199 0.02839842 0.01668058
569.22120568 5.86467827 272.03392557 0.02141312 0.99921760 0.02848477 0.01715452
570.40830306 5.82214854 272.06105878 0.02115302 0.99921399 0.02851862 0.01762493
571.63102043 5.78053880 272.04455225 0.02091408 0.99921327 0.02845526 0.01804837
572.62072194 5.72092633 272.10362389 0.02076074 0.99920858 0.02851435 0.01838867
573.59182810 5.63261307 272.12391818 0.02067822 0.99920162 0.02855621 0.01879012
574.56344199 5.62300643 272.20261075 0.02056167 0.99919645 0.02856530 0.01917538
575.52689096 5.59069989 272.26323628 0.02039074 0.99918651 0.02871464 0.01964723
576.56001993 5.56325924 272.26275493 0.02022861 0.99917881 0.02878173 0.02010289
577.58148278 5.52004732 272.34161758 0.02012646 0.99917091 0.02880961 0.02055283
578.63395459 5.47311089 272.36420026 0.02008989 0.99916351 0.02878802 0.02097450
579.83254207 5.39299492 272.48628621 0.01979691 0.99916824 0.02879495 0.02101829
581.04197927 5.33049554 272.55694051 0.01961452 0.99917063 0.02879266 0.02107851
582.18535114 5.30165768 272.68053628 0.01931229 0.99917887 0.02865731 0.02115125
583.35921171 5.25980667 272.78173400 0.01900550 0.99918187 0.02865480 0.02129052
584.61870660 5.23841995 272.83680027 0.01871986 0.99918382 0.02867950 0.02141832
585.85030966 5.20257708 272.97855772 0.01855519 0.99918710 0.02856382 0.02156283
587.09649648 5.19067909 273.04846806 0.01832463 0.99919217 0.02843026 0.02170088
588.01267036 5.16960046 273.07427004 0.01815728 0.99918991 0.02845674 0.02190985
588.89668615 5.14699988 273.08421306 0.01814661 0.99918491 0.02845723 0.02214506
589.75634163 5.21366333 273.14881127 0.01807094 0.99918161 0.02845165 0.02236194
590.61045538 5.26007045 273.18870982 0.01792726 0.99917617 0.02851891 0.02263346
591.50258280 5.28648600 273.25298544 0.01780282 0.99916987 0.02860212 0.02290290
592.39376053 5.33625386 273.33116025 0.01768148 0.99916727 0.02854813 0.02317614
593.32402381 5.39718055 273.37158779 0.01758847 0.99916142 0.02859862 0.02343552
594.37150944 5.37427882 273.49192841 0.01725358 0.99915796 0.02845977 0.02399428
595.40709323 5.36047595 273.55912004 0.01691411 0.99915275 0.02831217 0.02461959
596.42862571 5.41814220 273.64994646 0.01655432 0.99914941 0.02811370 0.02521971
597.44339745 5.42651347 273.77572283 0.01613833 0.99914130 0.02802564 0.02589927
598.50648352 5.44165795 273.81947361 0.01580941 0.99913192 0.02790754 0.02658267
599.53247621 5.45906010 273.93175343 0.01547671 0.99912407 0.02775287 0.02722748
600.57562695 5.50245481 273.97363370 0.01517147 0.99911673 0.02757210 0.02784546
601.35828755 5.49822566 273.98344350 0.01477539 0.99911946 0.02749266 0.02803831
602.06267510 5.50265610 273.94131126 0.01449013 0.99911932 0.02741345 0.02826863
602.74209123 5.57010146 273.89606317 0.01410268 0.99912148 0.02731849 0.02847954
603.39702454 5.64092133 273.93361813 0.01362995 0.99912138 0.02726826 0.02876005
604.14421109 5.74780167 273.86767611 0.01324323 0.99911984 0.02724206 0.02901796
604.84635032 5.81434065 273.89259488 0.01287266 0.99911999 0.02713861 0.02927510
605.57710623 5.88447529 273.86636568 0.01255052 0.99912214 0.02696061 0.02950525
606.21256468 5.94373238 273.82681611 0.01229161 0.99911991 0.02692077 0.02972534
606.84462101 6.00332698 273.79623503 0.01214134 0.99911776 0.02677797 0.02998724
607.45432930 6.15595988 273.79511670 0.01197462 0.99911439 0.02671916 0.03021793
608.02811418 6.30000849 273.83028453 0.01168434 0.99911084 0.02666023 0.03049964
608.64503374 6.43766030 273.86885845 0.01148494 0.99910608 0.02662432 0.03076158
609.27172088 6.56740988 273.87577864 0.01122738 0.99910452 0.02649397 0.03101884
609.94020248 6.73894164 273.85412597 0.01104204 0.99910052 0.02645855 0.03124356
610.72592022 6.79923500 273.90316278 0.01077653 0.99909232 0.02640476 0.03164150
611.45891214 6.84861765 273.94523554 0.01059779 0.99908166 0.02629600 0.03212540
612.20819765 7.00128369 274.02598380 0.01042617 0.99907027 0.02625201 0.03256861
612.91145912 7.13830274 274.11298502 0.01010195 0.99905512 0.02630371 0.03308972
613.69120705 7.23045901 274.13337817 0.00984687 0.99904150 0.02629876 0.03357817
614.43364068 7.35809800 274.22501510 0.00956347 0.99902996 0.02624058 0.03404570
615.23719720 7.46538031 274.27062976 0.00946169 0.99901833 0.02615847 0.03447593
616.23611081 7.50052033 274.30618636 0.00897732 0.99901786 0.02608220 0.03467638
617.14558920 7.53000962 274.30038027 0.00857270 0.99901281 0.02602776 0.03496398
618.05785844 7.67413412 274.30480747 0.00820746 0.99900852 0.02599884 0.03519477
618.91498629 7.83201209 274.37303532 0.00765741 0.99900119 0.02601963 0.03551003
619.87660237 7.96714877 274.30484338 0.00719611 0.99899264 0.02606714 0.03581098
620.80186989 8.10372618 274.36581152 0.00668425 0.99898885 0.02594220 0.03610536
621.77178105 8.24794766 274.38590781 0.00632179 0.99898494 0.02582499 0.03636202
622.76707211 8.21139548 274.45952776 0.00582073 0.99898921 0.02574123 0.03638776
623.72207696 8.18900019 274.50626138 0.00550259 0.99898970 0.02568634 0.03646251
624.70153422 8.27358252 274.61151543 0.00499617 0.99899478 0.02552797 0.03650730
625.63235655 8.30300897 274.71637045 0.00449180 0.99899540 0.02544877 0.03661103
626.67309704 8.33172846 274.73612830 0.00399176 0.99899399 0.02543389 0.03671771
627.71468143 8.43172857 274.86107990 0.00354688 0.99899723 0.02522888 0.03681651
628.83517122 8.51424887 274.91451711 0.00310189 0.99899799 0.02510660 0.03691955
629.18183961 8.59955408 274.91570935 0.00300801 0.99900508 0.02512713 0.03672093
629.52919086 8.66247691 274.87158476 0.00310084 0.99901307 0.02505047 0.03654794
629.82887768 8.79210285 274.87432790 0.00307276 0.99902022 0.02506012 0.03634753
630.11134335 8.95909216 274.91646731 0.00299170 0.99902812 0.02500304 0.03617622
630.36446809 9.11278344 274.89748844 0.00291393 0.99903432 0.02507406 0.03596137
630.66805539 9.23175666 274.89456949 0.00283929 0.99904356 0.02500012 0.03576156
631.00014795 9.30995450 274.94732093 0.00276510 0.99904928 0.02501844 0.03559450
631.31497772 9.27004997 274.91711374 0.00260113 0.99904407 0.02523471 0.03560047
631.59164321 9.17675630 274.87630741 0.00255723 0.99904152 0.02533275 0.03560564
631.89915030 9.13652889 274.87154190 0.00250860 0.99903646 0.02554932 0.03559614
632.20769655 9.11523434 274.87117982 0.00237910 0.99903134 0.02573178 0.03561728
632.48045674 9.05575429 274.90451851 0.00228042 0.99902602 0.02592634 0.03563200
632.82270848 9.03763874 274.86658784 0.00208973 0.99902489 0.02596773 0.03564523
633.18738061 9.01586174 274.86988611 0.00191034 0.99901861 0.02619818 0.03566266
633.28376117 9.04591102 274.86946944 0.00183897 0.99901024 0.02630487 0.03582202
633.35534174 9.06995492 274.86757561 0.00184444 0.99900588 0.02624582 0.03598627
633.44369113 9.11946748 274.85945369 0.00189487 0.99899710 0.02639089 0.03612088
633.51370193 9.23529032 274.89699860 0.00183383 0.99898858 0.02646332 0.03630632
633.52672910 9.32186537 274.88300941 0.00182940 0.99897973 0.02656612 0.03647465
633.60393770 9.37127236 274.84086531 0.00168526 0.99897466 0.02653740 0.03664096
633.69870609 9.39626690 274.87812407 0.00160982 0.99896547 0.02668151 0.03678993
633.67014588 9.49789255 274.87087734 0.00170016 0.99895814 0.02676550 0.03692367
633.61259961 9.60919789 274.85611671 0.00184115 0.99895477 0.02670342 0.03705264
633.64452500 9.73524551 274.84312261 0.00203753 0.99894665 0.02683642 0.03716523
633.61661641 9.91633399 274.88747875 0.00207901 0.99893988 0.02685184 0.03733328
633.52877528 10.07568491 274.84654972 0.00223258 0.99893045 0.02697813 0.03748532
633.53269736 10.16523288 274.80064847 0.00224740 0.99892546 0.02697253 0.03762121
633.50940129 10.25175629 274.81976040 0.00234525 0.99891596 0.02713247 0.03775233
633.49276225 10.09675064 274.84073148 0.00249295 0.99889947 0.02752282 0.03789640
633.42906191 9.89342229 274.83169974 0.00267334 0.99888659 0.02777812 0.03803692
633.43337553 9.68686742 274.81285147 0.00298509 0.99886867 0.02821950 0.03815926
633.41430376 9.54278850 274.83080493 0.00318401 0.99885162 0.02860348 0.03830337
633.38496958 9.34380050 274.84874961 0.00340368 0.99883374 0.02898054 0.03846701
633.39798898 9.17729931 274.81000753 0.00350329 0.99882149 0.02919153 0.03861617
633.41415962 8.98441744 274.84210747 0.00363326 0.99880385 0.02959190 0.03875553
633.41794484 8.69579848 274.82384074 0.00399118 0.99879376 0.02982989 0.03879791
633.43079926 8.34075648 274.68260091 0.00432498 0.99878524 0.03002119 0.03883374
633.48790785 7.95634022 274.63319965 0.00485730 0.99877233 0.03037235 0.03882977
633.49608224 7.66079852 274.59963596 0.00533074 0.99875872 0.03069365 0.03886519
633.58041169 7.32892764 274.53530212 0.00571770 0.99874360 0.03099815 0.03895704
633.74888943 6.96720497 274.47445386 0.00598312 0.99873430 0.03118191 0.03900874
633.91921458 6.62981143 274.42474485 0.00636596 0.99872109 0.03147117 0.03905415
633.94510322 6.31190639 274.42300180 0.00672189 0.99870283 0.03191022 0.03910502
633.96200212 5.95754423 274.34333814 0.00709873 0.99868634 0.03224922 0.03918156
634.03712369 5.61181242 274.29810800 0.00764862 0.99866499 0.03274836 0.03920809
634.04051072 5.38032108 274.31297829 0.00808001 0.99864488 0.03319564 0.03925774
634.07818323 5.13575325 274.27346150 0.00843956 0.99862353 0.03362104 0.03936297
634.17531458 4.88759804 274.24616262 0.00867829 0.99860833 0.03394187 0.03942138
634.29595554 4.60558310 274.26417803 0.00897428 0.99858708 0.03441562 0.03948265
634.02364079 4.54638526 274.35880916 0.00931721 0.99857447 0.03463847 0.03952712
633.75582671 4.41548261 274.31658606 0.00971658 0.99856150 0.03483962 0.03958191
633.54924227 4.31570370 274.29058004 0.01011482 0.99854698 0.03513549 0.03958690
633.24151245 4.26348587 274.38543743 0.01047238 0.99853178 0.03544973 0.03959722
632.93482687 4.21578423 274.42717289 0.01075304 0.99851497 0.03579366 0.03963637
632.69069138 4.22778637 274.42291433 0.01099211 0.99850316 0.03602846 0.03965566
632.43541002 4.16919570 274.42122052 0.01132056 0.99848736 0.03632424 0.03969125
632.23489314 4.37554155 274.44454492 0.01135671 0.99848026 0.03645650 0.03973804
632.02437120 4.58498844 274.46354502 0.01147357 0.99847487 0.03648790 0.03981113
631.89888030 4.76293166 274.43819402 0.01163871 0.99846340 0.03672238 0.03983531
631.70228025 5.05060489 274.52933690 0.01160554 0.99845510 0.03686577 0.03992031
631.41562310 5.30885355 274.46185956 0.01163868 0.99844518 0.03708236 0.03995836
631.22966256 5.51767882 274.41370497 0.01156931 0.99843911 0.03721096 0.04001054
631.01103777 5.65926139 274.41501422 0.01166579 0.99842922 0.03739806 0.04005482
631.08920158 5.61916225 274.39605498 0.01168049 0.99841708 0.03769144 0.04007812
631.13071837 5.53615695 274.33956946 0.01177495 0.99840889 0.03786012 0.04009539
631.21430328 5.45934444 274.29599014 0.01195996 0.99839435 0.03818578 0.04009396
631.27770258 5.46342552 274.28070209 0.01200619 0.99838243 0.03845783 0.04011685
631.31599565 5.42659049 274.23867615 0.01207155 0.99836891 0.03875895 0.04014402
631.39309394 5.38406823 274.17036689 0.01201390 0.99836346 0.03888867 0.04017147
631.47320421 5.29821941 274.17436264 0.01200259 0.99834865 0.03924913 0.04019220
631.49250414 5.32261736 274.14208248 0.01203926 0.99833940 0.03940417 0.04025922
631.47815200 5.31302994 274.09530192 0.01214662 0.99833435 0.03944008 0.04031712
631.52234185 5.31627722 274.05317689 0.01231521 0.99832260 0.03963730 0.04036334
631.52471511 5.37869259 274.04907991 0.01235117 0.99831416 0.03976640 0.04043415
631.49762654 5.41378082 274.02042556 0.01242391 0.99830303 0.03994226 0.04051332
631.51503558 5.40641753 273.95372888 0.01238779 0.99829866 0.03998763 0.04058715
631.51997479 5.39927253 273.95917622 0.01239341 0.99828633 0.04023008 0.04064903
631.57623848 5.38546316 273.94828476 0.01251705 0.99827042 0.04046040 0.04077325
631.59417227 5.34337313 273.88441757 0.01268745 0.99825961 0.04055688 0.04088906
631.65800646 5.30251354 273.84672181 0.01293514 0.99824176 0.04081167 0.04099364
631.69968010 5.31980609 273.83413978 0.01304950 0.99822689 0.04100482 0.04112648
631.70927317 5.32279349 273.82440366 0.01321394 0.99821035 0.04121483 0.04126540
631.76642836 5.30389635 273.74507580 0.01325179 0.99820075 0.04129995 0.04140013
631.82395306 5.27474319 273.73436423 0.01334114 0.99818297 0.04157948 0.04152021
631.85159596 5.24346674 273.71738244 0.01339076 0.99816517 0.04189507 0.04161464
631.83675833 5.18559744 273.67544714 0.01352185 0.99815162 0.04208028 0.04171030
631.88313811 5.13443578 273.64191136 0.01373569 0.99813020 0.04243481 0.04179369
631.89204426 5.16587994 273.64108453 0.01380485 0.99811200 0.04273504 0.04189970
631.85935474 5.16284329 273.59684047 0.01390630 0.99809213 0.04306004 0.04200663
631.87430491 5.12078609 273.52418147 0.01388600 0.99808021 0.04323471 0.04211691
631.88072943 5.04976604 273.53469071 0.01392654 0.99805900 0.04361487 0.04221398
631.93011242 5.07791128 273.50759434 0.01400397 0.99804410 0.04381119 0.04233720
631.93899570 5.08133556 273.46525260 0.01414365 0.99803404 0.04387557 0.04246111
632.01046974 5.08959705 273.44647281 0.01435909 0.99801618 0.04410772 0.04256791
632.04631646 5.15046126 273.45623356 0.01443609 0.99800047 0.04429922 0.04271118
632.05337400 5.18495376 273.43669233 0.01454954 0.99798276 0.04451867 0.04285801
632.09508147 5.18080053 273.38087641 0.01452696 0.99797270 0.04461521 0.04299926
632.13109724 5.16088974 273.39451227 0.01457724 0.99795342 0.04490310 0.04312979
632.18199476 5.16327558 273.36377448 0.01459704 0.99793679 0.04518233 0.04321637
632.19954918 5.13909616 273.31732580 0.01470707 0.99792556 0.04531229 0.04330218
632.25989588 5.11770589 273.28145973 0.01489105 0.99790532 0.04563911 0.04336248
632.30197509 5.16063790 273.29959303 0.01495152 0.99788924 0.04587176 0.04346607
632.30007681 5.18139808 273.26942385 0.01505575 0.99787093 0.04614791 0.04355804
632.36497293 5.14447989 273.20299720 0.01500452 0.99786135 0.04627589 0.04365917
632.41162309 5.11643146 273.19312395 0.01502864 0.99784170 0.04661541 0.04373890
632.43583482 5.17022152 273.14841678 0.01498623 0.99782874 0.04681565 0.04383500
632.42299448 5.19795204 273.07057809 0.01502449 0.99782059 0.04688689 0.04393126
632.45279818 5.22804337 273.01369441 0.01515736 0.99780289 0.04716795 0.04398671
632.45165016 5.32379113 273.00858780 0.01515266 0.99779062 0.04732392 0.04409899
632.40470940 5.41050171 272.96084191 0.01520129 0.99777658 0.04751649 0.04419271
632.43568759 5.42860749 272.85964385 0.01510464 0.99776934 0.04760026 0.04429916
632.43227457 5.46166371 272.82052111 0.01508290 0.99775413 0.04784935 0.04438073
632.49063626 5.37899274 272.79396728 0.01513058 0.99773324 0.04823544 0.04441603
632.50392069 5.27505161 272.71875919 0.01529255 0.99771644 0.04850255 0.04444702
632.56786446 5.16549520 272.67296784 0.01552337 0.99769318 0.04889608 0.04445808
632.62155404 5.13961399 272.66467464 0.01561973 0.99767278 0.04924712 0.04449455
632.65343679 5.08687245 272.62359337 0.01572626 0.99765065 0.04962476 0.04453361
632.72860549 4.98632924 272.55787757 0.01572095 0.99763796 0.04983778 0.04458189
632.80218763 4.87337754 272.53834884 0.01577645 0.99761429 0.05025719 0.04462122
632.86232737 4.84935660 272.51404368 0.01578973 0.99759803 0.05050112 0.04470455
632.87869356 4.78834598 272.45367183 0.01587345 0.99758729 0.05062305 0.04477649
632.94390350 4.73493328 272.40452617 0.01604126 0.99756623 0.05093311 0.04483422
632.98646884 4.74763989 272.39125903 0.01608295 0.99754974 0.05117072 0.04491567
632.96990386 4.71751335 272.35292207 0.01612885 0.99753011 0.05148693 0.04497377
632.94375811 4.62271736 272.28578527 0.01613184 0.99751888 0.05166065 0.04502259
632.92327386 4.52680182 272.23175584 0.01621904 0.99749555 0.05205443 0.04505445
632.86191063 4.42711835 272.18011050 0.01627215 0.99747639 0.05241099 0.04504618
632.77154757 4.32316279 272.15781730 0.01638223 0.99745685 0.05273567 0.04506009
632.69674884 4.20668131 272.07259513 0.01634873 0.99744593 0.05292872 0.04508764
632.61248603 4.07235058 272.04655139 0.01631551 0.99742413 0.05335589 0.04507837
