601.04237410 -2.76500970 270.22388010 0.00708318 0.99594492 0.08903261 0.01080258
601.14575624 -2.73074504 270.22757304 0.00714445 0.99593407 0.08914723 0.01081967
601.21165438 -2.72055189 270.15847373 0.00729984 0.99593100 0.08917155 0.01079746
601.33619576 -2.69996483 270.13750977 0.00750257 0.99591634 0.08931925 0.01078967
601.43139283 -2.63813582 270.12175520 0.00760919 0.99591005 0.08938137 0.01078148
601.49628039 -2.58072765 270.13790603 0.00776577 0.99589897 0.08948969 0.01079451
601.60216578 -2.55166907 270.10170078 0.00783678 0.99589634 0.08951028 0.01081506
601.71145461 -2.52339433 270.08717543 0.00788814 0.99588061 0.08967882 0.01083058
601.79430789 -2.54206196 270.08586722 0.00793222 0.99586523 0.08983306 0.01093371
601.85337002 -2.58656604 270.00575507 0.00805300 0.99585859 0.08988730 0.01100399
601.97117301 -2.62603673 269.98104966 0.00824492 0.99583913 0.09007741 0.01106854
602.05399940 -2.60476616 269.97402673 0.00835081 0.99582700 0.09019287 0.01113943
602.12009125 -2.59312341 269.98059513 0.00847067 0.99581210 0.09033278 0.01124675
602.21723718 -2.61331637 269.94410934 0.00850087 0.99580601 0.09038387 0.01135232
602.33113102 -2.60976639 269.94214540 0.00853941 0.99578721 0.09057599 0.01144134
602.48582051 -2.59319412 269.96804199 0.00848432 0.99576926 0.09078030 0.01142525
602.63699853 -2.62926821 269.90242217 0.00859695 0.99575624 0.09091889 0.01137377
602.84489431 -2.62974796 269.90434890 0.00870324 0.99573334 0.09116645 0.01131563
602.98061751 -2.59715939 269.93484205 0.00874635 0.99572017 0.09131220 0.01126650
603.12659796 -2.57004176 269.95883787 0.00878327 0.99570125 0.09151778 0.01124143
603.31339093 -2.56840082 269.94749574 0.00874749 0.99569360 0.09160633 0.01122595
603.52238584 -2.54518346 269.95986332 0.00870212 0.99567177 0.09185064 0.01120099
603.27196575 -2.37211941 269.95734246 0.00895077 0.99569923 0.09161362 0.01048146
603.02003633 -2.28034995 269.84420148 0.00923093 0.99573337 0.09129445 0.00975572
602.84075274 -2.14208217 269.86640073 0.00954290 0.99575583 0.09109458 0.00900207
602.54147299 -1.97413669 269.84648134 0.00979076 0.99578046 0.09086407 0.00831470
602.29247340 -1.85277197 269.75830612 0.01010496 0.99579572 0.09072507 0.00759821
602.05530848 -1.68863235 269.64392258 0.01051038 0.99583131 0.09034024 0.00694129
601.82185826 -1.43677135 269.61152066 0.01088484 0.99585807 0.09004832 0.00628685
601.83935398 -1.45292722 269.60389527 0.01140606 0.99586239 0.08992954 0.00637775
601.84124303 -1.41109687 269.57481284 0.01183751 0.99584802 0.09002181 0.00653239
601.96476115 -1.41679021 269.55009080 0.01189206 0.99587458 0.08970553 0.00673245
602.10624307 -1.50722163 269.47511839 0.01219454 0.99588610 0.08952041 0.00694704
602.35841279 -1.66680759 269.46982025 0.01251225 0.99589755 0.08933331 0.00714724
602.62050122 -1.82585972 269.51352351 0.01312591 0.99587307 0.08951274 0.00721197
602.77506339 -1.98298666 269.40408903 0.01365552 0.99588288 0.08930237 0.00747719
602.97150893 -2.13662502 269.33477863 0.01361524 0.99588399 0.08928853 0.00756663
603.16398025 -2.29081326 269.25298247 0.01359085 0.99589271 0.08918955 0.00762996
603.42148380 -2.45044163 269.20922832 0.01365317 0.99589604 0.08913811 0.00768535
603.64476659 -2.53226464 269.19662010 0.01369440 0.99589568 0.08913165 0.00773390
603.86844832 -2.62541029 269.19200689 0.01365498 0.99590306 0.08904511 0.00784875
604.11662915 -2.72817604 269.13331153 0.01357036 0.99591639 0.08890037 0.00794492
604.41566898 -2.81192234 269.15031582 0.01349319 0.99591466 0.08892340 0.00803498
604.69950473 -2.83859302 269.13847013 0.01338106 0.99588663 0.08923140 0.00827740
604.99453037 -2.89073479 269.08458040 0.01340698 0.99586348 0.08946147 0.00853367
605.28580610 -2.93319411 269.07600653 0.01341262 0.99583848 0.08971753 0.00875163
605.54068477 -2.93277401 269.05020810 0.01337395 0.99581385 0.08997045 0.00901261
605.78935476 -2.94265436 269.06973711 0.01332553 0.99578721 0.09024617 0.00926724
606.07459366 -2.93641246 269.08540618 0.01323274 0.99576224 0.09050742 0.00953226
606.36793892 -2.95211844 269.10560061 0.01315677 0.99573493 0.09079255 0.00977556
606.95717573 -2.83707065 269.15495803 0.01285701 0.99571758 0.09097805 0.01020773
607.46439358 -2.72204219 269.14851409 0.01267682 0.99570074 0.09112390 0.01075997
607.97528809 -2.60632246 269.21788399 0.01254528 0.99568193 0.09129058 0.01123097
608.48035496 -2.39645145 269.31129077 0.01232373 0.99564871 0.09160664 0.01183197
609.07505327 -2.16133915 269.31055370 0.01209130 0.99562405 0.09183048 0.01239794
609.62634311 -1.96466756 269.36964905 0.01177709 0.99560008 0.09204878 0.01299249
610.16605514 -1.85519705 269.44294838 0.01171981 0.99558487 0.09214894 0.01349047
610.69429310 -1.75783265 269.45249558 0.01124113 0.99557340 0.09228052 0.01384013
611.12874739 -1.67074192 269.42696746 0.01097805 0.99555971 0.09239388 0.01427283
611.56432013 -1.54081822 269.46176846 0.01073616 0.99554356 0.09254133 0.01462384
612.00899016 -1.35725922 269.49590509 0.01041823 0.99552299 0.09272684 0.01507219
612.47051041 -1.17106282 269.49776148 0.01007714 0.99550394 0.09289923 0.01549488
612.93577544 -1.02578451 269.50405438 0.00961180 0.99549355 0.09298389 0.01594377
613.40704165 -0.89921337 269.55174386 0.00937361 0.99547682 0.09312643 0.01629440
613.94503781 -0.77864318 269.53309314 0.00903624 0.99546040 0.09332581 0.01634744
614.36105627 -0.71628942 269.45763598 0.00891175 0.99544118 0.09352807 0.01642970
614.79852187 -0.61987429 269.45001770 0.00878771 0.99542136 0.09374554 0.01645773
615.20349967 -0.44536727 269.44373269 0.00856696 0.99539723 0.09400311 0.01656449
615.67055002 -0.25979398 269.38716056 0.00833913 0.99537351 0.09425790 0.01665781
616.16392322 -0.13082609 269.37271599 0.00803970 0.99535717 0.09443170 0.01679646
616.62755247 -0.05369126 269.38219786 0.00790676 0.99534312 0.09458203 0.01684631
617.51456105 0.00262105 269.41709529 0.00733067 0.99535376 0.09444233 0.01725681
618.35409012 0.01992992 269.44932553 0.00678680 0.99536950 0.09422453 0.01775464
619.20738307 0.08003235 269.57984003 0.00626196 0.99538227 0.09404042 0.01820207
620.05692099 0.20521400 269.67331599 0.00570725 0.99538623 0.09392899 0.01873576
620.93071724 0.31441225 269.70075136 0.00517768 0.99539373 0.09377074 0.01927614
621.79882181 0.43341538 269.78894826 0.00457573 0.99540663 0.09355076 0.01982309
622.63852198 0.52044502 269.87876033 0.00415131 0.99541427 0.09339131 0.02027975
623.55306945 0.43881144 269.87011971 0.00368406 0.99543051 0.09312089 0.02080915
624.40942062 0.30136178 269.87136234 0.00310589 0.99544424 0.09286238 0.02139408
625.32838476 0.16640572 269.98448880 0.00262006 0.99546169 0.09256216 0.02194110
626.25198186 0.06489654 270.01686786 0.00215191 0.99546744 0.09236273 0.02256245
627.15487653 -0.03496507 270.03403207 0.00165191 0.99548189 0.09205129 0.02323008
628.06887261 -0.11167545 270.07180913 0.00114659 0.99549992 0.09170221 0.02386001
628.99461276 -0.22098748 270.08907761 0.00074036 0.99551060 0.09144316 0.02441811
629.49722760 -0.59556171 270.00501960 0.00062988 0.99551930 0.09136726 0.02435076
629.95352487 -1.00941668 269.96061587 0.00049592 0.99552350 0.09135512 0.02422737
630.42796955 -1.50683500 270.00660832 0.00041637 0.99552527 0.09134979 0.02417590
630.98190254 -1.90383575 269.96011426 0.00039839 0.99552232 0.09140347 0.02409458
631.44574951 -2.24274015 269.94955833 0.00010263 0.99552933 0.09133166 0.02408064
631.90855826 -2.62688200 269.95458658 -0.00008742 0.99554475 0.09117221 0.02404719
632.40660148 -2.98279261 269.97148088 -0.00025454 0.99555240 0.09110242 0.02399369
633.14186549 -3.49556466 269.84707029 -0.00029340 0.99554725 0.09121451 0.02378025
633.81819207 -4.07411190 269.70375961 -0.00044270 0.99553789 0.09138532 0.02351239
634.53986306 -4.75808118 269.63056664 -0.00052626 0.99553015 0.09151878 0.02331865
635.30094284 -5.29294792 269.53710629 -0.00054856 0.99552045 0.09168502 0.02307775
636.05858060 -5.74509969 269.43258137 -0.00079959 0.99551643 0.09176819 0.02291290
636.83697557 -6.23384976 269.35148846 -0.00096822 0.99552160 0.09175150 0.02274784
637.72883140 -6.73128285 269.28230555 -0.00116150 0.99552435 0.09176543 0.02256173
638.56731694 -6.82272625 269.29937718 -0.00065250 0.99539948 0.09308233 0.02269623
639.31336316 -6.89520729 269.19717139 0.00013341 0.99528282 0.09427627 0.02289261
640.09142648 -6.97093926 269.18486670 0.00101887 0.99515730 0.09554965 0.02304705
640.85558007 -6.91115930 269.16395237 0.00164164 0.99499339 0.09716814 0.02331995
641.75140110 -6.86789158 269.12831473 0.00223726 0.99484572 0.09861063 0.02351428
642.56322272 -6.94905160 269.06865820 0.00294967 0.99470127 0.09998357 0.02374785
643.36208611 -7.04505746 269.02243697 0.00385917 0.99458272 0.10107844 0.02394739
644.09363781 -7.29229334 268.96215441 0.00426414 0.99447372 0.10195924 0.02466065
644.79349417 -7.53883198 268.90718179 0.00474120 0.99436912 0.10275958 0.02545657
645.52449799 -7.81142955 268.89933703 0.00540606 0.99425459 0.10364605 0.02619296
646.26723651 -8.01638716 268.89543215 0.00587888 0.99411328 0.10476016 0.02700997
646.97055614 -8.28772801 268.89251537 0.00628034 0.99399127 0.10567974 0.02781541
647.64767154 -8.55426149 268.86607143 0.00673456 0.99386554 0.10661811 0.02860984
648.33914085 -8.88252832 268.83216444 0.00738594 0.99374900 0.10745918 0.02934095
648.93023528 -9.27545416 268.81622435 0.00759640 0.99371850 0.10759882 0.02980489
649.51238707 -9.65539418 268.83487191 0.00775181 0.99368234 0.10779009 0.03027554
650.13322212 -10.12919275 268.90735850 0.00789794 0.99364576 0.10797793 0.03076516
650.82296960 -10.55226467 268.93762417 0.00816238 0.99360021 0.10822992 0.03127736
651.40768666 -10.95584353 268.94983948 0.00818592 0.99356866 0.10835813 0.03182489
651.95038472 -11.37036156 268.98306433 0.00836258 0.99352816 0.10856737 0.03232628
652.51429490 -11.77896610 269.01139394 0.00855777 0.99349681 0.10868773 0.03283038
653.27005211 -12.12271721 268.96482717 0.00931513 0.99339528 0.10939271 0.03335076
654.02935966 -12.47982230 268.90917359 0.01009847 0.99329143 0.11009847 0.03388922
654.80646832 -12.87553881 268.89859358 0.01094517 0.99318197 0.11082781 0.03445247
655.63848075 -13.24925871 268.86806637 0.01173471 0.99304857 0.11174808 0.03506007
656.39780658 -13.61613774 268.86730315 0.01237752 0.99293544 0.11249274 0.03565660
657.08630834 -13.98540558 268.82788484 0.01324189 0.99280198 0.11338217 0.03624038
657.80782462 -14.37078223 268.79900154 0.01417305 0.99269306 0.11404047 0.03680190
658.35229054 -14.65391468 268.80122377 0.01456423 0.99261234 0.11457138 0.03717557
658.92335342 -14.93071902 268.78267835 0.01502885 0.99252721 0.11512506 0.03755114
659.50653798 -15.23217191 268.79515853 0.01550442 0.99243749 0.11570778 0.03793612
660.10936620 -15.50314517 268.80326780 0.01594591 0.99233315 0.11640739 0.03834019
660.69079263 -15.79637906 268.81222001 0.01626992 0.99224140 0.11700206 0.03876607
661.22570983 -16.05911839 268.81308939 0.01672272 0.99214203 0.11763929 0.03918593
661.79928244 -16.35831262 268.81133756 0.01720783 0.99205084 0.11820498 0.03958042
662.33224586 -16.56229610 268.75768515 0.01742183 0.99197576 0.11876502 0.03969179
662.83117667 -16.77800493 268.66902922 0.01775228 0.99189756 0.11933604 0.03978691
663.34182056 -17.03871367 268.66443394 0.01810641 0.99182201 0.11987326 0.03989573
663.85917687 -17.24400281 268.62824398 0.01838298 0.99171935 0.12063344 0.04002964
664.37578282 -17.43267108 268.60483723 0.01854145 0.99163450 0.12125726 0.04017337
664.87348385 -17.63375817 268.59602118 0.01881342 0.99154713 0.12187435 0.04033588
665.39543594 -17.91522029 268.57625005 0.01915039 0.99146892 0.12241138 0.04047348
665.99662382 -18.10679897 268.57934985 0.01908319 0.99139955 0.12301274 0.04038117
666.48566355 -18.26100880 268.47115705 0.01923882 0.99131844 0.12368193 0.04025423
667.02325956 -18.46778539 268.43795960 0.01934651 0.99124444 0.12428877 0.04015550
667.52075173 -18.58469445 268.42159578 0.01939602 0.99115822 0.12499496 0.04006798
668.10078299 -18.62528981 268.34927845 0.01937360 0.99107547 0.12568007 0.03998248
668.62472117 -18.78764144 268.32911797 0.01947977 0.99099856 0.12628081 0.03994421
669.16136249 -18.95439496 268.31778818 0.01953203 0.99093790 0.12676756 0.03988188
669.91560593 -19.19268552 268.30655663 0.01945853 0.99086941 0.12736222 0.03972451
670.62707777 -19.47130164 268.18840241 0.01951805 0.99079572 0.12798701 0.03952472
671.35709093 -19.81666420 268.16442809 0.01946508 0.99072346 0.12859259 0.03939643
672.11977523 -20.08603761 268.11703426 0.01944644 0.99063999 0.12927748 0.03926282
672.89571304 -20.30457012 268.05282485 0.01934483 0.99057116 0.12985451 0.03914536
673.60213888 -20.64575038 268.01641453 0.01949400 0.99049430 0.13043981 0.03907016
674.34643817 -20.97556395 268.00133439 0.01957832 0.99044817 0.13081273 0.03895043
675.02857516 -21.31319671 268.00259517 0.01968219 0.99038668 0.13125246 0.03898230
675.63649297 -21.65621140 267.91769082 0.01990952 0.99030856 0.13180630 0.03898287
676.32480576 -22.08910365 267.86823016 0.02002601 0.99023236 0.13234125 0.03904650
677.00037512 -22.44888471 267.83746101 0.02019563 0.99014773 0.13293606 0.03908480
677.64896545 -22.81287751 267.78269012 0.02020586 0.99007934 0.13341992 0.03916304
678.22734955 -23.22859178 267.78729836 0.02045310 0.99000490 0.13391852 0.03921476
678.82996263 -23.65677364 267.75399815 0.02057489 0.98994633 0.13431454 0.03927507
679.58277679 -24.22063172 267.72792098 0.02247672 0.98983027 0.13512107 0.03838126
680.40428589 -24.80607403 267.68838600 0.02462413 0.98969657 0.13599606 0.03740885
681.11356359 -25.45273491 267.67313431 0.02669024 0.98956892 0.13675182 0.03660506
681.89277499 -26.01982331 267.62333130 0.02878344 0.98939170 0.13782260 0.03578432
682.73902351 -26.59703432 267.62689117 0.03060577 0.98921919 0.13887499 0.03496307
683.56446724 -27.28834569 267.61426169 0.03264248 0.98904126 0.13988890 0.03410204
684.43403258 -27.89786529 267.58758154 0.03459915 0.98888254 0.14070157 0.03342577
685.26418186 -28.57786393 267.48453637 0.03515848 0.98876414 0.14143499 0.03324910
686.12455600 -29.25215377 267.39104752 0.03593307 0.98861111 0.14235927 0.03302615
687.00653131 -30.02324077 267.32120046 0.03646467 0.98848261 0.14314336 0.03290046
687.89085507 -30.69846104 267.25222785 0.03713244 0.98833277 0.14403798 0.03275011
688.82819869 -31.36161364 267.17326564 0.03755019 0.98820019 0.14486505 0.03262649
689.68642457 -32.08232870 267.11783417 0.03823015 0.98805013 0.14573884 0.03248987
690.60954967 -32.79351780 267.03205205 0.03881901 0.98793108 0.14640516 0.03241588
691.02399667 -33.03039191 266.98079450 0.03912281 0.98780855 0.14703691 0.03292137
691.48226900 -33.23626422 266.87661051 0.03957263 0.98766927 0.14773640 0.03342702
691.93199752 -33.45738813 266.80978721 0.03992958 0.98753844 0.14839691 0.03393836
692.37160858 -33.62451391 266.82116431 0.04031231 0.98738547 0.14918299 0.03448615
692.86686627 -33.80856250 266.77344545 0.04058422 0.98725017 0.14987511 0.03503545
693.31012520 -34.00320361 266.72963264 0.04096287 0.98709754 0.15064836 0.03557466
693.74422189 -34.20231386 266.67615906 0.04138621 0.98697041 0.15123897 0.03610206
694.18666691 -34.28027155 266.61397857 0.04187971 0.98680162 0.15209305 0.03655623
694.54765638 -34.30919837 266.45558193 0.04251786 0.98663010 0.15290425 0.03706176
694.94589975 -34.36030142 266.37125684 0.04326343 0.98644296 0.15378585 0.03752975
695.28532928 -34.34599894 266.32308665 0.04381759 0.98623602 0.15481241 0.03810050
695.73370213 -34.29304387 266.25503320 0.04435701 0.98605453 0.15568611 0.03861018
696.15813446 -34.33795805 266.15686182 0.04495476 0.98585693 0.15663401 0.03912767
696.58822174 -34.42973302 266.08392764 0.04568260 0.98569215 0.15734810 0.03956841
697.11570552 -34.53716605 266.10040947 0.04553455 0.98564248 0.15773173 0.03944872
697.56973227 -34.59210937 265.95539085 0.04564261 0.98557294 0.15817555 0.03928395
697.98478238 -34.70737174 265.90641999 0.04556938 0.98552637 0.15852029 0.03914755
698.36556564 -34.71169112 265.84882192 0.04546186 0.98547761 0.15888719 0.03901228
698.86633662 -34.68983255 265.81872534 0.04535469 0.98542484 0.15927780 0.03887694
699.35845758 -34.73816855 265.86187330 0.04533702 0.98536661 0.15966318 0.03879270
699.83708361 -34.79315193 265.86740270 0.04524313 0.98532999 0.15993737 0.03870270
700.61051981 -34.91704283 265.90158859 0.04523606 0.98523231 0.16028634 0.03974031
701.37615612 -35.02998722 265.90232657 0.04523576 0.98514887 0.16051152 0.04088368
702.16494859 -35.15287407 265.93973456 0.04536841 0.98505142 0.16078911 0.04197940
702.98673538 -35.25299263 265.98929143 0.04541149 0.98492814 0.16121431 0.04317753
703.82119499 -35.31609093 266.02405911 0.04542349 0.98484200 0.16141953 0.04434724
704.57354571 -35.44218153 266.04841483 0.04553604 0.98471807 0.16182391 0.04549515
705.31523939 -35.58568235 266.07135936 0.04577590 0.98462878 0.16200278 0.04653843
706.22729216 -35.42565053 266.25459137 0.04603188 0.98436986 0.16325922 0.04736519
707.06952268 -35.32990832 266.29203990 0.04636610 0.98414969 0.16421270 0.04830901
708.02113285 -35.24599040 266.35865977 0.04692786 0.98390609 0.16523853 0.04922203
708.91248945 -35.13612575 266.45691032 0.04724047 0.98359283 0.16667477 0.05032887
709.97004481 -34.97224067 266.57393807 0.04760592 0.98332736 0.16784021 0.05128982
710.91590910 -34.91195681 266.59618771 0.04809874 0.98301086 0.16924165 0.05228218
711.80168979 -34.90577642 266.63296659 0.04880105 0.98278209 0.17009424 0.05315806
712.55239490 -34.87747963 266.74301846 0.04866335 0.98268191 0.17058858 0.05355074
713.24355286 -34.82736899 266.78271629 0.04866902 0.98258560 0.17098739 0.05403857
713.95899210 -34.77868214 266.80426855 0.04879448 0.98247203 0.17146596 0.05447228
714.62947222 -34.68994459 266.91102298 0.04868943 0.98234359 0.17205832 0.05501224
715.35484027 -34.55393222 266.98040058 0.04858929 0.98222759 0.17259328 0.05549418
716.00289365 -34.51124293 267.02507064 0.04846118 0.98212662 0.17304549 0.05598277
716.68443410 -34.50229160 267.07684469 0.04853828 0.98203749 0.17339541 0.05639541
716.94580291 -34.33699478 267.26021064 0.04833502 0.98199389 0.17363347 0.05659640
717.20877341 -34.20410796 267.32868628 0.04839376 0.98195132 0.17377595 0.05684685
717.47672910 -34.09191973 267.39229359 0.04837473 0.98191252 0.17392326 0.05708226
717.74446303 -33.94309727 267.50101545 0.04827094 0.98186496 0.17412959 0.05735859
717.97418969 -33.87641948 267.60509452 0.04814140 0.98181825 0.17434507 0.05761180
718.16915475 -33.82890239 267.70322808 0.04802369 0.98177597 0.17453971 0.05784081
718.43626642 -33.76340219 267.78428448 0.04809040 0.98173750 0.17467266 0.05803676
718.66776493 -33.82456298 267.78793029 0.04805594 0.98173707 0.17471275 0.05795180
718.88650570 -33.87192270 267.75616674 0.04805095 0.98176291 0.17460277 0.05784947
719.15630486 -33.97919049 267.73248293 0.04811423 0.98177188 0.17457146 0.05773909
719.43143176 -34.04040175 267.78300213 0.04813690 0.98178113 0.17455095 0.05762482
719.71295288 -34.10275243 267.80333968 0.04814103 0.98178830 0.17453592 0.05754467
720.00133733 -34.17315791 267.83047149 0.04814697 0.98180760 0.17445856 0.05744492
720.28344588 -34.22466356 267.86088743 0.04806528 0.98181015 0.17448636 0.05738532
720.38340227 -34.18804452 267.88410815 0.04784271 0.98184215 0.17426969 0.05768136
720.45242423 -34.16937848 267.87445419 0.04758872 0.98190769 0.17386357 0.05800061
720.57196292 -34.19262355 267.88038468 0.04738412 0.98194902 0.17358750 0.05829448
720.70725139 -34.18055686 267.91791703 0.04719522 0.98199728 0.17326272 0.05860013
720.85383078 -34.17814267 267.95231103 0.04696585 0.98205593 0.17288198 0.05892521
720.99262567 -34.20706561 267.99082888 0.04673171 0.98209475 0.17262395 0.05922011
721.10959656 -34.21828073 267.99997035 0.04652555 0.98212873 0.17239112 0.05949653
721.23313800 -34.25887127 268.03370946 0.04635142 0.98210074 0.17255773 0.05961134
721.37405191 -34.30866762 268.04008216 0.04630942 0.98209367 0.17256979 0.05972549
721.53095337 -34.36804784 268.05929055 0.04625648 0.98207135 0.17267992 0.05981502
721.68392444 -34.37899797 268.14907695 0.04617178 0.98205203 0.17277551 0.05992158
721.82631340 -34.41593324 268.18178734 0.04608226 0.98202487 0.17291623 0.06002967
721.97353185 -34.44168147 268.24140363 0.04593587 0.98201454 0.17297773 0.06013349
722.10541597 -34.49156834 268.27222752 0.04578923 0.98198706 0.17313102 0.06025285
721.97909794 -34.60668883 268.12905090 0.04591677 0.98201633 0.17310572 0.05974933
721.87421771 -34.70874608 267.91083440 0.04609768 0.98205569 0.17302000 0.05920893
721.79564992 -34.83286054 267.76108877 0.04638596 0.98210610 0.17285534 0.05862571
721.67635469 -34.82887769 267.76271416 0.04666651 0.98211693 0.17291144 0.05805350
721.64720673 -34.82624620 267.66975716 0.04683680 0.98212604 0.17297594 0.05756813
721.62783129 -34.80867387 267.58747362 0.04698489 0.98217895 0.17281133 0.05703660
721.63522609 -34.79106123 267.53776002 0.04718745 0.98220178 0.17278292 0.05656031
721.48291739 -34.87669330 267.49203400 0.04704747 0.98222142 0.17278727 0.05632210
721.38457153 -34.92413783 267.35127727 0.04708589 0.98223650 0.17277352 0.05606860
721.28682183 -34.98277112 267.30590036 0.04694494 0.98228688 0.17260620 0.05581903
721.17935975 -34.96647192 267.32157664 0.04688886 0.98231801 0.17253792 0.05552870
721.15968176 -34.97252342 267.26588526 0.04673130 0.98233040 0.17258374 0.05529931
721.15818911 -34.97227670 267.29479150 0.04663124 0.98236602 0.17249694 0.05502124
721.14440340 -34.96545677 267.25243304 0.04651925 0.98238144 0.17250096 0.05482769
721.36025661 -34.98512807 267.31172552 0.04633268 0.98237444 0.17253840 0.05499303
721.57780109 -35.00347853 267.33455819 0.04626963 0.98238410 0.17244994 0.05515084
721.80524190 -35.02484753 267.35855451 0.04617375 0.98237553 0.17247346 0.05531018
722.02095922 -35.00734476 267.44438281 0.04605769 0.98238569 0.17239387 0.05547427
722.20295109 -34.97854205 267.50056563 0.04594190 0.98238601 0.17237150 0.05563400
722.37979855 -34.95652112 267.56592849 0.04578342 0.98239343 0.17231716 0.05580161
722.58231254 -34.95354520 267.62030783 0.04560543 0.98238935 0.17233907 0.05595129
722.64018521 -35.14406633 267.58352647 0.04541866 0.98240701 0.17232137 0.05584755
722.70828869 -35.32426803 267.49128750 0.04532685 0.98243911 0.17219862 0.05573600
722.84151569 -35.52948322 267.42209023 0.04518944 0.98247321 0.17207531 0.05562724
722.93407412 -35.64907572 267.45916099 0.04506913 0.98251133 0.17193787 0.05547642
723.08614241 -35.74786262 267.42231491 0.04487039 0.98254113 0.17184162 0.05540795
723.26509647 -35.86274763 267.44644587 0.04467130 0.98259213 0.17163982 0.05528972
723.42976048 -35.97064890 267.48499134 0.04440710 0.98261540 0.17160133 0.05520838
723.52327344 -36.02821304 267.49423616 0.04447225 0.98259414 0.17174100 0.05509991
723.58912064 -36.09706679 267.45698515 0.04459919 0.98258480 0.17180312 0.05497018
723.70053520 -36.19890109 267.45066090 0.04480204 0.98255608 0.17196214 0.05482098
723.79570442 -36.24118791 267.48396864 0.04490961 0.98253529 0.17209441 0.05469038
723.90401019 -36.28123155 267.48061583 0.04505375 0.98250432 0.17226828 0.05458083
724.02926347 -36.32654135 267.48760449 0.04513159 0.98249221 0.17235421 0.05446304
724.13950153 -36.40641805 267.48929043 0.04520391 0.98245900 0.17255478 0.05436703
724.16861865 -36.37826824 267.53602589 0.04523819 0.98244715 0.17260993 0.05437760
724.19042339 -36.35651980 267.51935298 0.04531026 0.98245512 0.17254817 0.05436951
724.25279290 -36.34705657 267.51652114 0.04545938 0.98243406 0.17263571 0.05434779
724.26895046 -36.27928967 267.58135086 0.04551918 0.98242960 0.17264663 0.05434352
724.28152914 -36.19506887 267.60774375 0.04560909 0.98241686 0.17269268 0.05435218
724.31118472 -36.15040640 267.61047915 0.04562424 0.98242004 0.17266834 0.05435941
724.34955682 -36.10717055 267.63939246 0.04565466 0.98240095 0.17276914 0.05435844
724.36507646 -36.04153999 267.71036936 0.04558600 0.98240085 0.17278082 0.05438079
724.36973512 -35.98251988 267.74802875 0.04560364 0.98242289 0.17265134 0.05437909
724.41501383 -35.92719353 267.78968909 0.04563209 0.98241474 0.17268851 0.05438455
724.44517087 -35.82090096 267.86418981 0.04559826 0.98242611 0.17262535 0.05440801
724.43552978 -35.69502494 267.92335180 0.04560003 0.98242240 0.17263905 0.05442999
724.44533352 -35.60782259 267.96470698 0.04552648 0.98243573 0.17257414 0.05445682
724.46227403 -35.53579284 268.01626036 0.04546220 0.98242781 0.17263054 0.05447454
724.49738718 -35.47525461 268.06372580 0.04526873 0.98242151 0.17269776 0.05453626
724.54414260 -35.43298395 268.06063489 0.04516227 0.98243766 0.17262220 0.05457283
724.61397531 -35.39049000 268.07983950 0.04508876 0.98241869 0.17273964 0.05460347
724.67373076 -35.30108965 268.15864080 0.04497020 0.98242684 0.17270681 0.05465850
724.68852950 -35.18933262 268.18550503 0.04487121 0.98242442 0.17273106 0.05470664
724.73888609 -35.12692880 268.19027813 0.04469554 0.98243533 0.17269521 0.05476771
724.79252929 -35.06236170 268.22081044 0.04450722 0.98242589 0.17278309 0.05481318
724.76292897 -34.96492111 268.27625161 0.04441485 0.98242679 0.17278341 0.05487094
724.75513468 -34.88260301 268.30533480 0.04439761 0.98245099 0.17263664 0.05491350
724.76312029 -34.80360039 268.32889350 0.04441010 0.98243937 0.17268945 0.05494527
724.74117754 -34.66092220 268.42208081 0.04434297 0.98245268 0.17261232 0.05500386
724.67156382 -34.50719183 268.46706292 0.04431687 0.98245245 0.17260448 0.05505353
724.64622144 -34.38095280 268.49676830 0.04420937 0.98246666 0.17253448 0.05510575
724.63434166 -34.27911097 268.52790071 0.04413020 0.98246351 0.17256173 0.05514006
724.78764481 -34.28368873 268.56867244 0.04400815 0.98246144 0.17263034 0.05505959
724.92937401 -34.30170546 268.55877548 0.04400735 0.98247877 0.17257083 0.05493749
725.09066048 -34.32928092 268.56389513 0.04399509 0.98247284 0.17264071 0.05483365
725.23871714 -34.29421288 268.63291404 0.04394634 0.98248631 0.17261013 0.05472759
725.35184065 -34.24639789 268.67024296 0.04389717 0.98248514 0.17265990 0.05463107
725.49434987 -34.22880163 268.69772539 0.04379959 0.98250428 0.17260253 0.05454631
725.63560776 -34.22756556 268.73158334 0.04367919 0.98250151 0.17267635 0.05445913
725.64067799 -34.16441080 268.77239433 0.04364605 0.98249963 0.17267667 0.05451856
725.64948068 -34.10869301 268.77424931 0.04363886 0.98252482 0.17252298 0.05455686
725.69677941 -34.06595791 268.78471124 0.04368772 0.98251489 0.17255645 0.05459079
725.70512014 -33.96026177 268.84162311 0.04367288 0.98252946 0.17246113 0.05464157
725.68841722 -33.85367178 268.87751889 0.04369700 0.98253051 0.17243240 0.05469412
725.70761925 -33.77173723 268.88299205 0.04365905 0.98254580 0.17233987 0.05474123
725.76646980 -33.72189552 268.89011506 0.04358370 0.98254387 0.17236914 0.05474374
725.82585945 -33.75180568 268.89525853 0.04352834 0.98256733 0.17227260 0.05467065
725.89546335 -33.76254251 268.86552595 0.04353199 0.98254789 0.17240657 0.05459468
725.97435776 -33.75959392 268.88877554 0.04347889 0.98255137 0.17242103 0.05452863
725.99873064 -33.72691517 268.90667446 0.04346458 0.98255377 0.17242986 0.05446887
726.04885635 -33.70949927 268.89485727 0.04336299 0.98257648 0.17233588 0.05443771
726.09844755 -33.70942986 268.91750931 0.04320199 0.98257502 0.17240393 0.05437648
