723.43661100 2.52345500 261.62096000 0.07395745 0.97365135 0.20756787 0.05872756
723.51786018 2.49629977 261.66484597 0.07390164 0.97364895 0.20758126 0.05879019
723.60929486 2.47023499 261.66898189 0.07391874 0.97366709 0.20746935 0.05886322
723.72588274 2.39692655 261.69764598 0.07395375 0.97366362 0.20745960 0.05891112
723.81527717 2.38894722 261.72860636 0.07390472 0.97367018 0.20742625 0.05898156
723.90770148 2.36110109 261.74371035 0.07386274 0.97366865 0.20742314 0.05907022
724.01382982 2.31129055 261.76629370 0.07377374 0.97368239 0.20736524 0.05915821
724.11426188 2.27405929 261.78558048 0.07372386 0.97366992 0.20741903 0.05923695
724.16560222 2.25816223 261.81196215 0.07361000 0.97366673 0.20743312 0.05938150
724.22871119 2.24012692 261.80086155 0.07356226 0.97369193 0.20728675 0.05953841
724.30651053 2.15698677 261.81630565 0.07352249 0.97369084 0.20726805 0.05967032
724.35895982 2.14572599 261.85574697 0.07340493 0.97370276 0.20720548 0.05983771
724.41749915 2.13401428 261.86615439 0.07332351 0.97370686 0.20716768 0.06000130
724.49504843 2.08065632 261.87656354 0.07317951 0.97372069 0.20710562 0.06016667
724.56072293 2.05250249 261.87879609 0.07306796 0.97371535 0.20712529 0.06032089
724.61588235 2.06714623 261.92284851 0.07301972 0.97369135 0.20721610 0.06045457
724.68731786 2.06052115 261.92605410 0.07305702 0.97368585 0.20718555 0.06060270
724.77640591 2.00188384 261.96389640 0.07309467 0.97365820 0.20726640 0.06072495
724.84400317 2.00022759 262.01569052 0.07304686 0.97364213 0.20731499 0.06087406
724.90055494 2.00347025 262.04110497 0.07302704 0.97361959 0.20738286 0.06102704
724.98639840 1.95656148 262.06848928 0.07297088 0.97360837 0.20741114 0.06117685
725.06386226 1.94818680 262.06633098 0.07294516 0.97357333 0.20753973 0.06132886
725.08759506 1.90901555 262.07850240 0.07300714 0.97351260 0.20778373 0.06139293
725.11692978 1.86991644 262.02761752 0.07318943 0.97346590 0.20791977 0.06145577
725.18288353 1.79069809 262.04510035 0.07335366 0.97340519 0.20813349 0.06149820
725.18165278 1.75179730 262.06354038 0.07342491 0.97334754 0.20835796 0.06156549
725.21215723 1.72202173 262.07773182 0.07352101 0.97328097 0.20861338 0.06163820
725.27431130 1.66745647 262.07788790 0.07355651 0.97323274 0.20880133 0.06172090
725.31212459 1.62672418 262.06299830 0.07364014 0.97315571 0.20910624 0.06180345
725.29423063 1.56068486 262.05998496 0.07344823 0.97312892 0.20924653 0.06197870
725.28425770 1.48695009 262.01338865 0.07338789 0.97311760 0.20926529 0.06216416
725.32679481 1.36076403 261.99078392 0.07330714 0.97308985 0.20937351 0.06232930
725.31358285 1.29994549 262.02891789 0.07318410 0.97307721 0.20942061 0.06251280
725.32382312 1.24596337 262.00148337 0.07304444 0.97305850 0.20949557 0.06271585
725.36523058 1.15328742 261.97733378 0.07286350 0.97305509 0.20951560 0.06291193
725.39987186 1.09111579 261.96326262 0.07269901 0.97302512 0.20965537 0.06309986
725.47218170 1.12189509 262.04466371 0.07276427 0.97300192 0.20968976 0.06326797
725.56071752 1.14038543 262.06678816 0.07290456 0.97299960 0.20959187 0.06346608
725.68201812 1.12395522 262.13195185 0.07304771 0.97297688 0.20959772 0.06363031
725.75773547 1.14052597 262.21761512 0.07307949 0.97296090 0.20959556 0.06384488
725.82575102 1.15306214 262.26900413 0.07316457 0.97293056 0.20964314 0.06405324
725.91835783 1.13834565 262.33073884 0.07318963 0.97291071 0.20966760 0.06424575
725.99194708 1.14333029 262.33038680 0.07329587 0.97287248 0.20974967 0.06443549
726.05115309 1.12928939 262.36554013 0.07328955 0.97284120 0.20987898 0.06449386
726.11460682 1.10859933 262.34634580 0.07339267 0.97282803 0.20988825 0.06454502
726.22297894 1.03875098 262.35780179 0.07348765 0.97279617 0.20999071 0.06458390
726.27054026 1.02749393 262.38423269 0.07349507 0.97277695 0.21005987 0.06463993
726.33507333 1.02333695 262.41669211 0.07353315 0.97274207 0.21018687 0.06470867
726.43893282 0.98345643 262.42443339 0.07351435 0.97272885 0.21023466 0.06477360
726.51553159 0.97231073 262.42528389 0.07351890 0.97268517 0.21041264 0.06484638
726.55802293 0.83154599 262.34198043 0.07372571 0.97263883 0.21056244 0.06482032
726.56887559 0.65788176 262.20182801 0.07390958 0.97260026 0.21068149 0.06480295
726.67911105 0.37910148 262.15272253 0.07419023 0.97252969 0.21093495 0.06471680
726.76677884 0.14219211 262.05072540 0.07443655 0.97246963 0.21113842 0.06467286
726.89071385 -0.08825127 261.95054805 0.07467567 0.97240466 0.21134948 0.06468473
727.02902136 -0.35478774 261.85287585 0.07486596 0.97235187 0.21153019 0.06466765
727.18243909 -0.61494398 261.73504606 0.07509176 0.97229447 0.21172385 0.06463508
727.09841077 -1.04971915 261.45446128 0.07526764 0.97225915 0.21185097 0.06454526
726.89131781 -1.48231477 261.17016770 0.07521865 0.97229410 0.21170818 0.06454444
726.65864081 -1.99786385 260.95544650 0.07554049 0.97226376 0.21175253 0.06448011
726.56478041 -2.38697878 260.88707362 0.07586532 0.97221494 0.21186818 0.06445488
726.51377926 -2.63818023 260.66297867 0.07605703 0.97219063 0.21188917 0.06452670
726.41046685 -2.93941568 260.43422893 0.07593638 0.97222724 0.21174862 0.06457852
726.44621607 -3.32869119 260.43373389 0.07618136 0.97222932 0.21168324 0.06447284
726.86067071 -2.81478283 260.54376213 0.07500145 0.97210611 0.21238904 0.06538652
727.06810941 -2.38820877 260.84713139 0.07416911 0.97210837 0.21235539 0.06640370
727.52203790 -1.97332788 261.18679179 0.07317894 0.97193401 0.21320279 0.06733266
727.78094886 -1.60858389 261.32816361 0.07230464 0.97178609 0.21383343 0.06840392
728.27737426 -1.36691263 261.72038684 0.07126868 0.97166516 0.21437122 0.06951676
728.67267616 -1.09329626 261.93717762 0.07037596 0.97143572 0.21534246 0.07062223
728.98785055 -0.95521836 262.24006892 0.06967379 0.97137917 0.21557000 0.07139780
729.07787548 -0.86087008 262.35756312 0.06964934 0.97137673 0.21555075 0.07151296
729.20311074 -0.78128492 262.36568393 0.06969613 0.97139440 0.21540102 0.07167825
729.34367178 -0.75234256 262.45274286 0.06973956 0.97139638 0.21534058 0.07179071
729.44360396 -0.66575772 262.55757147 0.06970611 0.97140847 0.21524278 0.07195272
729.54775663 -0.58062802 262.61518620 0.06967498 0.97140692 0.21521087 0.07209906
729.67991382 -0.51090527 262.66974032 0.06960713 0.97140852 0.21517678 0.07224457
729.80261584 -0.44975716 262.71076945 0.06967505 0.97140029 0.21515103 0.07236640
730.02355893 -0.63934531 262.72306515 0.06972756 0.97137204 0.21531604 0.07220412
730.27080344 -0.83145190 262.65040800 0.06992883 0.97134916 0.21542109 0.07200360
730.51675069 -1.02855902 262.62390953 0.07001605 0.97132683 0.21555400 0.07182209
730.69681425 -1.14011369 262.69856369 0.07008412 0.97130600 0.21569742 0.07160657
730.92707820 -1.25249936 262.70791400 0.07008881 0.97126600 0.21592898 0.07144642
731.16150396 -1.31710457 262.75914065 0.07010045 0.97126015 0.21600742 0.07127722
731.37732112 -1.44384354 262.79141842 0.07008832 0.97123253 0.21617939 0.07114402
731.45482896 -1.55357597 262.80478950 0.06997585 0.97121858 0.21628451 0.07112566
731.51680932 -1.66289508 262.78317493 0.06999042 0.97122382 0.21625932 0.07111633
731.60577838 -1.84579192 262.77435158 0.06995028 0.97122035 0.21629607 0.07109153
731.69377054 -1.94239291 262.79590705 0.06986647 0.97122072 0.21632653 0.07107620
731.79858198 -2.01696112 262.78326551 0.06977221 0.97120644 0.21641878 0.07108305
731.91393258 -2.11937267 262.80804964 0.06963024 0.97120410 0.21647283 0.07108966
732.02443585 -2.24582290 262.81183478 0.06952332 0.97118621 0.21658685 0.07109141
732.07800293 -2.14752459 262.89700447 0.06932930 0.97110999 0.21701745 0.07100887
732.13604396 -2.01798529 262.85611960 0.06942548 0.97102783 0.21737727 0.07093786
732.24585056 -1.93983376 262.96382901 0.06936834 0.97095064 0.21777482 0.07083088
732.29515594 -1.80371382 263.07218167 0.06930755 0.97087591 0.21814642 0.07077124
732.37974419 -1.65390309 263.11706507 0.06923604 0.97078916 0.21859181 0.07065697
732.49636632 -1.56019590 263.12785134 0.06916564 0.97069434 0.21905864 0.07058273
732.59315753 -1.46281575 263.15451870 0.06917678 0.97061346 0.21944052 0.07049786
732.70741411 -1.83262136 263.01816418 0.06936171 0.97054365 0.21972117 0.07040297
732.80887324 -2.19109089 262.90201525 0.06961468 0.97048726 0.21992612 0.07029063
732.91432405 -2.63432486 262.79360956 0.06989151 0.97041180 0.22020789 0.07017554
733.06031314 -2.96198234 262.77361478 0.07013823 0.97032280 0.22055881 0.07005782
733.19175960 -3.26241832 262.69940834 0.07028129 0.97024441 0.22086816 0.07002562
733.33891785 -3.56591138 262.64151198 0.07038082 0.97020896 0.22101420 0.06995598
733.53705682 -3.90779381 262.60250525 0.07056265 0.97013492 0.22130394 0.06988352
733.65702049 -4.15411384 262.49329230 0.07058728 0.97010088 0.22144237 0.06989276
733.77854913 -4.37378855 262.36377083 0.07067612 0.97009053 0.22145504 0.06990653
733.93474107 -4.65957778 262.25973910 0.07076866 0.97005910 0.22156522 0.06989988
734.05419154 -4.87392353 262.25813706 0.07084410 0.97002487 0.22169676 0.06988138
734.18994618 -5.07552021 262.19611221 0.07081852 0.96999928 0.22179784 0.06994176
734.35566946 -5.26113704 262.15540816 0.07073368 0.97001388 0.22174908 0.06997980
734.54466484 -5.46564297 262.13075976 0.07070175 0.96998179 0.22188987 0.07001053
734.43661375 -5.54320504 262.07180740 0.07065842 0.96993740 0.22208560 0.07004862
734.27539469 -5.58508665 261.98409044 0.07073053 0.96991110 0.22216588 0.07008547
734.20296942 -5.70205522 261.93263292 0.07079063 0.96986731 0.22233408 0.07009740
734.07561920 -5.71625799 261.94124129 0.07081547 0.96983297 0.22247036 0.07011498
733.97629949 -5.73077087 261.89332111 0.07079516 0.96978761 0.22265737 0.07016930
733.91441001 -5.76711282 261.83265513 0.07070407 0.96977590 0.22272040 0.07022298
733.83210633 -5.82094190 261.80820073 0.07067103 0.96972327 0.22294568 0.07026819
733.81868499 -5.57730047 261.91964092 0.07036949 0.96967907 0.22320937 0.07034349
733.77289095 -5.42773839 261.98774235 0.07041443 0.96962205 0.22340342 0.07046840
733.82276006 -5.28227293 262.03610872 0.07028438 0.96956695 0.22366323 0.07053223
733.77218744 -5.13394432 262.09929593 0.07006149 0.96950959 0.22393360 0.07068442
733.72831715 -4.98825121 262.08930350 0.06988754 0.96944616 0.22424098 0.07075209
733.69201754 -4.89365084 262.08753339 0.06969586 0.96936169 0.22463111 0.07086085
733.67264619 -4.89622585 262.08412563 0.06975913 0.96931062 0.22481612 0.07091054
733.66660256 -4.83417120 262.18830149 0.06973593 0.96929788 0.22484927 0.07100226
733.67373862 -4.74630397 262.18384764 0.06981415 0.96930107 0.22477401 0.07112002
733.71567724 -4.72341541 262.23998405 0.06989751 0.96928425 0.22479473 0.07120195
733.68730886 -4.65576861 262.32376581 0.06988224 0.96928066 0.22477624 0.07132398
733.70903917 -4.56569046 262.36316066 0.06985833 0.96926527 0.22481165 0.07144489
733.75034423 -4.52707070 262.38885667 0.06980097 0.96925722 0.22482493 0.07156827
733.75241987 -4.47946234 262.40684425 0.06984821 0.96923307 0.22488175 0.07167066
733.70124088 -4.20724570 262.47909148 0.07095576 0.96940173 0.22377001 0.07178121
733.62490832 -4.06699804 262.48561390 0.07155884 0.96968019 0.22229907 0.07199152
733.52033952 -4.09091387 262.51926271 0.07278877 0.96985262 0.22111057 0.07209586
733.46673852 -4.03678046 262.42765355 0.07391781 0.96997159 0.22014526 0.07230038
733.34909150 -3.90568833 262.51504517 0.07472616 0.97016319 0.21892775 0.07259493
733.23191437 -3.70327737 262.47141388 0.07541405 0.97034190 0.21781796 0.07283303
733.25633074 -3.50282880 262.55485532 0.07647238 0.97050153 0.21670416 0.07292504
732.87308298 -3.19659340 262.62807582 0.07678142 0.97072871 0.21548675 0.07318370
732.48940134 -2.86032740 262.61361292 0.07677738 0.97100239 0.21411638 0.07357827
732.18286031 -2.62528084 262.62561783 0.07683744 0.97124881 0.21285139 0.07393272
731.88715629 -2.35760986 262.66765014 0.07705218 0.97147260 0.21162366 0.07429256
731.55131844 -2.01438946 262.72752212 0.07708387 0.97174800 0.21019562 0.07471083
731.21690796 -1.67891321 262.72416133 0.07713033 0.97195377 0.20910079 0.07505764
730.87434767 -1.30116286 262.75643312 0.07735531 0.97217192 0.20790109 0.07533298
730.41756678 -1.09679288 262.69907793 0.07814045 0.97220217 0.20761222 0.07492783
729.96298131 -0.87722032 262.67031001 0.07891932 0.97226067 0.20718195 0.07454243
729.58351706 -0.64300567 262.57570693 0.07967798 0.97227197 0.20695216 0.07422564
729.11827736 -0.44402678 262.59920379 0.08035121 0.97228331 0.20677055 0.07385656
728.64341796 -0.17115110 262.57114616 0.08100226 0.97231384 0.20650378 0.07348892
728.21852933 0.13866287 262.51869858 0.08171135 0.97233845 0.20622355 0.07316445
727.82302994 0.37195767 262.47882814 0.08235123 0.97236766 0.20594283 0.07284894
727.09467492 0.60839972 262.43895728 0.08286040 0.97244110 0.20546491 0.07264037
726.36960269 0.89186837 262.38833486 0.08334610 0.97253096 0.20490044 0.07247595
725.75659312 1.16821407 262.37851987 0.08367782 0.97261155 0.20442558 0.07235312
725.09486098 1.40394893 262.42004643 0.08411353 0.97269453 0.20388714 0.07225162
724.48027057 1.66665879 262.42430568 0.08451021 0.97275544 0.20347015 0.07214412
723.89587296 1.98770063 262.46112240 0.08493944 0.97280088 0.20311830 0.07201866
723.36151364 2.30507022 262.46015175 0.08543097 0.97286325 0.20265522 0.07189926
722.67530649 2.95372630 262.57098891 0.08524567 0.97300120 0.20187920 0.07243367
722.03689493 3.59609104 262.68017398 0.08498631 0.97313505 0.20110761 0.07308369
721.54295671 4.24283399 262.80726379 0.08442363 0.97329409 0.20032802 0.07375599
720.94662818 4.78040804 262.95707971 0.08412584 0.97347915 0.19927997 0.07448943
720.44263848 5.36050722 263.06748433 0.08400084 0.97362282 0.19840119 0.07509622
719.92014401 5.95668833 263.15939149 0.08383067 0.97368883 0.19793788 0.07565109
719.41971209 6.51240972 263.19169166 0.08386287 0.97383128 0.19702792 0.07615546
718.76228939 7.15515475 263.34934453 0.08336755 0.97406879 0.19585892 0.07667551
718.12894421 7.79005260 263.53724868 0.08277124 0.97430179 0.19470167 0.07730592
717.63914123 8.45643075 263.72907950 0.08188980 0.97455760 0.19354583 0.07792022
717.05725144 8.99556384 263.96154270 0.08130948 0.97483289 0.19211274 0.07862757
716.52806828 9.61813296 264.11029129 0.08085392 0.97505700 0.19091343 0.07923735
715.99564073 10.27326362 264.27535045 0.08025780 0.97522088 0.19009516 0.07979192
715.48107715 10.85876198 264.40491086 0.07996692 0.97544327 0.18887074 0.08027178
714.63938612 11.58470242 264.54854297 0.07942957 0.97565830 0.18766096 0.08102583
713.80184404 12.29407198 264.75268874 0.07879661 0.97586140 0.18646978 0.08194290
713.14438584 13.01978908 264.92124620 0.07768794 0.97612855 0.18512371 0.08286646
712.41090649 13.54035570 265.15156164 0.07697895 0.97639798 0.18352055 0.08391327
711.77253739 14.13644288 265.26984446 0.07645713 0.97661832 0.18215681 0.08479301
711.10049265 14.76475142 265.44013176 0.07587301 0.97674617 0.18134729 0.08557671
710.42383171 15.34539488 265.50773593 0.07555878 0.97695846 0.17996875 0.08633826
709.74740572 15.91423255 265.55826044 0.07531258 0.97707765 0.17920275 0.08679669
709.05317158 16.46607929 265.60907168 0.07496121 0.97719941 0.17840080 0.08738016
708.46230779 17.02291521 265.65378966 0.07438102 0.97734767 0.17755220 0.08794435
707.83762105 17.47764224 265.76523067 0.07397204 0.97749560 0.17658831 0.08858367
707.25200515 17.99175613 265.78345387 0.07365824 0.97762683 0.17570514 0.08915129
706.67101260 18.50831666 265.83605693 0.07333409 0.97770452 0.17516801 0.08962229
706.08934662 18.99599189 265.81548688 0.07325448 0.97782591 0.17427875 0.09009543
705.45191894 19.66298900 265.94090027 0.07270727 0.97803063 0.17297042 0.09083484
704.78632100 20.28864729 266.05781462 0.07199111 0.97824537 0.17159616 0.09169530
704.27973535 20.92043437 266.21952853 0.07092798 0.97849466 0.17012740 0.09259637
703.69736503 21.41011300 266.38500636 0.07023267 0.97874342 0.16845201 0.09355534
703.19862285 21.97497613 266.48222205 0.06961550 0.97897803 0.16684725 0.09443353
702.72765350 22.52652713 266.57178959 0.06901796 0.97913104 0.16576873 0.09518226
702.18742436 23.12911707 266.62458261 0.06858307 0.97932714 0.16434875 0.09593850
701.50305282 23.90793699 266.66064582 0.06773981 0.97957725 0.16289168 0.09646776
700.73890682 24.61481122 266.71598881 0.06686391 0.97981237 0.16145388 0.09710602
700.12489692 25.37580203 266.77212574 0.06563996 0.98008069 0.15995057 0.09771929
699.40787063 25.94330324 266.89529089 0.06467979 0.98035438 0.15821425 0.09843811
698.77980388 26.59245715 266.92080234 0.06385493 0.98061147 0.15655550 0.09906602
698.17328479 27.27152458 266.94052400 0.06301268 0.98080142 0.15537672 0.09957933
697.49391608 27.92578180 266.90967544 0.06236053 0.98103761 0.15380970 0.10009465
696.50610590 28.58572202 266.84269454 0.06181914 0.98128687 0.15223807 0.10038942
695.44666576 29.19284572 266.84399759 0.06103386 0.98155404 0.15054982 0.10080324
694.45022879 29.78591232 266.80147705 0.06017975 0.98182519 0.14889035 0.10114026
693.49472318 30.31450921 266.83407086 0.05960743 0.98207958 0.14713704 0.10157431
692.51397407 30.90057665 266.80596892 0.05897982 0.98233262 0.14539082 0.10200745
691.59292873 31.46534809 266.81541520 0.05825139 0.98255244 0.14396646 0.10232857
690.69174177 32.01422804 266.81699355 0.05774816 0.98279716 0.14229371 0.10260313
689.33826711 32.45395141 266.55133569 0.05806767 0.98284121 0.14166820 0.10286600
687.97774890 32.89977742 266.34675949 0.05825132 0.98289648 0.14096335 0.10320190
686.74717510 33.38056318 266.12012536 0.05810018 0.98296111 0.14028384 0.10359668
685.44362374 33.72391542 265.99653812 0.05824939 0.98301669 0.13952548 0.10400887
684.16914571 34.12238276 265.77978192 0.05836621 0.98307225 0.13883357 0.10434350
682.98080589 34.52206869 265.63037157 0.05865308 0.98308327 0.13839885 0.10465593
681.80433973 34.90997575 265.36251731 0.05895728 0.98312941 0.13768425 0.10499356
680.70501441 35.43832109 265.19935792 0.05918217 0.98312556 0.13735696 0.10533122
679.59495160 35.99783758 265.08303897 0.05931960 0.98311556 0.13706340 0.10572891
678.60096973 36.60629040 264.99185099 0.05914856 0.98312984 0.13668143 0.10618548
677.56632489 37.17842592 264.96631569 0.05917930 0.98314120 0.13622175 0.10665280
676.59954824 37.71156582 264.87823841 0.05933352 0.98314156 0.13583532 0.10705597
675.60586349 38.26389207 264.79890708 0.05965262 0.98310199 0.13574175 0.10736023
674.64940575 38.83987193 264.60006528 0.05999395 0.98309696 0.13532735 0.10773856
674.40784929 39.68661659 264.70723213 0.05963668 0.98300532 0.13440743 0.10990290
674.22915301 40.44541232 264.93638001 0.05900942 0.98290333 0.13335838 0.11240317
674.28207144 41.27325737 265.10755801 0.05825143 0.98280692 0.13233965 0.11481963
674.24026158 41.91480262 265.29787393 0.05760864 0.98267629 0.13125222 0.11747940
674.18090022 42.51322182 265.41624480 0.05722769 0.98257533 0.12993280 0.11995073
674.17933682 43.08090149 265.50530627 0.05682659 0.98236835 0.12952790 0.12225253
674.17751928 43.67426673 265.50209677 0.05697627 0.98223498 0.12842424 0.12439998
673.04684593 44.30367550 265.22934572 0.05666486 0.98242915 0.12758422 0.12387220
671.89807843 44.95054238 264.97850762 0.05635825 0.98260041 0.12685624 0.12340044
670.83407495 45.64595222 264.66858888 0.05565804 0.98283950 0.12574240 0.12295341
669.77810726 46.24674069 264.42153647 0.05531887 0.98304416 0.12473099 0.12249976
668.77575004 46.82813239 264.22656129 0.05490094 0.98324207 0.12377248 0.12207083
667.76302318 47.42802684 264.04755392 0.05476978 0.98341168 0.12308632 0.12145572
666.80030753 48.04255771 263.76306330 0.05454576 0.98359771 0.12208032 0.12106487
665.59208621 48.90803978 263.49096571 0.05394461 0.98387288 0.12076834 0.12041241
664.36202103 49.80651345 263.20020150 0.05330131 0.98411175 0.11963290 0.11987913
663.20876170 50.73228253 262.87480678 0.05235121 0.98440878 0.11817146 0.11930722
662.03696406 51.54206442 262.62605669 0.05169998 0.98468327 0.11665551 0.11881691
660.90633447 52.39288640 262.39747399 0.05109931 0.98494052 0.11527932 0.11828654
659.74736551 53.22397135 262.18978483 0.05069969 0.98517389 0.11417488 0.11758422
658.68669327 54.03695505 261.88211359 0.05033717 0.98542192 0.11272505 0.11705925
657.52717407 54.71897060 261.55542035 0.04976351 0.98564114 0.11174759 0.11639422
656.35921817 55.40744652 261.20408180 0.04920429 0.98582410 0.11098625 0.11580949
655.28043518 56.15422616 260.80734603 0.04820368 0.98607839 0.10974537 0.11524658
654.22116369 56.80046178 260.47840108 0.04759813 0.98630993 0.10850830 0.11468688
653.18477359 57.47212998 260.21427789 0.04700331 0.98652516 0.10741133 0.11411226
652.14068077 58.08653975 259.96896406 0.04675824 0.98671279 0.10660482 0.11334439
651.13829338 58.74216689 259.56935197 0.04635989 0.98691538 0.10543329 0.11283888
650.19656041 59.33403319 259.44892245 0.04450464 0.98733073 0.10304825 0.11215354
649.15266118 59.81696938 259.28249886 0.04261132 0.98772620 0.10066478 0.11156981
648.11556809 60.33747675 259.05601277 0.04052918 0.98816805 0.09792495 0.11086923
647.18946588 60.77215979 258.86887096 0.03887148 0.98856978 0.09522737 0.11022955
646.30427026 61.27449529 258.75148719 0.03712156 0.98896053 0.09255059 0.10960588
645.39954236 61.77738578 258.63303513 0.03546855 0.98931688 0.09021300 0.10888396
644.56434441 62.21816935 258.45892292 0.03375763 0.98966997 0.08771954 0.10825460
643.05504975 62.74573706 258.00790686 0.03354500 0.98984352 0.08681670 0.10745879
641.57486285 63.33730859 257.61829276 0.03335350 0.99000099 0.08597516 0.10674204
640.18284081 63.96514249 257.10297331 0.03279899 0.99018863 0.08488972 0.10603984
638.77029177 64.43784704 256.70667545 0.03249689 0.99036025 0.08386032 0.10534697
637.36051706 64.99723235 256.34990425 0.03219560 0.99053125 0.08284813 0.10463015
635.97254988 65.55562024 255.98417461 0.03218707 0.99068060 0.08207875 0.10382202
634.68150469 66.07202110 255.49791001 0.03202335 0.99082498 0.08116243 0.10321350
633.69790760 66.29176889 255.22501989 0.03355565 0.99084995 0.08092341 0.10267327
632.73400289 66.54375721 254.96981492 0.03512494 0.99087380 0.08058401 0.10218403
631.88883039 66.86401655 254.61496989 0.03642878 0.99090545 0.08010841 0.10179379
630.93360250 67.08001223 254.29123711 0.03778082 0.99092319 0.07992673 0.10126973
630.08586377 67.35660042 254.01213033 0.03898063 0.99094851 0.07965811 0.10077767
629.14917309 67.63682928 253.71436389 0.04059683 0.99094172 0.07961406 0.10023974
628.32304760 67.91496304 253.36553026 0.04204992 0.99093844 0.07933143 0.09989665
627.28608807 68.43720803 253.05985962 0.04190369 0.99107161 0.07883430 0.09902679
626.21638328 68.99753769 252.71965912 0.04183761 0.99118418 0.07849776 0.09819183
625.22534285 69.62561359 252.39013357 0.04137277 0.99133444 0.07785641 0.09737920
624.27144447 70.19806416 252.08209798 0.04119111 0.99146619 0.07729783 0.09655634
623.33023920 70.76067719 251.85515159 0.04099390 0.99159417 0.07678796 0.09572941
622.32667998 71.29839297 251.67666942 0.04109826 0.99170716 0.07643573 0.09479145
621.41246859 71.87560022 251.37311924 0.04107982 0.99182775 0.07577160 0.09406823
620.30234628 72.33204245 251.13457403 0.04060544 0.99198016 0.07474486 0.09348674
619.21062134 72.82673337 250.91304956 0.03998035 0.99211283 0.07391592 0.09300609
618.20021456 73.35167299 250.71688422 0.03901948 0.99229102 0.07267913 0.09248648
617.31264954 73.80255539 250.47982026 0.03847164 0.99243709 0.07155514 0.09202399
616.37606433 74.18675879 250.31004220 0.03787743 0.99258176 0.07042632 0.09157990
615.41438391 74.54738689 250.19707961 0.03753305 0.99271337 0.06958060 0.09093945
614.52467361 74.97525220 249.93795590 0.03717563 0.99284280 0.06849481 0.09049644
613.43358111 75.28787274 249.69202540 0.03725162 0.99296212 0.06753009 0.08987904
612.29900321 75.59603556 249.46208785 0.03705757 0.99307704 0.06664983 0.08934501
611.17939669 75.86493823 249.20464097 0.03685770 0.99322287 0.06538568 0.08873871
610.26090150 76.04929127 248.97293791 0.03693067 0.99332980 0.06439796 0.08823227
609.35983221 76.24335315 248.79020330 0.03693578 0.99343895 0.06335266 0.08775669
608.47271415 76.44230752 248.63457229 0.03694942 0.99354050 0.06256964 0.08716111
607.64071340 76.65465921 248.38665024 0.03711618 0.99363184 0.06164468 0.08670692
606.90382083 76.45749248 248.22234642 0.03701978 0.99372220 0.06132347 0.08593694
606.10599699 76.17643768 247.94134670 0.03693386 0.99382004 0.06087857 0.08515530
605.35146191 75.97111801 247.69690079 0.03682312 0.99391996 0.06042363 0.08435733
604.55538163 75.76222056 247.53167745 0.03678456 0.99401097 0.06010166 0.08352775
603.85754233 75.64875997 247.25566854 0.03658286 0.99411134 0.05963174 0.08275501
603.19982998 75.48378725 247.04529228 0.03651397 0.99419983 0.05920700 0.08202408
602.57583581 75.29636896 246.82632078 0.03634191 0.99428856 0.05876586 0.08133936
601.86113362 75.48794031 246.65701140 0.03669196 0.99432135 0.05869026 0.08083444
601.11642253 75.71601049 246.51554623 0.03695249 0.99434642 0.05875221 0.08036104
600.43964967 75.95493652 246.41539344 0.03698021 0.99439056 0.05866242 0.07986609
599.79606444 76.16253295 246.29003458 0.03719945 0.99441699 0.05869317 0.07941129
599.11309186 76.26919766 246.19065776 0.03745274 0.99444021 0.05870270 0.07899336
598.45621578 76.39321433 246.14187182 0.03780421 0.99446703 0.05875086 0.07845063
597.88259808 76.57745770 245.93508627 0.03818711 0.99448699 0.05868983 0.07805686
597.33124165 76.85866838 245.85724717 0.03818594 0.99450640 0.05847787 0.07796913
596.79987694 77.16695767 245.80198544 0.03826504 0.99452137 0.05822805 0.07792645
596.35005754 77.48779414 245.77996196 0.03797251 0.99455508 0.05786904 0.07790667
595.94039214 77.79767492 245.77237512 0.03782416 0.99458776 0.05745728 0.07786642
595.56794555 78.07947299 245.72786003 0.03775941 0.99460883 0.05720952 0.07781116
595.19017863 78.36280361 245.76626857 0.03791646 0.99462335 0.05706850 0.07765262
594.84924172 78.69556785 245.65232338 0.03794765 0.99463615 0.05681117 0.07766208
594.70084450 78.93529590 245.70795725 0.03801750 0.99462591 0.05694546 0.07766070
594.60370654 79.15436626 245.74423607 0.03823501 0.99461431 0.05692934 0.07771433
594.56289721 79.35307293 245.82126222 0.03835437 0.99460388 0.05699695 0.07773936
594.49481586 79.55711033 245.92605380 0.03839276 0.99459663 0.05701934 0.07779674
594.35483731 79.75858126 245.94492919 0.03848854 0.99458203 0.05716482 0.07782933
594.25158044 79.95441678 245.99002960 0.03856408 0.99457316 0.05728266 0.07781866
594.17873355 80.12341817 245.99866567 0.03875034 0.99455470 0.05741512 0.07786434
594.13347865 80.20737900 246.05314817 0.03881421 0.99453599 0.05756093 0.07796387
594.08573776 80.28296371 246.07156962 0.03902424 0.99451833 0.05757669 0.07807254
594.10365833 80.32864369 246.11731205 0.03917664 0.99449662 0.05771682 0.07816924
594.09627851 80.42358328 246.20958633 0.03925627 0.99448178 0.05775037 0.07829319
594.04879503 80.51748026 246.22497817 0.03939712 0.99445811 0.05790108 0.07841173
594.05471988 80.59173346 246.23714103 0.03943702 0.99444382 0.05799478 0.07850362
594.04887531 80.66267055 246.24806508 0.03951154 0.99442118 0.05817120 0.07862225
594.15321213 80.64340171 246.28591581 0.03960494 0.99440329 0.05835007 0.07866896
594.24504045 80.63174916 246.27050275 0.03978789 0.99438921 0.05842003 0.07870273
594.40594309 80.58416470 246.27217729 0.03999120 0.99436820 0.05859041 0.07873846
594.50745751 80.59304064 246.34356979 0.04010871 0.99435504 0.05867985 0.07877825
594.61910781 80.59553447 246.36180859 0.04024260 0.99433538 0.05884011 0.07883858
594.74783184 80.59156070 246.36147906 0.04029644 0.99432702 0.05889240 0.07887754
594.88636346 80.59493270 246.37643965 0.04035215 0.99430929 0.05907487 0.07893603
594.86150955 80.64933979 246.38583127 0.04035714 0.99429189 0.05928657 0.07899392
594.82794542 80.68325425 246.34613495 0.04050003 0.99427686 0.05937150 0.07904613
594.85940504 80.70739617 246.36364361 0.04065704 0.99425394 0.05960989 0.07907446
594.85294171 80.77586047 246.42244119 0.04072696 0.99423733 0.05976493 0.07913021
594.79215773 80.84609855 246.41533902 0.04082515 0.99421342 0.05999941 0.07920262
594.80221977 80.89993333 246.37886109 0.04077385 0.99420630 0.06009403 0.07924666
594.82196883 80.94639737 246.37495255 0.04079883 0.99418493 0.06035434 0.07930406
594.82636601 80.86360714 246.34092341 0.04093282 0.99416352 0.06059166 0.07932251
594.80133509 80.79938583 246.26299000 0.04117220 0.99414636 0.06072730 0.07930994
594.84707060 80.69117556 246.21725360 0.04141586 0.99412355 0.06094765 0.07929996
594.85542202 80.65079378 246.21388268 0.04157811 0.99410743 0.06111535 0.07928806
594.87600174 80.59633429 246.18020493 0.04175554 0.99408381 0.06134979 0.07930982
594.94946887 80.52398395 246.14551359 0.04186188 0.99407419 0.06144945 0.07929721
595.00836748 80.53011900 246.11115082 0.04192225 0.99406051 0.06162778 0.07929849
594.98618012 80.54700644 246.07429838 0.04199842 0.99406640 0.06156899 0.07922995
595.02940523 80.57168952 246.02432623 0.04209909 0.99405526 0.06174567 0.07917874
595.07756929 80.59691547 246.00881742 0.04213172 0.99405745 0.06177032 0.07911469
595.10327214 80.60729952 245.99845626 0.04224523 0.99404963 0.06186580 0.07907774
595.13412614 80.59164762 245.97062981 0.04221706 0.99405801 0.06178724 0.07904889
595.15461448 80.60743324 245.94603036 0.04215236 0.99405323 0.06196720 0.07900263
