588.38944070 103.85883900 262.58249390 0.00150997 0.99951065 0.02679193 0.01607543
588.39027175 103.88869399 262.61028730 0.00162527 0.99950212 0.02699030 0.01625992
588.38432989 103.91348408 262.61755525 0.00180474 0.99949692 0.02704589 0.01646749
588.45165076 103.92019857 262.64303161 0.00201508 0.99948822 0.02724059 0.01664891
588.47939067 103.94903295 262.69150737 0.00214237 0.99948093 0.02736442 0.01686616
588.50623415 103.98393416 262.70665439 0.00230895 0.99947138 0.02756167 0.01708756
588.53343703 103.98265428 262.70271168 0.00235750 0.99946444 0.02768901 0.01727999
588.56078509 103.99837040 262.72001440 0.00248079 0.99945463 0.02791233 0.01746961
588.63013334 104.08301816 262.73336305 0.00259210 0.99944958 0.02798684 0.01762260
588.67112366 104.14128661 262.72284993 0.00273379 0.99944837 0.02791032 0.01779017
588.79350196 104.19753552 262.73989406 0.00292460 0.99944257 0.02800149 0.01794165
588.89156761 104.26034281 262.76765804 0.00303626 0.99943879 0.02801677 0.01810948
588.96322636 104.32270399 262.79215723 0.00317510 0.99943274 0.02809423 0.01829835
589.04610111 104.35704933 262.77850206 0.00317757 0.99942991 0.02808800 0.01846123
589.12713058 104.41467180 262.77612519 0.00326870 0.99942268 0.02823416 0.01861336
589.09724440 104.40790607 262.73902234 0.00334194 0.99942196 0.02827068 0.01858338
589.01584325 104.44912336 262.67025162 0.00348803 0.99942312 0.02822762 0.01855968
589.03268424 104.47490271 262.62619620 0.00351714 0.99942367 0.02822361 0.01853046
589.02997304 104.53529144 262.64180172 0.00354772 0.99942516 0.02818875 0.01849743
589.01442759 104.61071286 262.61737566 0.00358984 0.99942412 0.02822572 0.01848905
589.06218691 104.66061845 262.59682645 0.00363307 0.99942561 0.02820775 0.01842744
589.08549850 104.72303234 262.54038479 0.00365408 0.99942396 0.02825547 0.01843995
589.08995893 104.61195438 262.48825146 0.00358649 0.99942383 0.02827260 0.01843376
589.10909416 104.44552654 262.32311543 0.00358298 0.99942361 0.02831116 0.01838713
589.17487050 104.32149061 262.25178013 0.00351085 0.99942375 0.02835297 0.01832875
589.16174710 104.22231450 262.23362751 0.00351071 0.99942460 0.02835200 0.01828436
589.20683994 104.14393557 262.14063771 0.00341447 0.99942407 0.02839202 0.01826891
589.27559172 104.03909626 262.10732248 0.00329176 0.99942481 0.02840865 0.01822556
589.36689626 103.92986678 262.03512012 0.00317976 0.99942320 0.02848246 0.01821855
589.71257419 103.65296059 261.97617545 0.00345004 0.99942091 0.02835260 0.01849503
590.03821525 103.29881889 261.90849416 0.00366593 0.99941836 0.02826648 0.01872185
590.43669844 102.85535027 261.91283590 0.00389773 0.99941613 0.02813918 0.01898396
590.82264777 102.46499990 261.85828639 0.00421053 0.99941308 0.02802759 0.01924112
591.18006825 102.15326983 261.79529915 0.00418982 0.99941215 0.02785188 0.01954650
591.60657210 101.84318481 261.76230195 0.00428356 0.99941304 0.02763604 0.01978600
592.05407597 101.52546041 261.74235193 0.00439656 0.99941033 0.02752774 0.02004706
592.55767358 101.18818726 261.67356860 0.00455638 0.99940686 0.02769832 0.01994910
593.01788265 100.78534899 261.58006903 0.00483552 0.99940107 0.02797785 0.01978298
593.54939223 100.32191339 261.57674729 0.00493824 0.99939782 0.02813116 0.01970417
594.07765599 99.89771618 261.49132130 0.00518336 0.99939539 0.02825726 0.01958368
594.64253412 99.55662745 261.44881473 0.00513336 0.99939293 0.02840682 0.01950573
595.24113240 99.23086046 261.42286814 0.00529401 0.99939228 0.02848104 0.01938763
595.90204279 98.84493133 261.37727754 0.00534577 0.99938919 0.02862111 0.01932616
596.38955664 98.56695558 261.37109041 0.00611885 0.99935346 0.02958903 0.01948612
596.82709027 98.33496838 261.25433631 0.00713537 0.99931220 0.03062767 0.01965108
597.31901648 98.11261772 261.18653822 0.00812580 0.99926892 0.03165649 0.01983583
597.68427912 97.95084922 261.21083306 0.00891047 0.99922001 0.03284136 0.02003553
598.16924513 97.81186921 261.17075860 0.00963565 0.99917107 0.03398711 0.02022890
598.62580106 97.66807498 261.14746725 0.01042227 0.99912408 0.03500838 0.02041716
599.11886631 97.47358034 261.14391169 0.01131923 0.99907521 0.03597898 0.02064233
599.56117533 97.13240342 261.16577184 0.01231367 0.99902892 0.03682775 0.02081591
600.02773582 96.82037257 261.17149786 0.01345656 0.99897598 0.03776466 0.02096996
600.49255981 96.49269859 261.19499569 0.01453028 0.99892044 0.03871354 0.02116799
600.93043838 96.12476539 261.20874365 0.01549967 0.99886216 0.03972465 0.02135653
601.38852834 95.76676060 261.26365650 0.01636089 0.99880190 0.04078160 0.02153921
601.84532620 95.47174800 261.28822210 0.01737126 0.99874055 0.04176599 0.02170592
602.31355305 95.09422603 261.27826344 0.01840750 0.99867870 0.04267348 0.02193149
603.39833759 94.62898855 261.40286076 0.01882334 0.99862066 0.04348982 0.02260721
604.58066867 94.16441573 261.55482150 0.01933236 0.99855802 0.04432094 0.02331947
605.76144304 93.71075484 261.77845372 0.01981373 0.99849291 0.04517663 0.02404971
607.01091084 93.25934330 261.97165705 0.02029296 0.99841767 0.04618265 0.02484992
608.21564010 92.76990786 262.12767697 0.02070116 0.99834784 0.04707625 0.02562982
609.40377868 92.29205705 262.31120162 0.02131463 0.99826850 0.04804434 0.02640904
610.58545444 91.79100738 262.43818170 0.02189932 0.99819590 0.04885220 0.02718137
611.71540910 91.43645863 262.64761553 0.02234910 0.99812696 0.04971294 0.02777961
612.94159277 91.05895881 262.85397240 0.02294499 0.99805373 0.05055525 0.02839815
614.19060630 90.68200587 263.10959340 0.02346362 0.99797893 0.05142128 0.02904084
615.48198040 90.32700703 263.34882266 0.02397485 0.99789300 0.05243534 0.02975404
616.72218137 89.88886032 263.55544322 0.02444619 0.99781253 0.05334073 0.03045170
617.96499326 89.48960245 263.80189643 0.02516883 0.99771710 0.05436778 0.03116510
619.20234308 89.07318277 264.00251875 0.02581658 0.99763583 0.05514394 0.03186534
620.32774437 88.57375082 264.18492356 0.02656028 0.99754279 0.05632421 0.03210169
621.47196243 87.99034810 264.34791188 0.02755217 0.99743690 0.05758306 0.03232192
622.64413110 87.41448347 264.52611001 0.02835030 0.99733166 0.05884770 0.03260011
623.83591394 86.83172504 264.76594758 0.02911637 0.99721925 0.06019187 0.03290816
624.97276099 86.21258639 264.93916558 0.02985600 0.99710945 0.06147221 0.03320436
626.07246101 85.54607985 265.14680431 0.03086001 0.99698064 0.06287355 0.03352880
627.17966740 84.90343684 265.30692263 0.03175778 0.99687175 0.06396044 0.03387078
628.28200035 84.23637108 265.52896100 0.03278036 0.99675457 0.06551322 0.03337353
629.43706368 83.40037128 265.64146534 0.03422766 0.99660785 0.06731361 0.03271289
630.59941474 82.61482741 265.85547483 0.03518479 0.99647749 0.06896371 0.03222821
631.79031344 81.81945979 266.09942080 0.03622450 0.99633711 0.07068806 0.03167572
632.89349769 80.99890305 266.25223447 0.03719035 0.99619366 0.07242821 0.03113243
634.02437194 80.11175051 266.47729374 0.03865347 0.99601089 0.07434433 0.03067811
635.14430108 79.30432079 266.66721905 0.03981379 0.99587641 0.07566605 0.03032618
636.39639094 78.48475302 266.82214492 0.04122879 0.99570575 0.07748346 0.02943753
637.73213337 77.47038212 266.85804121 0.04298452 0.99550552 0.07946724 0.02839097
639.01732475 76.47946166 267.04107065 0.04444988 0.99530116 0.08148841 0.02755817
640.38063733 75.50092934 267.21673382 0.04584140 0.99509378 0.08351803 0.02667725
641.58231694 74.56853547 267.32442871 0.04719610 0.99488008 0.08557448 0.02575195
642.84527521 73.52580284 267.49044785 0.04902627 0.99462488 0.08771350 0.02498242
644.15407568 72.62460247 267.64384088 0.05068910 0.99442579 0.08921569 0.02425960
645.05225647 72.04253917 267.74313421 0.05194193 0.99427694 0.09036764 0.02343268
645.98965329 71.38712933 267.77438789 0.05354407 0.99408859 0.09174882 0.02242904
646.89952321 70.70793386 267.85045879 0.05482450 0.99391456 0.09307360 0.02157385
647.81953030 70.06194332 267.96468664 0.05610669 0.99373828 0.09439168 0.02065124
648.70974586 69.41959726 268.04471841 0.05730677 0.99354852 0.09584603 0.01976874
649.64123947 68.78671273 268.22570419 0.05884844 0.99333401 0.09729544 0.01892090
650.59221131 68.16998469 268.30949056 0.06014100 0.99316483 0.09836127 0.01821360
651.60635019 67.40376763 268.34813053 0.06073168 0.99301276 0.09954571 0.01810988
652.62087670 66.49252173 268.35491860 0.06158459 0.99282832 0.10089415 0.01787834
653.66300473 65.59395404 268.46131032 0.06218375 0.99265046 0.10228186 0.01779536
654.79342734 64.75076221 268.59360289 0.06285023 0.99246845 0.10364713 0.01770574
655.75929759 63.89061852 268.63945293 0.06341586 0.99229380 0.10498342 0.01760452
656.79279670 62.97784330 268.77959217 0.06433820 0.99208128 0.10642300 0.01759191
657.80354279 62.15159346 268.86732174 0.06515092 0.99191698 0.10746024 0.01756031
659.29510003 61.51993643 268.88005572 0.05754501 0.99200499 0.11063149 0.01937377
660.72827748 60.67166733 268.84531830 0.05064070 0.99210044 0.11272978 0.02154598
662.07544941 59.85061159 268.88219423 0.04377774 0.99208361 0.11533927 0.02346229
663.46521606 59.17063001 268.84235828 0.03735635 0.99204743 0.11752582 0.02518091
664.96306972 58.18953685 269.02283829 0.02969337 0.99208116 0.11890844 0.02746027
666.53816615 57.27880330 269.01755492 0.02283262 0.99190753 0.12130443 0.02972132
667.93788205 56.44434128 268.94803492 0.01583608 0.99172620 0.12341212 0.03158829
669.38186865 55.80411280 268.94238851 0.01163950 0.99137140 0.12638524 0.03277254
670.78175695 54.93880445 268.86775710 0.00828069 0.99103164 0.12893057 0.03412648
672.19992853 54.08619779 268.93060965 0.00461465 0.99065456 0.13164245 0.03539088
673.61947536 53.30485817 268.98411654 0.00145813 0.99026072 0.13433471 0.03654812
675.24200401 52.32026189 269.01015002 -0.00248703 0.98992524 0.13637462 0.03799726
676.84078160 51.30872969 269.06210821 -0.00596584 0.98947198 0.13910528 0.03948845
678.39003288 50.33957298 269.04302581 -0.00954095 0.98905780 0.14145922 0.04077897
679.59953689 48.96930267 268.88639194 -0.00727165 0.98875507 0.14396514 0.03980680
680.80260236 47.43363330 268.69465453 -0.00473943 0.98842536 0.14660553 0.03872560
681.95483732 45.90837769 268.62978242 -0.00225419 0.98806533 0.14929727 0.03784360
683.24869088 44.38168732 268.59510285 0.00014508 0.98766545 0.15214612 0.03699317
684.44991932 42.89047264 268.42856294 0.00253321 0.98724062 0.15508266 0.03604032
685.73852527 41.36615747 268.27883138 0.00493694 0.98681131 0.15793667 0.03514351
686.99712887 39.89932527 268.03162060 0.00745078 0.98642748 0.16037456 0.03442823
687.81367894 38.48710411 267.71794975 0.00913001 0.98606310 0.16276450 0.03322533
688.58588467 36.90324095 267.27305813 0.01099364 0.98564658 0.16541246 0.03191656
689.30898668 35.32037993 267.07400406 0.01285842 0.98522379 0.16799386 0.03077040
690.14264341 33.73401958 266.92980513 0.01475082 0.98478019 0.17062297 0.02963414
691.02573940 32.25334762 266.63143742 0.01660606 0.98430910 0.17334501 0.02848425
691.97340081 30.66868194 266.30982483 0.01837735 0.98385845 0.17588448 0.02737653
692.91572106 29.18430237 265.93378842 0.02026209 0.98346153 0.17803235 0.02640729
693.53802764 28.39586730 265.70513147 0.02074281 0.98317832 0.17958998 0.02603028
694.17869630 27.53480362 265.47588579 0.02171364 0.98284752 0.18134962 0.02552621
694.76964272 26.66037800 265.31042711 0.02220910 0.98254257 0.18298855 0.02514058
695.37532450 25.82908861 265.17225516 0.02290882 0.98223147 0.18463011 0.02466266
696.03605007 24.99554433 264.97236576 0.02337932 0.98190332 0.18636387 0.02424426
696.70432804 24.17532423 264.86819720 0.02407397 0.98157987 0.18802708 0.02381624
697.43636587 23.30248343 264.63209203 0.02455003 0.98129696 0.18947299 0.02352778
698.35149304 22.81813368 264.49989307 0.02456361 0.98109003 0.19050687 0.02379296
699.28331145 22.24710780 264.47326638 0.02482655 0.98086753 0.19158663 0.02402283
700.18181453 21.68681206 264.49570410 0.02492912 0.98065535 0.19261955 0.02431754
701.14082106 21.12373088 264.48008000 0.02507058 0.98041411 0.19378620 0.02462815
702.01546143 20.54384266 264.38622401 0.02510823 0.98020401 0.19480199 0.02493700
702.90394585 19.97107205 264.38792843 0.02536652 0.97997216 0.19589138 0.02525217
703.86301550 19.34862404 264.30173297 0.02554576 0.97977778 0.19679544 0.02558263
704.77573268 18.74922490 264.09176999 0.02551277 0.97954904 0.19793426 0.02558904
705.64273400 18.06892387 263.94595806 0.02576229 0.97929424 0.19916483 0.02554343
706.50767117 17.36810356 263.78636566 0.02586507 0.97904136 0.20038907 0.02555845
707.42723257 16.68988719 263.66830828 0.02597143 0.97876810 0.20170524 0.02556342
708.28477838 16.03001450 263.47921538 0.02597060 0.97851926 0.20290713 0.02557884
709.14676133 15.33865057 263.34404301 0.02614197 0.97825851 0.20413656 0.02559590
710.02084608 14.56482556 263.16488162 0.02618619 0.97802628 0.20523128 0.02567092
710.75578195 14.00215921 262.98074195 0.02607978 0.97783417 0.20616929 0.02558125
711.52390848 13.35953029 262.85431191 0.02621525 0.97761667 0.20720387 0.02539610
712.26021966 12.68581695 262.75104088 0.02599802 0.97742906 0.20812222 0.02533134
713.07568015 12.01607916 262.65797259 0.02598116 0.97723918 0.20902740 0.02522141
713.78861853 11.42297040 262.46448716 0.02582452 0.97705676 0.20991042 0.02511547
714.57365869 10.75357930 262.41500428 0.02596676 0.97684248 0.21089811 0.02502950
715.37995665 10.02770290 262.27708724 0.02584484 0.97669059 0.21161561 0.02502753
716.00408667 9.76766924 262.24082501 0.02592977 0.97643940 0.21277431 0.02491674
716.61168934 9.46600213 262.21468442 0.02631140 0.97619975 0.21383979 0.02478518
717.17832353 9.14868044 262.11552522 0.02655969 0.97594911 0.21496403 0.02466533
717.76480910 8.85210052 262.14222654 0.02665344 0.97567712 0.21619196 0.02459261
718.27491937 8.52128065 262.07108209 0.02674207 0.97541779 0.21736153 0.02447381
718.82168075 8.19104768 262.04526123 0.02696093 0.97513644 0.21860585 0.02436228
719.38650124 7.76349376 261.92341646 0.02714548 0.97490535 0.21961929 0.02429102
719.80804781 7.21586209 261.69733523 0.02735606 0.97470966 0.22049162 0.02400364
720.22247556 6.60202282 261.49396165 0.02775923 0.97451027 0.22135324 0.02370435
720.59976217 5.89424583 261.31022537 0.02809128 0.97429172 0.22230293 0.02340809
721.05251414 5.25597981 261.12578830 0.02845809 0.97408192 0.22320327 0.02312687
721.47133226 4.66334666 260.91575366 0.02868178 0.97387517 0.22410015 0.02288284
721.93620685 4.04899952 260.73074601 0.02896247 0.97367705 0.22494998 0.02262059
722.46965104 3.38782056 260.51547143 0.02920388 0.97350075 0.22570198 0.02240641
722.60962830 3.20416197 260.52990084 0.02914233 0.97343064 0.22600396 0.02248838
722.76187708 3.02788212 260.46852622 0.02923290 0.97337625 0.22621822 0.02257073
722.92696961 2.86863529 260.44000723 0.02913886 0.97332604 0.22643704 0.02266298
723.06434453 2.74562522 260.52144034 0.02904252 0.97327159 0.22667168 0.02277916
723.19910849 2.65383835 260.51351558 0.02891859 0.97321669 0.22691146 0.02289507
723.35804367 2.53390204 260.54052017 0.02882620 0.97315284 0.22718737 0.02298904
723.47654922 2.39224154 260.50106152 0.02875108 0.97309264 0.22744107 0.02312235
723.40296389 2.50913632 260.57600181 0.02842618 0.97316010 0.22717797 0.02327124
723.32276310 2.61696622 260.60665844 0.02817222 0.97325048 0.22680542 0.02343332
723.30463331 2.73057159 260.70465650 0.02786597 0.97331880 0.22653531 0.02357435
723.25804730 2.88280483 260.83613091 0.02752919 0.97340839 0.22617067 0.02377125
723.17437276 3.06717124 260.90861334 0.02724257 0.97347576 0.22589802 0.02393457
723.13460784 3.22340817 260.98414936 0.02684260 0.97354171 0.22564273 0.02411146
723.08233321 3.37143743 261.04375333 0.02658933 0.97358940 0.22545098 0.02425977
723.02426373 3.61930319 261.16122701 0.02627546 0.97358030 0.22551124 0.02440642
722.97988752 3.89125952 261.20790372 0.02612747 0.97359010 0.22546805 0.02457282
722.97680104 4.15917832 261.39277005 0.02594500 0.97355861 0.22561221 0.02469044
722.94082900 4.48410234 261.58903862 0.02569196 0.97355240 0.22564622 0.02488846
722.89981052 4.82450850 261.68491611 0.02550751 0.97353553 0.22572534 0.02502012
722.91257650 5.13392779 261.75803113 0.02522910 0.97351963 0.22580337 0.02521636
722.91980392 5.38072778 261.87660852 0.02509617 0.97349467 0.22591295 0.02533086
722.93855677 5.64659840 262.01284483 0.02462571 0.97367550 0.22514553 0.02567263
722.98361736 5.90653565 262.08482045 0.02411715 0.97387411 0.22429604 0.02605517
723.05675938 6.15957206 262.25326378 0.02351610 0.97406363 0.22349388 0.02641074
723.09048433 6.41352469 262.38814732 0.02292822 0.97428070 0.22255636 0.02683440
723.09136484 6.68185040 262.47569302 0.02240331 0.97448145 0.22168354 0.02721026
723.16926767 6.95548546 262.59474807 0.02187503 0.97463986 0.22099647 0.02755327
723.18129500 7.26033882 262.66075239 0.02144906 0.97481200 0.22023590 0.02788629
723.18468618 7.33289566 262.71592736 0.02143753 0.97489646 0.21979316 0.02843042
723.15993457 7.44145923 262.73823266 0.02129976 0.97500276 0.21925173 0.02906230
723.22977253 7.51071961 262.79154990 0.02111147 0.97510522 0.21873018 0.02968555
723.30125709 7.56775908 262.82853730 0.02096783 0.97522651 0.21810737 0.03037717
723.37800834 7.65002795 262.85309743 0.02087902 0.97534090 0.21751260 0.03102361
723.48702004 7.69293394 262.89119437 0.02077422 0.97541383 0.21711168 0.03160396
723.55397535 7.79857932 262.88947596 0.02077328 0.97549820 0.21664749 0.03218069
723.50819976 7.96727728 262.93927199 0.02064712 0.97551509 0.21654147 0.03246233
723.46020825 8.14163110 262.93757314 0.02057420 0.97553389 0.21641341 0.03279600
723.49050294 8.30441105 263.01325394 0.02037363 0.97556347 0.21624573 0.03314543
723.50337964 8.47325328 263.05777364 0.02017641 0.97561534 0.21596561 0.03356307
723.53372721 8.63529447 263.08505076 0.02008314 0.97564122 0.21580548 0.03389484
723.58875396 8.73892860 263.13531976 0.02002140 0.97563504 0.21579280 0.03418902
723.60927242 8.88986840 263.09396014 0.02001212 0.97564960 0.21567579 0.03451554
723.47335754 8.98261049 263.13847266 0.01990006 0.97561708 0.21584424 0.03444651
723.28033029 9.07922623 263.09894066 0.01995864 0.97559855 0.21593490 0.03436934
723.18155080 9.17173805 263.16342559 0.01992264 0.97556489 0.21610358 0.03428529
723.06398203 9.31724724 263.23019255 0.01982538 0.97554747 0.21619668 0.03425015
722.92042741 9.47389663 263.25489377 0.01979398 0.97551145 0.21637757 0.03415205
722.81701805 9.58337883 263.27724091 0.01969679 0.97548810 0.21650091 0.03409342
722.69400998 9.69363998 263.29428709 0.01966918 0.97544661 0.21669898 0.03403810
722.78296109 9.61841063 263.28951077 0.01974428 0.97544431 0.21666220 0.03429363
722.83508284 9.56908861 263.23847351 0.01978170 0.97547171 0.21648894 0.03458552
722.95173233 9.45996735 263.24047460 0.01986106 0.97547626 0.21642007 0.03484194
723.04405501 9.39316750 263.22265894 0.01989006 0.97548979 0.21630715 0.03514650
723.14845869 9.30586552 263.18899792 0.01990971 0.97551016 0.21616265 0.03545747
723.29271872 9.23027313 263.17238581 0.01987194 0.97552404 0.21605601 0.03574554
723.40893456 9.13254380 263.14449538 0.01993194 0.97551777 0.21603554 0.03600610
723.47610815 8.92900232 263.04448156 0.01995978 0.97547949 0.21619722 0.03605744
723.51738493 8.74096290 262.91637296 0.02005915 0.97547047 0.21622175 0.03609905
723.61551784 8.50154053 262.84957707 0.02009800 0.97544268 0.21633929 0.03612426
723.67798728 8.32406015 262.79371991 0.02013482 0.97542037 0.21642925 0.03616722
723.79493501 8.13183598 262.69221383 0.02009044 0.97539683 0.21652505 0.03625337
723.93574842 7.94118740 262.65676309 0.02004975 0.97538283 0.21658102 0.03631810
724.08282093 7.73618378 262.57632166 0.02004299 0.97534692 0.21673244 0.03638294
724.21317521 7.74824905 262.65814790 0.01992883 0.97532674 0.21683867 0.03635371
724.34171406 7.78065667 262.66919259 0.01995916 0.97532939 0.21682618 0.03634030
724.51472538 7.79786328 262.76354231 0.01991936 0.97532896 0.21683496 0.03632134
724.66074276 7.88058698 262.87820255 0.01982070 0.97533075 0.21682994 0.03635721
724.79294586 7.94064556 262.93122028 0.01973788 0.97531231 0.21692109 0.03635329
724.96552798 7.99512975 263.01406551 0.01961289 0.97530452 0.21696790 0.03635054
725.11367327 8.01899867 263.07028870 0.01957555 0.97528181 0.21707147 0.03636165
725.24547805 7.99100699 263.07780920 0.01945416 0.97526634 0.21714786 0.03638558
725.36205435 7.97896383 263.02515234 0.01942570 0.97527077 0.21712743 0.03640404
725.51151182 7.94257839 263.04923862 0.01936490 0.97527123 0.21712657 0.03642909
725.64470587 7.97151000 263.07833303 0.01925236 0.97528425 0.21706707 0.03649465
725.77947052 7.98121410 263.09147229 0.01917237 0.97527774 0.21709599 0.03653866
725.94770967 7.98830395 263.10888717 0.01904398 0.97528174 0.21708126 0.03658647
726.09823991 7.98020620 263.10704529 0.01896631 0.97526546 0.21715208 0.03664051
726.23350513 7.99204985 263.14626366 0.01885043 0.97525910 0.21718961 0.03664714
726.35386159 7.99056730 263.13347752 0.01882123 0.97527635 0.21711308 0.03665659
726.51476461 7.98721655 263.20339286 0.01874247 0.97528582 0.21707449 0.03667363
726.65382087 8.02735118 263.26480634 0.01861350 0.97530427 0.21699197 0.03673690
726.79478186 8.04309290 263.30012174 0.01853042 0.97530386 0.21699596 0.03676615
726.96172715 8.05687250 263.35256952 0.01838465 0.97530704 0.21698664 0.03680996
727.11299321 8.04305101 263.37389605 0.01829142 0.97529215 0.21705516 0.03684705
727.21414618 8.08343997 263.38876385 0.01820727 0.97528217 0.21710247 0.03687405
727.30510579 8.12179173 263.33251490 0.01820610 0.97529117 0.21705770 0.03690019
727.42693044 8.14960866 263.37723717 0.01817584 0.97529198 0.21705171 0.03692895
727.52718089 8.22190878 263.40473312 0.01809931 0.97530469 0.21698813 0.03700433
727.63109996 8.28616670 263.41691068 0.01807030 0.97529685 0.21701932 0.03704240
727.77063233 8.33813856 263.42754968 0.01796511 0.97530003 0.21700447 0.03709668
727.90271818 8.38106684 263.41894219 0.01791033 0.97528333 0.21707506 0.03714911
728.02605652 8.37588664 263.44821711 0.01781157 0.97525904 0.21718941 0.03716611
728.12730358 8.37173542 263.40425086 0.01781903 0.97525254 0.21721500 0.03718354
728.27523276 8.37062099 263.45962128 0.01777056 0.97524203 0.21726164 0.03720970
728.39991264 8.40637655 263.49293211 0.01768195 0.97524145 0.21726057 0.03727331
728.53175029 8.41269320 263.50818506 0.01762050 0.97522600 0.21732811 0.03731295
728.69550838 8.41009489 263.52903527 0.01751658 0.97521648 0.21737083 0.03736193
728.82791985 8.40020543 263.53433519 0.01746372 0.97518660 0.21750091 0.03740952
728.84655087 8.21959871 263.42670185 0.01762923 0.97510297 0.21785322 0.03746174
728.82224761 8.06486487 263.27183485 0.01788593 0.97504114 0.21810088 0.03750826
728.85676993 7.86291836 263.18830181 0.01813861 0.97496231 0.21842769 0.03753442
728.85383598 7.71883590 263.11158115 0.01831547 0.97488947 0.21872883 0.03758685
728.89695366 7.58011746 262.99577154 0.01847714 0.97481471 0.21903534 0.03766153
728.96602540 7.41474347 262.90716322 0.01863046 0.97475102 0.21929398 0.03772936
728.98501660 7.34043513 262.83113604 0.01869307 0.97470136 0.21949938 0.03778684
728.92735533 7.33136588 262.73876012 0.01867648 0.97472095 0.21940769 0.03782227
728.93554449 7.32904208 262.71113564 0.01871263 0.97470484 0.21946954 0.03786081
728.92466070 7.31860647 262.65660836 0.01868224 0.97470791 0.21944968 0.03791175
728.90114411 7.29297980 262.64454048 0.01868850 0.97470645 0.21944492 0.03797387
728.89786882 7.29313065 262.58330576 0.01861884 0.97472601 0.21935139 0.03804631
728.88669782 7.28345123 262.54116284 0.01856529 0.97470179 0.21945522 0.03809401
