586.34862070 20.78583900 267.55666840 -0.03591695 0.99873829 0.01065974 0.03343896
586.47573873 20.85914261 267.56905069 -0.03600931 0.99873174 0.01065166 0.03353780
586.60487435 20.91710969 267.49268664 -0.03603012 0.99872870 0.01055730 0.03363567
586.80639865 20.98786920 267.47428721 -0.03608355 0.99872342 0.01056947 0.03373106
586.94532636 21.07600213 267.47629766 -0.03617007 0.99871702 0.01046465 0.03386034
587.09120048 21.16967446 267.44585171 -0.03620509 0.99871235 0.01043103 0.03397096
587.27363930 21.24260060 267.42472460 -0.03631901 0.99870536 0.01035095 0.03407911
587.42757366 21.33753742 267.39489031 -0.03642538 0.99869789 0.01036975 0.03417876
587.44451660 21.38763088 267.38451453 -0.03647345 0.99869236 0.01038904 0.03428293
587.44739959 21.42595502 267.31898607 -0.03645049 0.99869029 0.01031766 0.03438922
587.53274867 21.47224380 267.30109920 -0.03644414 0.99868650 0.01035242 0.03449527
587.55556718 21.52708737 267.29464508 -0.03648861 0.99868126 0.01026330 0.03462649
587.58110045 21.58514889 267.25026229 -0.03647428 0.99867774 0.01026073 0.03474360
587.65988609 21.62100789 267.21067655 -0.03653288 0.99867239 0.01019087 0.03485622
587.70391150 21.67606575 267.17118095 -0.03658592 0.99866612 0.01024466 0.03496432
587.67131940 21.69256909 267.17736039 -0.03658731 0.99865802 0.01024987 0.03519193
587.61773442 21.67106430 267.09855667 -0.03653044 0.99865168 0.01020373 0.03544344
587.67639385 21.64512200 267.07433958 -0.03656886 0.99864153 0.01022318 0.03568320
587.62858581 21.64467044 267.09291890 -0.03661337 0.99863140 0.01012073 0.03594945
587.63063886 21.67754134 267.04612152 -0.03661152 0.99862235 0.01010570 0.03620607
587.67032258 21.69011189 267.01293097 -0.03662725 0.99861406 0.01013079 0.03641107
587.66681259 21.71337193 266.94949534 -0.03665576 0.99860437 0.01010277 0.03665512
587.66946734 21.71735909 266.86488255 -0.03680483 0.99860398 0.00994328 0.03655980
587.64557627 21.67465413 266.67803385 -0.03684647 0.99860879 0.00980973 0.03642239
587.70200500 21.64661316 266.60048138 -0.03693865 0.99861166 0.00968955 0.03628221
587.67872246 21.67995515 266.52383904 -0.03703467 0.99861500 0.00948528 0.03614603
587.70228341 21.69688093 266.42344960 -0.03714418 0.99861612 0.00935183 0.03603742
587.79056051 21.72332637 266.35275804 -0.03725971 0.99861805 0.00915830 0.03591422
587.85602840 21.77495322 266.26699620 -0.03742764 0.99861665 0.00905459 0.03580460
588.22449789 21.85176528 266.42938366 -0.03741684 0.99860175 0.00907845 0.03622308
588.58073334 21.96469344 266.51180470 -0.03739084 0.99858551 0.00908043 0.03669391
588.96407076 22.06374429 266.56975276 -0.03745085 0.99856593 0.00904607 0.03717092
589.29501107 22.13630201 266.72348696 -0.03755901 0.99854284 0.00903319 0.03768173
589.64433617 22.16319135 266.80044837 -0.03761902 0.99852264 0.00897253 0.03816852
589.99158382 22.26636530 266.90625866 -0.03759585 0.99850581 0.00905122 0.03861050
590.33485839 22.31999797 266.97370229 -0.03753740 0.99849030 0.00900664 0.03907608
590.43583643 22.35077919 266.99023250 -0.03753855 0.99848656 0.00907042 0.03915581
590.51483601 22.35782833 266.93831354 -0.03745861 0.99848562 0.00903379 0.03926470
590.71600464 22.35254051 266.95177528 -0.03747628 0.99848084 0.00903585 0.03936871
590.86293304 22.37154167 266.97663839 -0.03748684 0.99847637 0.00894437 0.03949258
591.04770306 22.36654069 266.95433114 -0.03746405 0.99847275 0.00895367 0.03960357
591.26500054 22.35785329 266.97542482 -0.03744433 0.99847000 0.00895676 0.03969070
591.45311258 22.38029874 266.95705372 -0.03746459 0.99846435 0.00900984 0.03980157
591.64651354 22.30273560 266.89825131 -0.03741732 0.99846791 0.00896097 0.03976786
591.78558260 22.20272665 266.75757042 -0.03730070 0.99847504 0.00893824 0.03970344
592.07500510 22.11462129 266.71815466 -0.03730278 0.99847754 0.00884662 0.03965915
592.30046989 22.04014502 266.67855834 -0.03721941 0.99848399 0.00871625 0.03960394
592.62454205 21.96536735 266.63102885 -0.03723860 0.99848492 0.00861194 0.03958529
593.00090752 21.88499960 266.61021337 -0.03713368 0.99849143 0.00854074 0.03953496
593.31340820 21.84502699 266.54637176 -0.03717432 0.99849053 0.00850188 0.03952793
593.25695685 21.91228100 266.51375334 -0.03730097 0.99848814 0.00858136 0.03945160
593.19312166 22.00606494 266.42346661 -0.03727278 0.99849193 0.00853374 0.03939260
593.20465270 22.09766955 266.37995922 -0.03729657 0.99849252 0.00863109 0.03933387
593.15221437 22.29307449 266.38383994 -0.03740109 0.99849088 0.00857942 0.03928757
593.06912545 22.46171514 266.31064924 -0.03746467 0.99849086 0.00865389 0.03921104
593.06444150 22.62947580 266.27691019 -0.03758240 0.99848881 0.00861818 0.03915849
593.08369889 22.79286862 266.25924062 -0.03767135 0.99848678 0.00872842 0.03910033
593.45321116 22.64951792 266.39369197 -0.03764047 0.99848062 0.00881047 0.03926851
593.81308343 22.48876277 266.40877631 -0.03750321 0.99847868 0.00900565 0.03940462
594.21481973 22.34448252 266.40081438 -0.03760980 0.99846628 0.00911648 0.03959133
594.54613478 22.20907079 266.46561684 -0.03758475 0.99845969 0.00919428 0.03976296
594.95462018 22.07403417 266.48780602 -0.03769270 0.99844703 0.00930140 0.03995348
595.33351612 21.99291504 266.53478228 -0.03762860 0.99844165 0.00945006 0.04011301
595.70269826 21.88948264 266.56989037 -0.03766216 0.99843142 0.00952782 0.04031718
596.22193506 22.03685628 266.65766166 -0.03811447 0.99840842 0.00954212 0.04045821
596.69437032 22.12729368 266.64717813 -0.03839781 0.99839003 0.00959683 0.04063081
597.21193227 22.26556890 266.68410626 -0.03881283 0.99836645 0.00958788 0.04081741
597.68788942 22.42573396 266.77616556 -0.03924162 0.99834048 0.00958575 0.04104251
598.21544247 22.55500994 266.81471566 -0.03961912 0.99831706 0.00958424 0.04124946
598.75897148 22.69782396 266.87059793 -0.03993106 0.99829463 0.00961521 0.04148353
599.29789864 22.80454675 266.91403727 -0.04024375 0.99827404 0.00957808 0.04168511
600.26687039 22.81618584 267.13336486 -0.04049162 0.99824966 0.00954368 0.04203527
601.25557799 22.80883839 267.36143427 -0.04074973 0.99822435 0.00949732 0.04239590
602.27815263 22.80428363 267.56567017 -0.04103247 0.99819680 0.00943593 0.04278363
603.29022367 22.83839638 267.80260649 -0.04131666 0.99816549 0.00942705 0.04324020
604.30472594 22.84716057 267.98764663 -0.04155684 0.99813585 0.00938219 0.04370153
605.33220103 22.92950866 268.21685807 -0.04172381 0.99810821 0.00929601 0.04418947
606.35762878 22.96982461 268.42866587 -0.04190927 0.99808186 0.00918889 0.04462938
607.10928152 23.38438152 268.59167488 -0.04307802 0.99810837 0.00979459 0.04275539
607.71402978 23.57306273 268.45153119 -0.04363761 0.99815706 0.01051794 0.04083654
608.30512903 23.78409899 268.48396926 -0.04445556 0.99819339 0.01106071 0.03887572
608.82203967 23.95725227 268.57866581 -0.04535891 0.99821754 0.01170945 0.03697568
609.65821730 24.20265954 268.60055442 -0.04622996 0.99824100 0.01216684 0.03506653
610.42153974 24.32472177 268.81647848 -0.04683436 0.99826273 0.01292248 0.03333279
611.16846069 24.49812251 268.90755317 -0.04767708 0.99827557 0.01293021 0.03171118
612.28111381 24.55609904 269.18090807 -0.04799776 0.99825004 0.01285118 0.03206106
613.43181378 24.56999604 269.45267871 -0.04835488 0.99822279 0.01270332 0.03242977
614.63193705 24.58448368 269.72453833 -0.04877488 0.99819017 0.01257504 0.03285228
615.87177714 24.65279231 270.00466707 -0.04918411 0.99815506 0.01251918 0.03332676
617.04261339 24.67171933 270.21566171 -0.04955913 0.99812236 0.01234989 0.03381020
618.22329350 24.67765999 270.49390491 -0.04974748 0.99809724 0.01225220 0.03430700
619.32877668 24.72179734 270.74667546 -0.04995465 0.99807377 0.01203394 0.03476303
620.54003381 25.00927687 271.02541499 -0.05040409 0.99805305 0.01200289 0.03471973
621.76786468 25.25420701 271.25737842 -0.05077270 0.99803635 0.01180521 0.03473053
623.01757134 25.49971167 271.48443413 -0.05121161 0.99801331 0.01163429 0.03480581
624.26895611 25.80529403 271.78903664 -0.05178668 0.99798139 0.01151038 0.03491122
625.53647290 26.04225752 271.97796315 -0.05223034 0.99795671 0.01141329 0.03498756
626.81042502 26.27200883 272.26635521 -0.05249317 0.99793964 0.01130144 0.03511708
627.99866806 26.51146189 272.54631207 -0.05276884 0.99792415 0.01103108 0.03522998
629.02045444 26.76841034 272.80853418 -0.05308450 0.99790356 0.01099611 0.03534983
630.08030906 26.94636527 273.06310403 -0.05334527 0.99788552 0.01080587 0.03552477
631.14401908 27.18588160 273.32289225 -0.05367257 0.99786164 0.01065671 0.03574680
632.25252243 27.45008095 273.65007423 -0.05407084 0.99783201 0.01054555 0.03600565
633.33190950 27.61696379 273.85490186 -0.05443624 0.99780464 0.01041877 0.03624982
634.39728098 27.80879995 274.18904343 -0.05461821 0.99778512 0.01034155 0.03653445
635.42490214 28.03155219 274.48487598 -0.05475689 0.99777009 0.01011472 0.03679986
636.40127886 28.25138260 274.69056531 -0.05513011 0.99776088 0.01030391 0.03643809
637.36873643 28.43191683 274.89174155 -0.05533791 0.99776123 0.01037824 0.03609063
638.34623807 28.60324559 275.06903906 -0.05571910 0.99774807 0.01044576 0.03584771
639.35745404 28.83012197 275.33772502 -0.05619360 0.99772978 0.01049454 0.03560098
640.37046696 28.95693278 275.50427325 -0.05655408 0.99771908 0.01058845 0.03530084
641.41384300 29.10163323 275.76006496 -0.05670040 0.99771681 0.01072013 0.03509000
642.37871808 29.23331475 276.00336333 -0.05696139 0.99770988 0.01061789 0.03489482
643.39835059 29.50046337 276.25283338 -0.05744256 0.99767848 0.01054573 0.03502554
644.41117189 29.69246220 276.48728399 -0.05784206 0.99765068 0.01037626 0.03521017
645.43667075 29.95712002 276.70642216 -0.05833558 0.99761488 0.01021993 0.03545523
646.51506786 30.24801330 276.98415817 -0.05889431 0.99757296 0.01011237 0.03574069
647.58942564 30.38453499 277.15449316 -0.05938791 0.99753597 0.00995144 0.03600038
648.66778469 30.59885511 277.46494637 -0.05967080 0.99750894 0.00993807 0.03628425
649.66146540 30.80116355 277.73190242 -0.05996949 0.99748298 0.00967515 0.03657530
650.82762029 31.05251858 277.93768704 -0.06049036 0.99743484 0.00960401 0.03704630
652.00974508 31.30843102 278.14300088 -0.06096877 0.99738622 0.00944411 0.03760779
653.15022467 31.59886491 278.32689861 -0.06149009 0.99733342 0.00927318 0.03819711
654.34479004 31.90571618 278.57932543 -0.06203879 0.99727616 0.00916342 0.03882622
655.52006023 32.10347511 278.78041641 -0.06256516 0.99722052 0.00900623 0.03944258
656.71371619 32.36000879 279.03806742 -0.06295393 0.99717296 0.00896604 0.04003125
657.83158963 32.58767002 279.20298782 -0.06336225 0.99712502 0.00880592 0.04061261
658.84354624 32.73836275 279.38427975 -0.06365974 0.99710308 0.00873458 0.04070138
659.86523075 32.87394616 279.56378855 -0.06393061 0.99708240 0.00863339 0.04080487
660.85775670 33.01687300 279.71275443 -0.06431411 0.99705172 0.00849857 0.04097964
661.92167825 33.19372390 279.90759669 -0.06468736 0.99702027 0.00834655 0.04118818
662.96826481 33.28702377 280.06847728 -0.06502694 0.99699209 0.00817877 0.04136877
664.02564375 33.43511866 280.28808306 -0.06515733 0.99697568 0.00812120 0.04157007
665.02140440 33.55070315 280.44563990 -0.06543074 0.99695069 0.00795514 0.04177157
666.15446697 33.72160522 280.61630872 -0.06590963 0.99692058 0.00789290 0.04174913
667.28655888 33.86807465 280.75865458 -0.06634584 0.99689185 0.00780731 0.04176024
668.37455194 34.05284646 280.90680479 -0.06693022 0.99685021 0.00763235 0.04185385
669.51573590 34.27772972 281.13945392 -0.06751921 0.99680725 0.00744739 0.04196428
670.68435061 34.41431825 281.27879108 -0.06807309 0.99676766 0.00726876 0.04204118
671.85734836 34.61055328 281.49957622 -0.06841780 0.99674012 0.00716064 0.04215276
672.96682223 34.75905663 281.65075164 -0.06886715 0.99670590 0.00695994 0.04226377
673.96887288 34.91464793 281.77645722 -0.06916312 0.99667668 0.00703277 0.04245701
675.00804137 35.07456541 281.90748475 -0.06936398 0.99665156 0.00706060 0.04271367
675.97891727 35.25516361 282.05754363 -0.06974135 0.99661263 0.00699751 0.04301683
676.99504996 35.44480887 282.20496794 -0.07011148 0.99657267 0.00698612 0.04334147
678.07635459 35.57043865 282.34486540 -0.07049332 0.99653338 0.00697434 0.04362651
679.12842615 35.74648852 282.53316058 -0.07067417 0.99650824 0.00705267 0.04389485
680.14585265 35.90812370 282.64304272 -0.07095041 0.99647412 0.00705992 0.04422130
681.02885799 36.04477513 282.77995282 -0.07112187 0.99646415 0.00719077 0.04414931
681.94535091 36.23381461 282.89917713 -0.07115361 0.99646194 0.00720922 0.04414512
682.78730368 36.36906997 282.98949101 -0.07138768 0.99644388 0.00723124 0.04417128
683.64645759 36.53599569 283.14898700 -0.07163915 0.99642506 0.00720378 0.04419312
684.53297678 36.64131362 283.31212120 -0.07188290 0.99640900 0.00726693 0.04414917
685.39086730 36.79756771 283.47917697 -0.07194649 0.99640585 0.00735146 0.04410266
686.22577703 36.91220297 283.57681901 -0.07214207 0.99638986 0.00740281 0.04413567
687.21130801 37.06198718 283.68599975 -0.07242985 0.99637606 0.00750180 0.04395892
688.24218505 37.21832644 283.78622084 -0.07256063 0.99637117 0.00749973 0.04385426
689.17835873 37.35133788 283.87950532 -0.07289694 0.99634991 0.00745488 0.04378725
690.14320993 37.50847896 284.00171549 -0.07325448 0.99632739 0.00740040 0.04371202
691.16292339 37.61966687 284.12769145 -0.07362834 0.99630565 0.00742988 0.04357431
692.17370852 37.77868232 284.28775109 -0.07379961 0.99629860 0.00746026 0.04344043
693.15422342 37.89326827 284.38896815 -0.07409619 0.99627878 0.00747613 0.04338733
694.19893720 38.10052037 284.50040655 -0.07457940 0.99624087 0.00741962 0.04343959
695.33290696 38.29941393 284.63317555 -0.07497035 0.99620786 0.00730378 0.04354312
696.37897839 38.49085796 284.76593596 -0.07547606 0.99616441 0.00712289 0.04369319
697.45937828 38.68464946 284.93063420 -0.07600702 0.99611807 0.00697061 0.04385366
698.57377593 38.85951596 285.07464586 -0.07654734 0.99607174 0.00682621 0.04398861
699.70682742 39.07134919 285.25794963 -0.07691482 0.99603862 0.00671632 0.04411420
700.77976786 39.24134471 285.38771275 -0.07739507 0.99599477 0.00660140 0.04428134
701.66544150 39.44964634 285.50911624 -0.07792047 0.99596263 0.00662019 0.04407971
702.59713867 39.66264111 285.61826615 -0.07824178 0.99594511 0.00659252 0.04391017
703.44545861 39.85401872 285.72511582 -0.07879501 0.99590822 0.00650315 0.04377071
704.32668094 40.04722402 285.88770768 -0.07934200 0.99587199 0.00639863 0.04362213
705.22799973 40.19475294 286.07064216 -0.07989952 0.99583644 0.00634290 0.04342367
706.10601137 40.37317755 286.26958844 -0.08028933 0.99581355 0.00636964 0.04322533
706.94738919 40.51763889 286.39685468 -0.08085926 0.99577218 0.00633629 0.04312068
707.86175778 40.82305736 286.51806356 -0.08146094 0.99572036 0.00607035 0.04322296
708.85229434 41.14310408 286.65580997 -0.08198758 0.99567177 0.00571523 0.04339464
709.75711742 41.44812625 286.75267579 -0.08267067 0.99560978 0.00534595 0.04356779
710.70715385 41.76365959 286.94370899 -0.08339522 0.99554271 0.00492222 0.04376886
711.63324931 42.00242653 287.11520767 -0.08406392 0.99548241 0.00454538 0.04390179
712.57622342 42.30622274 287.32478274 -0.08459978 0.99543313 0.00428939 0.04401554
713.46761689 42.60451451 287.41501379 -0.08527962 0.99536880 0.00396070 0.04418874
714.40776427 42.85071703 287.53491136 -0.08590658 0.99531595 0.00376616 0.04418178
715.36562197 43.10234624 287.66093529 -0.08640729 0.99527188 0.00355649 0.04421565
716.24715235 43.34370243 287.77084757 -0.08710494 0.99520913 0.00328084 0.04428048
717.19086791 43.58065451 287.94666758 -0.08782209 0.99514343 0.00297741 0.04436183
718.09955705 43.73945797 288.10807306 -0.08850765 0.99508146 0.00269461 0.04440754
719.03189727 43.98862477 288.32343043 -0.08901357 0.99503524 0.00252269 0.04444209
719.91044568 44.16760000 288.42132278 -0.08963755 0.99497622 0.00225105 0.04452375
720.79864535 44.38148213 288.52081217 -0.09005528 0.99494224 0.00215327 0.04444496
721.73016783 44.60213385 288.63034957 -0.09036768 0.99491658 0.00205155 0.04439001
722.57481872 44.79482717 288.71007432 -0.09086197 0.99487314 0.00187075 0.04436248
723.43899627 44.99458348 288.85840790 -0.09136506 0.99482828 0.00165814 0.04434380
724.27774673 45.13773258 289.00839035 -0.09187354 0.99478428 0.00151595 0.04428530
725.14514325 45.35972511 289.18391988 -0.09219786 0.99475701 0.00140016 0.04422775
726.00248465 45.52049786 289.27260858 -0.09267955 0.99471307 0.00122025 0.04421439
726.49141397 45.70633891 289.38382944 -0.09291435 0.99468848 0.00101072 0.04428019
727.00699113 45.85741758 289.42827681 -0.09308803 0.99466682 0.00074119 0.04440703
727.47475847 46.01448642 289.47361843 -0.09343722 0.99462952 0.00044277 0.04451306
727.96944056 46.13837433 289.57650626 -0.09376864 0.99459302 0.00009650 0.04463350
728.44038038 46.23411498 289.70413316 -0.09411238 0.99455651 -0.00019708 0.04472327
728.91454787 46.42981276 289.83488682 -0.09431469 0.99453435 -0.00042336 0.04478834
729.36027796 46.58496856 289.86137707 -0.09461000 0.99450080 -0.00066123 0.04490745
729.43575561 46.37446983 289.91914285 -0.09450136 0.99451314 -0.00043105 0.04486560
729.47915808 46.15933359 289.87840783 -0.09424966 0.99453801 -0.00018739 0.04484540
729.61512836 45.93563238 289.89313010 -0.09420753 0.99454253 -0.00007315 0.04483400
729.71390326 45.77289062 289.93299865 -0.09408393 0.99455532 0.00010495 0.04480978
729.95015701 45.58423109 289.92424904 -0.09408856 0.99455522 0.00035155 0.04480096
730.16399413 45.42843677 289.96670416 -0.09397158 0.99456789 0.00056248 0.04476318
730.34643319 45.23404300 289.95650686 -0.09393633 0.99456923 0.00079202 0.04480395
730.32239975 45.25714953 290.01365720 -0.09406081 0.99454566 0.00095803 0.04506183
730.29336405 45.27497127 290.03603214 -0.09410664 0.99452694 0.00103204 0.04537661
730.33230065 45.26903705 290.09552024 -0.09417980 0.99450739 0.00116654 0.04564923
730.32879866 45.31213330 290.18198262 -0.09430549 0.99448049 0.00128749 0.04597138
730.33495539 45.31665201 290.19896769 -0.09440498 0.99445708 0.00144259 0.04626803
730.37111889 45.35393452 290.23142890 -0.09455315 0.99442947 0.00161055 0.04655257
730.40170071 45.35883152 290.25622663 -0.09464602 0.99440720 0.00182773 0.04683073
730.19199423 45.13025732 290.29080011 -0.09435353 0.99442935 0.00223601 0.04693269
729.88471335 44.89235465 290.24272006 -0.09391909 0.99446349 0.00262143 0.04706061
729.73104243 44.68112206 290.21426353 -0.09366170 0.99448063 0.00300342 0.04718843
729.49082020 44.52032470 290.25505721 -0.09336573 0.99450202 0.00337440 0.04729879
729.32948802 44.34105202 290.21725372 -0.09314988 0.99451462 0.00381771 0.04742571
729.19041809 44.17453674 290.20222033 -0.09286418 0.99453536 0.00421537 0.04751719
728.99977104 43.97753232 290.16025302 -0.09260043 0.99455049 0.00463702 0.04767587
728.57185004 44.27401700 290.17781324 -0.09276488 0.99453365 0.00450111 0.04772042
728.14550816 44.52360151 290.12487922 -0.09283744 0.99451983 0.00430108 0.04788539
727.81328146 44.75431449 290.11448775 -0.09319185 0.99448250 0.00407340 0.04799208
727.40837412 45.00429171 290.17889414 -0.09349136 0.99444748 0.00385999 0.04815260
727.05495938 45.20588607 290.15990417 -0.09376167 0.99441914 0.00366308 0.04822771
726.69682955 45.45189594 290.16722385 -0.09386226 0.99440926 0.00372674 0.04823081
726.31826364 45.62181773 290.09124355 -0.09386826 0.99440324 0.00347313 0.04836203
726.68608304 45.48701621 290.22193279 -0.09352166 0.99441759 0.00372126 0.04871876
727.03935789 45.33601024 290.29122438 -0.09316500 0.99443026 0.00398132 0.04912125
727.39854996 45.18974403 290.34610163 -0.09299699 0.99442558 0.00427435 0.04950812
727.78680248 45.02128442 290.47996781 -0.09273249 0.99442827 0.00451797 0.04992675
728.20436866 44.85274490 290.58541469 -0.09252383 0.99442607 0.00475543 0.05033404
728.61346115 44.72448190 290.68589771 -0.09219695 0.99443717 0.00511800 0.05067788
728.95224129 44.54105811 290.70474479 -0.09191309 0.99444097 0.00535296 0.05109284
729.14068549 44.47940894 290.75506581 -0.09190072 0.99443549 0.00563093 0.05119191
729.28958618 44.38283889 290.74061259 -0.09177509 0.99443842 0.00584331 0.05133633
729.51700277 44.30092872 290.77450551 -0.09172721 0.99443516 0.00605958 0.05145988
729.70419114 44.21863794 290.81385637 -0.09169977 0.99442866 0.00621690 0.05161528
729.95310638 44.13560111 290.82475433 -0.09171326 0.99441855 0.00646996 0.05175483
730.21147072 44.08907414 290.86995017 -0.09165862 0.99441564 0.00672162 0.05187538
730.42185448 43.99422506 290.88124274 -0.09165101 0.99440652 0.00696379 0.05203145
730.40388148 43.75687332 290.93921920 -0.09153889 0.99442369 0.00718169 0.05187083
730.32455940 43.49467039 290.91709714 -0.09121491 0.99446008 0.00737915 0.05171604
730.34041449 43.24062547 290.94432397 -0.09110632 0.99447723 0.00754084 0.05155390
730.29450225 43.01231778 290.98458085 -0.09090302 0.99450403 0.00769351 0.05137303
730.37585057 42.82535161 290.99438079 -0.09087374 0.99451204 0.00792853 0.05123383
730.46343296 42.63601472 291.01665388 -0.09075219 0.99453053 0.00808548 0.05106561
730.50810718 42.42577974 291.02885890 -0.09068777 0.99454039 0.00829325 0.05095443
730.63578301 42.67220045 291.12170540 -0.09099531 0.99451397 0.00814473 0.05094582
730.84181783 42.92918063 291.16731449 -0.09117428 0.99449687 0.00786174 0.05100412
731.04103747 43.17840657 291.25974231 -0.09152472 0.99446508 0.00761704 0.05103340
731.20799881 43.43511018 291.41039171 -0.09188206 0.99443158 0.00732053 0.05108754
731.35051631 43.62514949 291.49629530 -0.09220267 0.99440293 0.00713442 0.05109389
731.52361644 43.87472965 291.58566110 -0.09243444 0.99438282 0.00700751 0.05108406
731.69450753 44.07109392 291.63126696 -0.09270827 0.99435607 0.00684321 0.05113078
731.82208194 44.25821419 291.71414661 -0.09294177 0.99432792 0.00677131 0.05126372
732.00865905 44.44004336 291.73850163 -0.09310729 0.99430395 0.00658780 0.05145188
732.22140115 44.60430034 291.81670773 -0.09339446 0.99427031 0.00645295 0.05159826
732.37476821 44.79169619 291.93055043 -0.09370316 0.99423235 0.00628188 0.05179087
732.51602206 44.93647693 291.99239337 -0.09397758 0.99419926 0.00617808 0.05194104
732.69003142 45.12012026 292.06131430 -0.09421483 0.99417051 0.00616151 0.05206333
732.84395357 45.27467859 292.07972552 -0.09444772 0.99414011 0.00610009 0.05222891
732.88526573 45.43176307 292.12731449 -0.09473188 0.99410912 0.00607000 0.05230753
732.97760447 45.58610117 292.10403403 -0.09490867 0.99408650 0.00591707 0.05243433
733.09231672 45.73173643 292.15346023 -0.09520180 0.99405433 0.00582930 0.05252265
733.15124259 45.91512673 292.23170561 -0.09551486 0.99401839 0.00569114 0.05264946
733.19386721 46.07538693 292.25337427 -0.09576904 0.99398961 0.00562451 0.05273811
733.28592532 46.26431927 292.29119777 -0.09601476 0.99396210 0.00559954 0.05281252
733.35966320 46.43587231 292.27781340 -0.09627044 0.99393164 0.00557961 0.05292235
733.50773066 46.64892516 292.33828639 -0.09655258 0.99389924 0.00540967 0.05303429
733.71020277 46.87021893 292.31897280 -0.09675995 0.99387189 0.00513227 0.05319619
733.91467665 47.08271129 292.37156920 -0.09710392 0.99383204 0.00487711 0.05333781
734.08941455 47.30431827 292.44163895 -0.09744697 0.99379057 0.00454291 0.05351412
734.26461189 47.50167184 292.47595841 -0.09773964 0.99375550 0.00430812 0.05365082
734.36211494 47.67901951 292.49694380 -0.09793833 0.99373437 0.00417940 0.05368997
734.44734199 47.83190195 292.49219921 -0.09813026 0.99371355 0.00396857 0.05374095
734.44917050 47.93617756 292.50164325 -0.09823379 0.99370698 0.00391747 0.05367703
734.46444004 48.05113302 292.51603051 -0.09839954 0.99369403 0.00375692 0.05362457
734.42272648 48.15530189 292.50937067 -0.09848608 0.99368898 0.00365585 0.05356624
734.41514645 48.28399410 292.51053473 -0.09865938 0.99367431 0.00345919 0.05353252
734.39298867 48.38297636 292.49792239 -0.09886555 0.99365786 0.00346037 0.05345736
