590.65021670 42.72381360 262.03492100 -0.00384279 0.99540097 -0.06850127 0.06685559
590.74207795 42.76719213 262.04795051 -0.00384047 0.99540554 -0.06844291 0.06684783
590.80370708 42.76294869 262.01210371 -0.00374723 0.99540171 -0.06852986 0.06682107
590.92179801 42.77204135 262.01646891 -0.00363675 0.99541049 -0.06842952 0.06679912
591.00950914 42.84315454 262.02764787 -0.00363197 0.99541120 -0.06842943 0.06678903
591.08279658 42.90815154 262.02903976 -0.00355115 0.99541618 -0.06836956 0.06678046
591.18910449 42.89977597 262.02466145 -0.00359277 0.99541497 -0.06839308 0.06677205
591.28532645 42.90658266 262.02544299 -0.00360809 0.99542542 -0.06825828 0.06675341
591.38648409 42.95783285 262.03162709 -0.00354477 0.99543630 -0.06813595 0.06671954
591.45077356 42.94185380 261.98056682 -0.00339840 0.99543782 -0.06817441 0.06666513
591.57769086 42.95560755 261.98874598 -0.00324162 0.99545178 -0.06801991 0.06662233
591.67208699 43.01141526 261.99674383 -0.00317541 0.99545725 -0.06798025 0.06658427
591.75016465 43.07159114 261.99923606 -0.00303858 0.99546777 -0.06786692 0.06654900
591.85758080 43.05081265 261.97958441 -0.00303192 0.99547070 -0.06785872 0.06651378
591.96097254 43.04395614 261.96566388 -0.00300072 0.99548719 -0.06766449 0.06646630
592.07172462 43.12112861 261.96815867 -0.00305018 0.99548729 -0.06767600 0.06645089
592.15370028 43.14159306 261.93851722 -0.00301576 0.99547737 -0.06785508 0.06641837
592.29191714 43.17246643 261.94943803 -0.00298286 0.99548083 -0.06783533 0.06638823
592.40063080 43.26706273 261.95660594 -0.00303173 0.99547489 -0.06793247 0.06637571
592.48546545 43.34971619 261.96159025 -0.00300012 0.99547446 -0.06795710 0.06635830
592.59969233 43.36596168 261.97552149 -0.00308760 0.99546789 -0.06806196 0.06634541
592.71537666 43.39923468 261.97626414 -0.00315233 0.99547374 -0.06800059 0.06631748
592.81991695 43.46053557 261.99437307 -0.00316067 0.99548230 -0.06794503 0.06624563
592.90800527 43.47312161 261.96045972 -0.00306487 0.99548348 -0.06802436 0.06615088
593.03569911 43.50540919 261.96934189 -0.00296998 0.99549754 -0.06791036 0.06606059
593.13989448 43.60457717 261.98412445 -0.00297597 0.99550295 -0.06791155 0.06597757
593.20981022 43.69615874 261.98515260 -0.00291278 0.99551390 -0.06783755 0.06589128
593.31680359 43.71693791 261.96873655 -0.00296597 0.99551608 -0.06787797 0.06581425
593.43338254 43.73891940 261.96825242 -0.00299950 0.99553103 -0.06774096 0.06572765
593.52229423 43.83792268 262.00467044 -0.00304026 0.99554291 -0.06763969 0.06565011
593.60891680 43.90166278 261.99388055 -0.00291889 0.99554709 -0.06765901 0.06557240
593.73763933 43.97974802 262.00977905 -0.00280604 0.99556500 -0.06748934 0.06548018
593.82216350 44.14523423 262.05280851 -0.00283295 0.99557393 -0.06742637 0.06540809
593.85579471 44.27506167 262.04207262 -0.00278904 0.99558874 -0.06729599 0.06531874
593.94629724 44.34800084 262.02708276 -0.00286645 0.99559574 -0.06726475 0.06524072
594.04695368 44.39337737 262.03520970 -0.00288219 0.99561317 -0.06708657 0.06515746
594.17628493 44.34146365 262.06319654 -0.00297906 0.99561852 -0.06700401 0.06515636
594.25705509 44.22415992 262.04220625 -0.00301533 0.99561381 -0.06709574 0.06513231
594.41411161 44.10564929 262.08356070 -0.00302144 0.99562173 -0.06700677 0.06510246
594.54762827 44.04783622 262.12765538 -0.00306952 0.99562218 -0.06701792 0.06508181
594.69280523 43.98297524 262.16178923 -0.00309576 0.99562295 -0.06699682 0.06509058
594.87137305 43.86571907 262.17906895 -0.00325343 0.99561785 -0.06707508 0.06508034
595.03098586 43.78911755 262.22120194 -0.00340009 0.99562662 -0.06696244 0.06505456
595.06143842 43.75826202 262.24745700 -0.00344212 0.99563460 -0.06684975 0.06504625
595.06672508 43.69390239 262.19167308 -0.00339048 0.99563403 -0.06689517 0.06501098
595.12785400 43.62758373 262.19559688 -0.00332095 0.99564702 -0.06673014 0.06498512
595.13742685 43.66454287 262.20505242 -0.00333013 0.99565126 -0.06668835 0.06496267
595.13123236 43.69034194 262.19044576 -0.00330552 0.99566079 -0.06656768 0.06494152
595.14312092 43.66746646 262.17324523 -0.00342118 0.99566025 -0.06658932 0.06492170
595.18636730 43.63765923 262.17067271 -0.00350226 0.99567362 -0.06641563 0.06489016
595.70577949 43.70167473 262.18276262 -0.00379001 0.99564788 -0.06654783 0.06513312
596.23518850 43.75546486 262.19305069 -0.00400858 0.99561871 -0.06672164 0.06538768
596.74108405 43.86821082 262.24019451 -0.00426601 0.99559722 -0.06679853 0.06561955
597.23928772 44.02583147 262.31562877 -0.00456809 0.99556881 -0.06692355 0.06590226
597.74394868 44.17877992 262.35624926 -0.00484651 0.99554165 -0.06704862 0.06616500
598.28982290 44.31032323 262.39250756 -0.00511452 0.99551346 -0.06716169 0.06645372
598.87552279 44.45216672 262.41118046 -0.00535303 0.99548724 -0.06730573 0.06668166
600.00239816 44.74537176 262.68935966 -0.00590312 0.99545890 -0.06746824 0.06689374
601.10468309 44.96999338 262.84286480 -0.00636737 0.99541941 -0.06769817 0.06720568
602.24322748 45.27543500 263.01971864 -0.00690212 0.99537929 -0.06793621 0.06750633
603.38369604 45.61178495 263.23789325 -0.00760042 0.99534127 -0.06805115 0.06787513
604.61449030 45.87254001 263.35209566 -0.00817218 0.99530358 -0.06818183 0.06822927
605.79843799 46.15148078 263.58870723 -0.00861880 0.99526177 -0.06836991 0.06859507
606.91386221 46.43335902 263.74026629 -0.00896211 0.99521469 -0.06867586 0.06892770
607.45940100 46.63586113 263.95177976 -0.00928435 0.99542842 -0.06786514 0.06656117
607.91389441 46.62689980 263.88854495 -0.00882067 0.99566124 -0.06683648 0.06413867
608.33502062 46.75525932 263.97784159 -0.00874932 0.99586056 -0.06621111 0.06165447
608.63420791 46.85725794 264.12486792 -0.00870391 0.99606903 -0.06534702 0.05916492
609.17543249 46.96489163 264.19172584 -0.00872878 0.99627062 -0.06451556 0.05662511
609.65228702 46.91599630 264.34610222 -0.00853625 0.99645140 -0.06379644 0.05423797
610.11015114 46.98421012 264.42937097 -0.00871389 0.99659042 -0.06341303 0.05206151
611.02742132 47.15447425 264.47089111 -0.00906576 0.99661352 -0.06350173 0.05144747
611.79690047 47.24830642 264.40529721 -0.00919215 0.99663492 -0.06362091 0.05085972
612.60903705 47.42752222 264.40195232 -0.00945138 0.99665398 -0.06373023 0.05029879
613.38164665 47.70828863 264.43559370 -0.00986729 0.99666868 -0.06387856 0.04973640
614.24380347 47.97828076 264.37946272 -0.01014847 0.99669694 -0.06386016 0.04913349
615.15110488 48.18303637 264.38366811 -0.01036278 0.99671036 -0.06401668 0.04860999
616.00361057 48.39347210 264.39544492 -0.01059127 0.99671763 -0.06424893 0.04810276
617.40089620 48.52069695 264.69396898 -0.01109780 0.99668896 -0.06435249 0.04844291
618.77030246 48.60289296 264.91366121 -0.01158634 0.99664807 -0.06456694 0.04888253
620.25265154 48.72870285 265.17127045 -0.01211318 0.99660446 -0.06481147 0.04931829
621.66938401 48.89686487 265.46415200 -0.01277151 0.99656390 -0.06491067 0.04983853
623.18706637 48.99848197 265.61141188 -0.01333121 0.99652449 -0.06500841 0.05035013
624.68184107 49.15474308 265.88196602 -0.01378559 0.99648104 -0.06517197 0.05087352
626.13121356 49.28954571 266.10610566 -0.01414092 0.99643063 -0.06547572 0.05137090
627.42554207 49.35036076 266.33879628 -0.01461927 0.99638180 -0.06566404 0.05194056
628.75721041 49.44438770 266.58650062 -0.01511616 0.99632142 -0.06594055 0.05260210
630.12485578 49.58717635 266.80771528 -0.01554390 0.99626284 -0.06620848 0.05324640
631.46507757 49.71607280 267.07284821 -0.01610149 0.99620488 -0.06636824 0.05396137
632.83582819 49.80713077 267.24788030 -0.01663586 0.99614402 -0.06655799 0.05468422
634.18105536 49.98494132 267.49211975 -0.01714656 0.99607877 -0.06682856 0.05538072
635.51171360 50.11861963 267.69447041 -0.01751883 0.99602112 -0.06704088 0.05604058
636.72241205 50.15327171 267.90797023 -0.01784842 0.99596476 -0.06718658 0.05675903
637.98299302 50.22842060 268.13739741 -0.01823249 0.99589463 -0.06742874 0.05757461
639.22054912 50.37472413 268.37735872 -0.01852939 0.99582665 -0.06766538 0.05837237
640.45671338 50.48032748 268.60673227 -0.01893518 0.99575921 -0.06778335 0.05924930
641.73375081 50.57055301 268.78755835 -0.01936366 0.99568634 -0.06796207 0.06012411
642.98537647 50.75927488 269.03803962 -0.01972306 0.99561193 -0.06818311 0.06098315
644.22402765 50.88704765 269.25864278 -0.01998288 0.99554583 -0.06835016 0.06178551
645.46334377 50.90579795 269.43479879 -0.02045288 0.99550204 -0.06849244 0.06217835
646.72520898 50.93773204 269.60494706 -0.02089357 0.99545380 -0.06863135 0.06264918
647.98196852 51.02070143 269.84489699 -0.02135013 0.99540241 -0.06882826 0.06309421
649.21807463 51.08725999 270.06854907 -0.02185272 0.99535195 -0.06890773 0.06362926
650.53011793 51.17824536 270.19962179 -0.02240003 0.99529739 -0.06902257 0.06416559
651.85122144 51.30767018 270.43489363 -0.02287855 0.99523793 -0.06922221 0.06470176
653.17276168 51.42137694 270.62322872 -0.02331033 0.99518281 -0.06941679 0.06518516
654.51280654 51.55533800 270.79627260 -0.02381237 0.99511294 -0.06969354 0.06577252
655.86261489 51.70374310 270.95811945 -0.02443252 0.99502880 -0.07003181 0.06645515
657.22399837 51.88421849 271.14628053 -0.02495330 0.99495257 -0.07031742 0.06709832
658.56049043 52.04367434 271.35160111 -0.02552387 0.99487167 -0.07052740 0.06785855
659.94545692 52.27871898 271.45443298 -0.02609560 0.99478918 -0.07076251 0.06860160
661.32818152 52.51765198 271.65405450 -0.02664853 0.99469726 -0.07112722 0.06934077
662.72457485 52.73610734 271.80882256 -0.02714015 0.99461251 -0.07147121 0.07000877
663.89098421 52.93977266 271.96745184 -0.02752962 0.99455960 -0.07173138 0.07034159
665.03688171 53.12848549 272.10072559 -0.02795759 0.99449466 -0.07206760 0.07074600
666.15532544 53.38976542 272.22349406 -0.02833590 0.99443329 -0.07237168 0.07114671
667.25976601 53.62321567 272.38594357 -0.02881369 0.99436589 -0.07264669 0.07161499
668.42804097 53.88797699 272.48442637 -0.02924963 0.99430489 -0.07286006 0.07206704
669.60665621 54.17323587 272.63688826 -0.02968352 0.99423171 -0.07323647 0.07251631
670.73762727 54.41473387 272.76691690 -0.02996656 0.99416821 -0.07357013 0.07293154
671.61894711 54.58805095 272.83128415 -0.03022403 0.99415272 -0.07359635 0.07301000
672.44080841 54.74664429 272.91838274 -0.03035684 0.99413106 -0.07366955 0.07317574
673.23015598 54.98688715 272.96845779 -0.03048004 0.99412095 -0.07362419 0.07330742
674.01460451 55.25248390 273.08814364 -0.03077642 0.99410111 -0.07361389 0.07346289
674.82316519 55.52758807 273.16565901 -0.03102679 0.99408913 -0.07353340 0.07360018
675.63468590 55.77504243 273.25745484 -0.03133375 0.99406214 -0.07363742 0.07373046
676.45272261 56.01287611 273.29894941 -0.03147280 0.99404780 -0.07364364 0.07385832
676.70506149 56.21666209 273.35059601 -0.03165267 0.99404911 -0.07369387 0.07371361
676.92412470 56.36999071 273.36688614 -0.03159770 0.99404785 -0.07382202 0.07362586
677.16685084 56.56786533 273.36564380 -0.03163359 0.99405544 -0.07383900 0.07349075
677.34000542 56.84744269 273.44960720 -0.03179387 0.99404961 -0.07396053 0.07337819
677.50112844 57.05322199 273.45841860 -0.03188487 0.99405965 -0.07393393 0.07322935
677.71102328 57.23208964 273.47312444 -0.03203537 0.99405774 -0.07401985 0.07310273
677.89938935 57.41544611 273.51015575 -0.03209523 0.99406224 -0.07404767 0.07298697
677.71818726 57.48850418 273.58439508 -0.03213133 0.99408106 -0.07400114 0.07276156
677.51954600 57.51215790 273.62807493 -0.03206909 0.99409983 -0.07401512 0.07251801
677.34759791 57.56062804 273.62679507 -0.03197354 0.99413672 -0.07382994 0.07224280
677.15598754 57.69002071 273.68488498 -0.03193989 0.99416268 -0.07377334 0.07195760
676.90485269 57.71731135 273.69797958 -0.03191420 0.99419278 -0.07364028 0.07168893
676.72457884 57.80571569 273.65882806 -0.03197578 0.99420724 -0.07366629 0.07143389
676.53633410 57.83315820 273.71432153 -0.03201418 0.99423623 -0.07350513 0.07117866
675.94055444 57.83022372 273.78879325 -0.03155570 0.99429538 -0.07352317 0.07053568
675.38985149 57.76116898 273.77934697 -0.03097984 0.99436078 -0.07348038 0.06991083
674.86742689 57.66696531 273.71502920 -0.03058315 0.99441438 -0.07354315 0.06925405
674.25572352 57.61477018 273.74911282 -0.03010503 0.99448002 -0.07349753 0.06856590
673.73179165 57.47815526 273.74362161 -0.02970949 0.99454234 -0.07343771 0.06789545
673.14463193 57.47290303 273.70491685 -0.02920246 0.99460080 -0.07345466 0.06723752
672.59950590 57.43039624 273.66936655 -0.02880675 0.99465269 -0.07341673 0.06667968
671.88495306 57.34486259 273.81021641 -0.02861230 0.99464532 -0.07330985 0.06699016
671.08948120 57.20678595 273.95008939 -0.02850177 0.99462037 -0.07332179 0.06739353
670.43140590 57.05523218 274.04465240 -0.02865208 0.99459529 -0.07330535 0.06771701
669.75424749 56.89172560 274.20957781 -0.02856514 0.99457046 -0.07334530 0.06807427
669.11046118 56.70503518 274.30018640 -0.02857744 0.99453939 -0.07341608 0.06844561
668.43695059 56.54044443 274.40594241 -0.02838904 0.99454181 -0.07319911 0.06872080
667.80720735 56.36785245 274.46756957 -0.02816713 0.99452390 -0.07319154 0.06907843
666.16066982 56.09522083 274.31918786 -0.02771154 0.99456054 -0.07311212 0.06881872
664.54171562 55.78608671 274.23107897 -0.02740162 0.99458272 -0.07317073 0.06855948
662.98245577 55.53188447 274.10387715 -0.02723318 0.99460354 -0.07322767 0.06826324
661.51111733 55.17932894 273.98864049 -0.02682985 0.99462404 -0.07331996 0.06802475
659.98890936 54.85748248 273.91906487 -0.02652676 0.99465438 -0.07327498 0.06774791
658.46479625 54.64490795 273.87018282 -0.02599146 0.99470444 -0.07305744 0.06745470
657.06267049 54.29580002 273.74574657 -0.02549320 0.99473677 -0.07298271 0.06724867
655.58222451 54.05121215 273.49197394 -0.02497018 0.99477571 -0.07302948 0.06681670
654.08814310 53.81024170 273.34357485 -0.02454784 0.99480490 -0.07315992 0.06639453
652.64274239 53.59027897 273.15753048 -0.02441879 0.99482652 -0.07330699 0.06595449
651.21866115 53.26544249 273.02301243 -0.02399724 0.99485782 -0.07344786 0.06547868
649.81434065 52.98062688 272.84054330 -0.02378368 0.99488223 -0.07360453 0.06500809
648.41495455 52.72747594 272.68732881 -0.02316539 0.99492973 -0.07356705 0.06454527
647.10089621 52.37400942 272.49421295 -0.02275774 0.99495626 -0.07364287 0.06419381
645.33594310 52.18365460 272.28546814 -0.02216998 0.99497284 -0.07344721 0.06436653
643.56797837 51.89791326 272.16787551 -0.02180880 0.99495523 -0.07362055 0.06456375
641.90290078 51.67645425 271.98855762 -0.02168416 0.99494454 -0.07362554 0.06476453
640.26666349 51.33145633 271.81379343 -0.02131876 0.99493030 -0.07367943 0.06504267
638.60382231 51.02959239 271.63446184 -0.02095275 0.99493321 -0.07363041 0.06517254
637.02786472 50.80324436 271.55020936 -0.02028858 0.99495836 -0.07330680 0.06536326
635.50023097 50.48809950 271.38588787 -0.01969238 0.99495272 -0.07333232 0.06560229
633.82460623 50.38913699 271.15936415 -0.01935687 0.99495929 -0.07345083 0.06546977
632.14304964 50.24530732 271.06689777 -0.01922000 0.99494829 -0.07374535 0.06534620
630.52186926 50.13643324 270.91510260 -0.01931003 0.99493136 -0.07407940 0.06519940
628.96444093 49.91762189 270.76242649 -0.01908742 0.99491474 -0.07440829 0.06514395
627.40798616 49.70192351 270.61356671 -0.01892009 0.99491103 -0.07460881 0.06501996
625.88445516 49.57068741 270.52207481 -0.01852486 0.99492500 -0.07462334 0.06490321
624.44016067 49.34563109 270.37905378 -0.01817209 0.99492016 -0.07482963 0.06483963
622.85658858 49.24747125 270.13924411 -0.01789033 0.99491527 -0.07511416 0.06466383
621.24184904 49.11432951 270.06057833 -0.01777570 0.99489052 -0.07557935 0.06453408
619.70006826 48.98380021 269.89103763 -0.01786781 0.99486295 -0.07607161 0.06435505
618.20552404 48.76496098 269.74234843 -0.01765887 0.99484030 -0.07650648 0.06424723
616.71324259 48.55405731 269.54636640 -0.01760391 0.99482319 -0.07688686 0.06407283
615.27923535 48.41188005 269.42039788 -0.01729869 0.99482575 -0.07705124 0.06391861
613.94707088 48.18526047 269.25368236 -0.01701844 0.99480777 -0.07741933 0.06382877
612.34357710 47.99716718 269.04325651 -0.01683085 0.99480728 -0.07753550 0.06374516
610.72417953 47.75096291 269.00165987 -0.01679498 0.99477901 -0.07795488 0.06368421
609.16082684 47.54685608 268.90259361 -0.01688403 0.99475719 -0.07828791 0.06359295
607.65913868 47.20733457 268.77579596 -0.01674166 0.99473353 -0.07862694 0.06358241
606.16047147 46.92929901 268.63179692 -0.01673702 0.99472074 -0.07888586 0.06346299
604.71731537 46.70880313 268.59096568 -0.01652686 0.99472522 -0.07893136 0.06339120
603.37931684 46.39247698 268.53389679 -0.01628182 0.99471029 -0.07919946 0.06335451
601.76754432 46.32431200 268.34650820 -0.01608200 0.99467491 -0.07963150 0.06341943
600.10764620 46.12275691 268.36314098 -0.01615421 0.99460021 -0.08048795 0.06349135
598.51080674 45.98614869 268.29252374 -0.01610503 0.99454406 -0.08115138 0.06353885
596.99784342 45.71462856 268.19651136 -0.01593465 0.99448371 -0.08178729 0.06371096
595.51515516 45.52324018 268.06805485 -0.01583911 0.99444621 -0.08222021 0.06376282
594.08434536 45.46858293 268.05235437 -0.01569374 0.99441715 -0.08252220 0.06386183
592.73542937 45.20157996 268.04240469 -0.01533201 0.99437918 -0.08299949 0.06392224
591.20721418 45.03740026 267.82036263 -0.01488440 0.99438171 -0.08304825 0.06392536
589.64051624 44.80853494 267.76110900 -0.01462351 0.99433770 -0.08358430 0.06397153
588.14042263 44.61893528 267.66215586 -0.01434449 0.99431431 -0.08389694 0.06398902
586.64090827 44.35723548 267.53787975 -0.01393594 0.99429201 -0.08414920 0.06409446
585.19440712 44.13349157 267.38087070 -0.01365587 0.99429094 -0.08422845 0.06406725
583.83018857 44.01180844 267.29843664 -0.01322946 0.99429708 -0.08419157 0.06410996
582.53568969 43.71548692 267.21889765 -0.01262307 0.99428870 -0.08434915 0.06415490
581.52530274 43.54681500 267.25851684 -0.01241723 0.99427371 -0.08429593 0.06449648
580.49699679 43.28255650 267.37002297 -0.01231357 0.99423032 -0.08453500 0.06487119
579.53760202 43.06145347 267.52158004 -0.01224315 0.99420289 -0.08463230 0.06517734
578.59317133 42.88236098 267.63330937 -0.01193918 0.99416140 -0.08478682 0.06566408
577.75262958 42.65766230 267.68614226 -0.01184447 0.99414304 -0.08469972 0.06607030
576.94650528 42.55355892 267.81631947 -0.01169409 0.99414407 -0.08441122 0.06644974
576.14940233 42.36518273 267.93285578 -0.01120466 0.99412623 -0.08439161 0.06682473
575.46050155 42.37141129 267.96713978 -0.01120731 0.99411911 -0.08454297 0.06673880
574.81265197 42.24852261 267.95067101 -0.01125939 0.99409937 -0.08480507 0.06669154
574.22906447 42.11745242 268.02311345 -0.01147106 0.99408173 -0.08509593 0.06654782
573.60928889 42.06616912 268.03150929 -0.01136125 0.99405993 -0.08538591 0.06652089
573.10679611 41.96523271 268.00915906 -0.01147217 0.99405153 -0.08551862 0.06645689
572.58481661 41.95412704 268.07165211 -0.01147231 0.99406035 -0.08549047 0.06636097
572.06238448 41.86822494 268.06532145 -0.01131233 0.99404964 -0.08567670 0.06630872
571.70808303 41.80529531 268.11761127 -0.01126552 0.99407113 -0.08584769 0.06577123
571.40765686 41.62773949 268.02330839 -0.01116104 0.99410100 -0.08590595 0.06525952
571.19237722 41.50974299 268.03769525 -0.01133784 0.99411053 -0.08621384 0.06467527
570.91394361 41.44184574 268.06222289 -0.01132296 0.99413012 -0.08640955 0.06411314
570.76678889 41.27807828 268.10693320 -0.01140414 0.99414763 -0.08658722 0.06358523
570.60215661 41.19773569 268.16092957 -0.01131498 0.99417335 -0.08673225 0.06299864
570.40730379 41.07130240 268.12109127 -0.01128833 0.99418608 -0.08692539 0.06253478
570.33179156 40.96845409 268.14373970 -0.01112341 0.99420565 -0.08681643 0.06240440
570.22163687 40.79578875 268.01929757 -0.01076306 0.99422147 -0.08676634 0.06228506
570.24696015 40.70759900 267.97982516 -0.01052188 0.99424148 -0.08667278 0.06213696
570.12173019 40.74984127 267.97316842 -0.01030367 0.99425943 -0.08661544 0.06196595
570.07820790 40.72433037 267.92261207 -0.01016402 0.99428436 -0.08644828 0.06182227
570.11775437 40.73073352 267.92617298 -0.01003820 0.99429299 -0.08647629 0.06166475
570.11909277 40.69814240 267.88441337 -0.00988783 0.99431687 -0.08630855 0.06153879
570.27508644 40.89868824 267.91203311 -0.01009697 0.99433072 -0.08639429 0.06115954
570.43102792 41.03647177 267.80382194 -0.01005594 0.99434480 -0.08648618 0.06080662
570.67660267 41.20587057 267.78090172 -0.01013699 0.99436177 -0.08656967 0.06039541
570.79298163 41.44396445 267.78274655 -0.01028970 0.99436636 -0.08676746 0.06000900
570.91636147 41.59069067 267.73517995 -0.01039319 0.99438810 -0.08678891 0.05959847
571.12278155 41.73245235 267.71826396 -0.01049558 0.99439983 -0.08691273 0.05920310
571.27737253 41.85323358 267.68534825 -0.01059748 0.99441371 -0.08697211 0.05886349
571.30934048 41.87818296 267.68064632 -0.01062272 0.99442632 -0.08690824 0.05874019
571.34402398 41.86817906 267.59388716 -0.01049660 0.99443354 -0.08693114 0.05860653
571.40720596 41.92571388 267.54493025 -0.01038514 0.99446142 -0.08672923 0.05845229
571.34575536 42.10777198 267.54541573 -0.01036926 0.99447456 -0.08668419 0.05829825
571.27366929 42.25696252 267.46441873 -0.01030274 0.99449621 -0.08654673 0.05814467
571.26396665 42.37675277 267.37853256 -0.01037231 0.99449898 -0.08659994 0.05800557
571.28114059 42.47196055 267.35491806 -0.01042799 0.99451837 -0.08647792 0.05784494
571.59605411 42.63337075 267.39533581 -0.01082126 0.99452724 -0.08654812 0.05751433
571.88568975 42.76590469 267.34024472 -0.01091452 0.99453306 -0.08666287 0.05722241
572.20990916 42.94253518 267.32419139 -0.01120232 0.99454670 -0.08668919 0.05688888
572.47183121 43.17077652 267.35971984 -0.01154682 0.99454862 -0.08683072 0.05656977
572.72430289 43.35003885 267.37721697 -0.01184849 0.99456437 -0.08683731 0.05621931
573.05507491 43.47730843 267.37941552 -0.01213221 0.99457023 -0.08693607 0.05590163
573.36667229 43.62028866 267.35665323 -0.01240581 0.99457715 -0.08699799 0.05562139
573.53075028 43.80475668 267.39045996 -0.01274528 0.99460806 -0.08687174 0.05518763
573.65694245 43.94060696 267.30796395 -0.01274487 0.99463955 -0.08676015 0.05479418
573.85214909 44.13266200 267.28012716 -0.01285516 0.99468424 -0.08652177 0.05433222
573.94409247 44.41645433 267.29534103 -0.01310436 0.99471530 -0.08639727 0.05390046
573.98842259 44.63354125 267.22071133 -0.01332082 0.99475443 -0.08621234 0.05341913
574.12431433 44.79211489 267.16949114 -0.01358954 0.99478129 -0.08612017 0.05299839
574.27263383 44.94542287 267.17682364 -0.01374684 0.99481383 -0.08596129 0.05260348
574.43686031 45.14229688 267.19460391 -0.01406076 0.99482201 -0.08601599 0.05227530
574.55057664 45.30649643 267.12189459 -0.01407273 0.99482732 -0.08612141 0.05199671
574.73295836 45.50415208 267.09199835 -0.01424223 0.99484387 -0.08610322 0.05166305
574.82792722 45.77671579 267.11369957 -0.01452037 0.99484794 -0.08620063 0.05134382
574.87585782 45.99377047 267.06569745 -0.01474431 0.99486449 -0.08618164 0.05099006
575.02970831 46.17756257 267.02277486 -0.01501461 0.99487036 -0.08625831 0.05066589
575.16914425 46.32859842 267.00040311 -0.01517700 0.99488177 -0.08626855 0.05037511
575.28711065 46.43530569 267.02169562 -0.01518465 0.99487604 -0.08635533 0.05033732
575.40457711 46.49833077 266.98928875 -0.01507538 0.99485857 -0.08660591 0.05028486
575.54591494 46.58955088 266.97731274 -0.01496286 0.99485937 -0.08664362 0.05023772
575.64620902 46.72690929 266.97571298 -0.01498170 0.99484831 -0.08679797 0.05018467
575.69613606 46.86391301 266.96269717 -0.01490997 0.99484469 -0.08687510 0.05014430
575.80619335 46.95691727 266.92980277 -0.01496252 0.99482808 -0.08708360 0.05009662
575.90954090 47.03838522 266.90599992 -0.01496647 0.99483046 -0.08708907 0.05003855
575.96150145 47.10867803 266.93265545 -0.01487572 0.99482821 -0.08711610 0.05006327
575.98944227 47.14831682 266.93198807 -0.01470095 0.99481377 -0.08730006 0.05008134
576.09172847 47.19435249 266.95525894 -0.01451416 0.99481593 -0.08729751 0.05009734
576.13981714 47.31972887 266.98950355 -0.01447882 0.99481059 -0.08735418 0.05011479
576.16261077 47.41126911 266.98694990 -0.01435694 0.99481210 -0.08733979 0.05014509
576.23577540 47.47292500 266.99185330 -0.01436773 0.99480269 -0.08744121 0.05015185
576.30492381 47.52281257 266.99360097 -0.01430508 0.99480785 -0.08738338 0.05016821
576.38253178 47.53346394 267.03829961 -0.01435416 0.99480673 -0.08731132 0.05030163
576.43257321 47.48048235 267.07416980 -0.01434762 0.99479060 -0.08742009 0.05043347
576.56903953 47.44061749 267.13601365 -0.01428532 0.99479454 -0.08731626 0.05055326
576.65296658 47.45367754 267.20697557 -0.01434301 0.99478930 -0.08729152 0.05068256
576.72772879 47.45253803 267.25320991 -0.01433516 0.99478568 -0.08724681 0.05083254
576.84150548 47.41308014 267.29816496 -0.01446513 0.99477593 -0.08726504 0.05095507
576.95787817 47.38885744 267.34060966 -0.01453318 0.99477882 -0.08715673 0.05106458
577.06658525 47.40500954 267.37437906 -0.01457045 0.99478599 -0.08710794 0.05099750
577.14498115 47.36551768 267.37987775 -0.01448811 0.99478327 -0.08719814 0.05091973
577.31313538 47.32962426 267.43094795 -0.01442582 0.99479444 -0.08713032 0.05083534
577.43402124 47.36510521 267.47904753 -0.01447258 0.99479877 -0.08712176 0.05075177
577.55346974 47.37005199 267.50576718 -0.01445775 0.99480851 -0.08704993 0.05068836
577.69667179 47.36236003 267.54049316 -0.01455721 0.99480801 -0.08708574 0.05060814
577.85772361 47.34266398 267.56317294 -0.01459837 0.99482174 -0.08696407 0.05053551
577.92630589 47.42624801 267.57601033 -0.01468232 0.99480917 -0.08708168 0.05055623
577.97334133 47.48262954 267.54770498 -0.01467597 0.99478349 -0.08736361 0.05057693
578.09232255 47.54362397 267.55637127 -0.01467855 0.99477726 -0.08743095 0.05058241
578.16405124 47.66536585 267.56823016 -0.01478325 0.99475761 -0.08762086 0.05060966
578.21849224 47.75848121 267.54757973 -0.01481474 0.99474625 -0.08772628 0.05064102
578.30402259 47.80618603 267.53710460 -0.01497591 0.99472633 -0.08791801 0.05065246
578.39179744 47.87545815 267.52226428 -0.01505016 0.99472109 -0.08795931 0.05066168
578.47881164 47.92961700 267.56218857 -0.01508109 0.99471833 -0.08799706 0.05064116
578.54818091 47.94854486 267.57837138 -0.01502289 0.99470170 -0.08820624 0.05062105
578.68955750 47.97877615 267.62473285 -0.01495186 0.99470089 -0.08824213 0.05059555
578.78927202 48.06567501 267.67141317 -0.01502279 0.99469322 -0.08832873 0.05057423
578.85786697 48.13484458 267.69015682 -0.01502052 0.99469129 -0.08835499 0.05056690
578.96595540 48.17198772 267.70771221 -0.01515014 0.99467815 -0.08849689 0.05053870
579.09306834 48.20669524 267.73603181 -0.01518735 0.99468264 -0.08845164 0.05051827
579.15239770 48.23870172 267.75913128 -0.01515817 0.99469025 -0.08837094 0.05051839
579.17158325 48.20380367 267.71415921 -0.01502616 0.99469029 -0.08840637 0.05049516
579.27220429 48.18631180 267.72255049 -0.01488202 0.99470542 -0.08827284 0.05047326
579.30376837 48.22539007 267.72813868 -0.01485667 0.99471202 -0.08821838 0.05044605
579.34241209 48.25404903 267.73120638 -0.01476074 0.99472271 -0.08811631 0.05044173
579.43580117 48.23985989 267.72385933 -0.01478664 0.99472240 -0.08812208 0.05043013
579.50383949 48.23325875 267.72307135 -0.01477348 0.99473891 -0.08794839 0.05041151
579.57386545 48.32916685 267.74579073 -0.01475655 0.99472554 -0.08802668 0.05054354
579.62358541 48.38538352 267.71795106 -0.01466729 0.99469900 -0.08826702 0.05067252
579.75018511 48.46627530 267.71929563 -0.01456476 0.99469214 -0.08829423 0.05078919
579.81726053 48.59490971 267.74075518 -0.01459027 0.99467465 -0.08840658 0.05092877
579.85905205 48.71809068 267.72888497 -0.01452234 0.99466390 -0.08845215 0.05107889
579.93889873 48.77895772 267.70833250 -0.01460403 0.99464349 -0.08859960 0.05119735
580.01655073 48.85828716 267.68348031 -0.01457475 0.99463757 -0.08860032 0.05131931
580.16349281 48.90160401 267.72556442 -0.01456624 0.99464511 -0.08855203 0.05125886
580.28725016 48.89021750 267.72712336 -0.01443676 0.99464147 -0.08865398 0.05118976
580.48121845 48.88765464 267.76755474 -0.01433547 0.99465100 -0.08860264 0.05112203
580.64113574 48.94749923 267.81023228 -0.01433239 0.99465247 -0.08862540 0.05105471
580.77461200 48.98684177 267.82906935 -0.01425674 0.99466106 -0.08857422 0.05099743
580.95700820 48.99060535 267.85528066 -0.01428986 0.99465863 -0.08863430 0.05093095
581.13259834 49.00374110 267.87381892 -0.01430295 0.99467103 -0.08852828 0.05086963
581.25822140 49.04829084 267.88507265 -0.01426874 0.99467661 -0.08847184 0.05086815
581.33723585 49.03325346 267.84299657 -0.01412560 0.99466964 -0.08858334 0.05085044
581.49087312 49.04248246 267.84961586 -0.01397138 0.99468185 -0.08847986 0.05083443
581.59520163 49.11728684 267.85892731 -0.01393987 0.99468394 -0.08847074 0.05081802
581.64681460 49.14745439 267.85186269 -0.01386435 0.99469361 -0.08837213 0.05082094
581.68473122 49.11785309 267.86724869 -0.01383880 0.99469105 -0.08841696 0.05080006
581.76225358 49.10787748 267.85450188 -0.01374561 0.99471070 -0.08822420 0.05077562
581.77959158 49.08654929 267.88842632 -0.01369369 0.99472465 -0.08810053 0.05073122
581.75991074 49.06247561 267.94422650 -0.01357577 0.99473896 -0.08796005 0.05072609
581.74724686 49.01295302 267.96841339 -0.01361438 0.99473985 -0.08794793 0.05071927
581.76100967 48.96370368 268.00339849 -0.01365109 0.99476009 -0.08774500 0.05066390
