594.46433530 26.92264680 268.50088830 -0.05834777 0.99829227 0.00051141 -0.00279637
594.37522485 26.80549928 268.48171558 0.05813029 -0.99830446 -0.00054548 0.00296340
594.29263394 26.63676371 268.46079268 0.05790595 -0.99831694 -0.00062896 0.00313020
594.20267956 26.46895885 268.44741658 0.05766954 -0.99833000 -0.00066787 0.00331518
594.12706802 26.30358841 268.45220246 0.05743298 -0.99834291 -0.00072072 0.00351574
594.02698662 26.14740805 268.45294794 0.05719595 -0.99835591 -0.00075903 0.00367856
593.95422112 25.98287136 268.45040143 0.05699865 -0.99836671 -0.00079285 0.00379974
593.91094584 25.85266900 268.44457608 0.05680992 -0.99837713 -0.00084743 0.00387680
593.86650048 25.78139511 268.43751914 0.05657796 -0.99838978 -0.00086008 0.00400476
593.82977648 25.66905755 268.42728432 0.05632534 -0.99840356 -0.00093072 0.00411236
593.79980960 25.53854442 268.41019044 0.05606944 -0.99841729 -0.00094811 0.00427070
593.76817753 25.41445517 268.40995978 0.05578958 -0.99843218 -0.00099301 0.00444126
593.71284384 25.30186051 268.39307740 0.05550948 -0.99844712 -0.00101954 0.00458338
593.68628264 25.18761635 268.39642800 0.05528002 -0.99845943 -0.00102028 0.00467323
593.68200406 25.10006942 268.37891038 0.05507177 -0.99847069 -0.00106481 0.00471692
593.51950404 25.02329982 268.36960251 0.05484403 -0.99848263 -0.00103410 0.00484854
593.35705101 24.92185784 268.35925606 0.05460144 -0.99849528 -0.00107138 0.00497086
593.19275920 24.82230222 268.34696339 0.05438101 -0.99850642 -0.00106296 0.00514873
593.01631735 24.71867134 268.35271092 0.05410867 -0.99852023 -0.00106027 0.00533591
592.80484780 24.62326060 268.35469939 0.05386517 -0.99853243 -0.00105359 0.00551569
592.61802473 24.52776957 268.34767416 0.05365268 -0.99854322 -0.00103878 0.00563412
592.43133382 24.45246347 268.33598926 0.05345479 -0.99855334 -0.00107547 0.00571446
592.12658295 24.40334008 268.31532485 0.05336520 -0.99855755 -0.00103354 0.00582251
591.83248148 24.33627994 268.29617212 0.05330125 -0.99856025 -0.00100930 0.00594924
591.52505473 24.26733098 268.28108934 0.05324294 -0.99856253 -0.00096417 0.00609304
591.22772317 24.21400380 268.26551801 0.05315917 -0.99856610 -0.00092645 0.00624436
590.92388392 24.15758843 268.26216417 0.05306947 -0.99857015 -0.00088787 0.00636412
590.64923330 24.09713231 268.25437574 0.05301130 -0.99857260 -0.00084761 0.00646887
590.38335909 24.04623802 268.23606480 0.05295973 -0.99857484 -0.00082115 0.00654822
590.41173741 24.00491819 268.19286847 0.05287515 -0.99857868 -0.00083836 0.00664375
590.42877379 23.92858080 268.17419657 0.05282556 -0.99858068 -0.00081705 0.00673953
590.42766407 23.89085796 268.14469587 0.05273807 -0.99858487 -0.00079476 0.00680620
590.46797024 23.83300276 268.12509544 0.05267349 -0.99858767 -0.00079456 0.00689416
590.51051334 23.80155281 268.12536889 0.05259125 -0.99859179 -0.00078933 0.00692673
590.54346433 23.75990110 268.11544522 0.05252364 -0.99859504 -0.00076956 0.00697289
590.61127017 23.72042544 268.12629299 0.05247314 -0.99859746 -0.00074039 0.00701003
591.31298836 23.69007994 268.17996991 0.05233739 -0.99860736 -0.00105249 0.00655955
592.05809310 23.54397297 268.21207516 0.05229580 -0.99861128 -0.00141717 0.00621710
592.86207222 23.47142965 268.23761748 0.05240513 -0.99860767 -0.00175753 0.00577336
593.61569800 23.41744932 268.22941569 0.05238808 -0.99860999 -0.00211040 0.00539679
594.42775495 23.36488950 268.25482941 0.05242745 -0.99860936 -0.00247656 0.00495676
595.13946294 23.38310074 268.29386978 0.05264689 -0.99859880 -0.00291850 0.00449696
595.92135584 23.31470123 268.31900873 0.05269377 -0.99859712 -0.00320215 0.00411087
596.75160914 23.35553901 268.37274766 0.05255431 -0.99860543 -0.00347874 0.00362416
597.63117411 23.25836341 268.43667851 0.05258876 -0.99860357 -0.00382059 0.00327573
598.55551542 23.25720104 268.45645591 0.05277850 -0.99859383 -0.00411780 0.00280048
599.42812300 23.25107294 268.44469334 0.05279791 -0.99859227 -0.00446514 0.00243245
600.31267934 23.25899420 268.46656040 0.05291666 -0.99858541 -0.00479665 0.00199837
601.13701100 23.37359705 268.52899998 0.05320574 -0.99856859 -0.00524064 0.00156457
602.02930356 23.36127490 268.55954190 0.05326487 -0.99856456 -0.00550018 0.00119068
602.65348450 23.47147798 268.60283377 0.05339428 -0.99855557 -0.00588318 0.00110415
603.28084722 23.59484528 268.59866556 0.05362940 -0.99854127 -0.00617190 0.00106595
603.87548498 23.70042496 268.64054596 0.05390163 -0.99852351 -0.00664263 0.00113731
604.40416278 23.80430970 268.68210654 0.05417549 -0.99850535 -0.00712283 0.00115766
604.90501035 23.89969234 268.71184955 0.05441785 -0.99848852 -0.00759578 0.00129818
605.38202073 23.99603081 268.73488580 0.05462896 -0.99847398 -0.00795920 0.00142502
605.85329361 24.02085071 268.74852602 0.05465869 -0.99846982 -0.00824300 0.00158032
606.64089370 24.28628213 268.78861106 0.05517317 -0.99844523 -0.00786505 0.00109077
607.49604455 24.44852036 268.84658572 0.05586954 -0.99840939 -0.00753845 0.00066959
608.34471414 24.68447501 268.86200754 0.05661410 -0.99837027 -0.00718374 0.00017625
609.18284162 24.89070181 268.84708001 -0.05723336 0.99833733 0.00684606 0.00022764
610.04074339 25.13385111 268.87685231 -0.05785304 0.99830391 0.00647125 0.00066506
610.84475623 25.41506965 268.91658536 -0.05856057 0.99826403 0.00618737 0.00114392
611.70051513 25.63230237 268.94857183 -0.05918254 0.99822900 0.00580763 0.00160242
612.73571437 25.92698564 269.00102939 -0.05954878 0.99820708 0.00560398 0.00227302
613.81180725 26.11312841 269.05600910 -0.06010965 0.99817241 0.00552654 0.00284928
614.92802698 26.34965478 269.13472704 -0.06071223 0.99813472 0.00541542 0.00343124
615.97807521 26.59057006 269.16951376 -0.06123236 0.99810115 0.00533748 0.00402607
617.03613632 26.82652816 269.23028271 -0.06182477 0.99806298 0.00522703 0.00454597
618.06445566 27.09882350 269.32451372 -0.06244608 0.99802223 0.00518412 0.00502305
619.12907478 27.31240137 269.38746764 -0.06290348 0.99799138 0.00509401 0.00551433
619.83098586 27.35390620 269.41462661 -0.06317136 0.99797191 0.00507368 0.00597519
620.55657281 27.31082560 269.49506061 -0.06358428 0.99794303 0.00509485 0.00638709
621.30839281 27.33860164 269.55042156 -0.06399133 0.99791388 0.00508555 0.00686572
622.15728261 27.35946828 269.62234366 -0.06432179 0.99789011 0.00501707 0.00727067
622.99211978 27.41050807 269.72098685 -0.06464803 0.99786563 0.00497455 0.00775083
623.79300667 27.49909506 269.85526681 -0.06510854 0.99783152 0.00501271 0.00824627
624.63856416 27.56763304 269.92596167 -0.06544680 0.99780635 0.00499862 0.00861533
625.58011860 27.80750254 269.98899398 -0.06578775 0.99778018 0.00487585 0.00910582
626.60520817 27.97361221 270.05291746 -0.06627509 0.99774373 0.00483532 0.00957453
627.60224173 28.20230209 270.12403299 -0.06682489 0.99770253 0.00474429 0.01007935
628.60757024 28.41667572 270.20578881 -0.06728622 0.99766712 0.00471988 0.01051656
629.61493183 28.65106592 270.26982939 -0.06776290 0.99763067 0.00466279 0.01093153
630.54167322 28.90066763 270.35002770 -0.06832012 0.99758804 0.00463387 0.01135756
631.52894572 29.09654145 270.41556951 -0.06874522 0.99755444 0.00451793 0.01178252
632.29853266 29.34015581 270.46350685 -0.06902346 0.99753251 0.00460706 0.01197601
633.12290092 29.56539865 270.48969026 -0.06936365 0.99750668 0.00467428 0.01213488
633.89245832 29.80237659 270.55130898 -0.06973123 0.99747915 0.00480746 0.01223920
634.62428645 30.02315032 270.61426388 -0.07011792 0.99744943 0.00498483 0.01237994
635.33117078 30.26192970 270.64102056 -0.07047053 0.99742307 0.00518233 0.01242009
635.99400270 30.48128889 270.67370710 -0.07082002 0.99739708 0.00530273 0.01246913
636.65206653 30.63251479 270.70016459 -0.07106936 0.99737838 0.00535448 0.01252356
637.13390717 30.80371247 270.69478020 -0.07142595 0.99735272 0.00524659 0.01258402
637.64100649 30.96389712 270.71123895 -0.07179301 0.99732705 0.00506127 0.01260602
638.12158147 31.15100511 270.72142904 -0.07217878 0.99729892 0.00493606 0.01267760
638.63910411 31.32013198 270.73627003 -0.07258678 0.99726936 0.00476185 0.01274006
639.13735468 31.50626569 270.75975774 -0.07291603 0.99724499 0.00463349 0.01281427
639.63008260 31.66998057 270.78031774 -0.07326599 0.99721903 0.00446842 0.01289668
640.12050097 31.81989019 270.80453902 -0.07359465 0.99719466 0.00424190 0.01298592
641.01027990 32.08923710 270.85819297 -0.07392723 0.99716535 0.00415539 0.01337020
641.96590094 32.30978845 270.90127796 -0.07438444 0.99712666 0.00414499 0.01371862
642.90494458 32.55245620 270.97082859 -0.07488314 0.99708479 0.00411612 0.01405356
643.80040755 32.79925671 271.03737546 -0.07534045 0.99704565 0.00415054 0.01437216
644.68662080 33.05747670 271.08773256 -0.07582482 0.99700510 0.00415937 0.01463288
645.51981122 33.30276897 271.16388017 -0.07629747 0.99696538 0.00415275 0.01488225
646.39715602 33.50119123 271.21778420 -0.07667080 0.99693263 0.00410630 0.01516796
647.21903174 33.81914956 271.26021795 -0.07726226 0.99688231 0.00381637 0.01554478
648.08476765 34.12783043 271.28662137 -0.07793913 0.99682569 0.00355868 0.01585490
648.95695544 34.43926086 271.35563673 -0.07866397 0.99676351 0.00333672 0.01622811
649.82298150 34.76398530 271.43315151 -0.07935002 0.99670447 0.00308656 0.01656014
650.65974959 35.09681040 271.50631883 -0.08002440 0.99664609 0.00286594 0.01686567
651.46280354 35.39904376 271.57780864 -0.08068512 0.99658863 0.00260428 0.01715331
652.29619007 35.68017998 271.62975728 -0.08127990 0.99653596 0.00231664 0.01744375
653.28285490 35.88538799 271.71520798 -0.08137532 0.99651834 0.00237363 0.01798922
654.33817950 35.99730653 271.81093970 -0.08163770 0.99648687 0.00254488 0.01851311
655.39532982 36.16773295 271.91796802 -0.08194271 0.99645195 0.00262921 0.01902606
656.44286066 36.33486954 272.02697095 -0.08217658 0.99642243 0.00280285 0.01953179
657.50062078 36.51694056 272.12702114 -0.08243591 0.99639125 0.00291406 0.02000780
658.49552807 36.71780785 272.26266417 -0.08279153 0.99635166 0.00309201 0.02047834
659.55432709 36.86678417 272.36891347 -0.08300238 0.99632440 0.00319816 0.02093007
660.52168840 36.91956436 272.48761104 -0.08279047 0.99632893 0.00363958 0.02147474
661.55985530 36.85785445 272.61659129 -0.08261322 0.99633084 0.00414867 0.02197041
662.63732885 36.82722235 272.72444547 -0.08250059 0.99632765 0.00458247 0.02244696
663.64641750 36.82438019 272.81147088 -0.08235995 0.99632434 0.00504736 0.02300383
664.71009806 36.81023950 272.91364095 -0.08226348 0.99631755 0.00549243 0.02353479
665.75133120 36.84035224 273.05289666 -0.08229795 0.99629779 0.00604315 0.02410907
666.81469789 36.79657868 273.16255500 -0.08219265 0.99628961 0.00649196 0.02468255
667.78892300 37.05250891 273.23293053 -0.08247550 0.99625579 0.00651491 0.02509481
668.80970741 37.31142306 273.29366414 -0.08284592 0.99621476 0.00660359 0.02547726
669.81646575 37.55710414 273.41330942 -0.08318137 0.99617693 0.00669332 0.02583777
670.79543559 37.81994948 273.54386204 -0.08352382 0.99613686 0.00684356 0.02623532
671.74266448 38.07483451 273.64472103 -0.08389854 0.99609517 0.00696912 0.02658722
672.65093007 38.29453291 273.76297571 -0.08419698 0.99606098 0.00704996 0.02690166
673.57246058 38.49990305 273.85003856 -0.08449197 0.99602754 0.00713659 0.02719039
674.24361600 38.68293782 273.89882443 -0.08474592 0.99600136 0.00703117 0.02738574
674.95126458 38.86426189 273.94803110 -0.08504021 0.99597226 0.00690066 0.02756442
675.63252029 39.05194607 274.00634310 -0.08533864 0.99594228 0.00677960 0.02775480
676.31530591 39.24186250 274.06597677 -0.08564370 0.99591132 0.00663456 0.02796032
676.98766458 39.44807504 274.11891508 -0.08593021 0.99588208 0.00652682 0.02814756
677.63106056 39.63267435 274.17782481 -0.08622599 0.99585198 0.00639458 0.02833780
678.26262067 39.78465196 274.21501022 -0.08649926 0.99582371 0.00625075 0.02852958
678.87933341 40.05288347 274.25320159 -0.08690512 0.99578493 0.00597808 0.02870763
679.53365880 40.33535591 274.28915995 -0.08737903 0.99574194 0.00567540 0.02882150
680.15474009 40.63386066 274.34143311 -0.08786377 0.99569536 0.00541853 0.02900593
680.78414566 40.90496906 274.38775980 -0.08834239 0.99565062 0.00512621 0.02914098
681.37792249 41.19928446 274.43175134 -0.08879217 0.99560770 0.00487202 0.02928358
681.94873610 41.48919832 274.47051209 -0.08925614 0.99556334 0.00457027 0.02942929
682.52239668 41.72949658 274.51230969 -0.08968805 0.99552133 0.00424406 0.02958582
683.28403948 42.04453607 274.58753067 -0.09012133 0.99547518 0.00430283 0.02981268
684.09889299 42.35284793 274.63921520 -0.09062918 0.99542416 0.00433995 0.02997087
684.87087379 42.66604363 274.72316797 -0.09118529 0.99536948 0.00447114 0.03008057
685.57701680 42.96146483 274.80516681 -0.09173232 0.99531498 0.00463334 0.03019611
686.25649374 43.26251568 274.85461678 -0.09226630 0.99526478 0.00479747 0.03019819
686.89610218 43.54007943 274.91323838 -0.09278181 0.99521590 0.00488895 0.03021490
687.53690736 43.74390227 274.96352693 -0.09315503 0.99517977 0.00491008 0.03025331
687.75700041 43.82949005 274.96059646 -0.09340461 0.99515627 0.00500335 0.03024129
687.97854850 43.93506152 274.96098197 -0.09373792 0.99512643 0.00493565 0.03020309
688.17041944 44.05633429 274.97751477 -0.09409588 0.99509268 0.00500488 0.03019079
688.38777987 44.16737759 274.98976955 -0.09442205 0.99506166 0.00501284 0.03019349
688.58221076 44.29642058 275.02020287 -0.09471568 0.99503391 0.00508836 0.03017565
688.74722691 44.40254873 275.02637223 -0.09498873 0.99500873 0.00508976 0.03014722
688.94735972 44.47037425 275.03389037 -0.09519303 0.99499099 0.00504400 0.03009608
689.32238000 44.64559645 275.04184596 -0.09560500 0.99494924 0.00504148 0.03017076
689.71128735 44.83689622 275.05295243 -0.09609311 0.99490115 0.00489920 0.03022926
690.05565434 45.05847641 275.07862002 -0.09658071 0.99485205 0.00488877 0.03029299
690.42787364 45.25946177 275.10703201 -0.09705738 0.99480387 0.00483428 0.03036031
690.77896376 45.47888186 275.14131936 -0.09749815 0.99475935 0.00483771 0.03040645
691.08511542 45.67382114 275.15867381 -0.09792124 0.99471686 0.00475550 0.03044962
691.41402414 45.81966126 275.17652771 -0.09826797 0.99468203 0.00462095 0.03049108
691.67051616 45.91086581 275.15722425 -0.09839212 0.99467000 0.00454801 0.03049429
691.92154498 46.00682147 275.14788001 -0.09859748 0.99465042 0.00438042 0.03049401
692.14742676 46.13343277 275.13778283 -0.09875672 0.99463408 0.00427063 0.03052737
692.41502862 46.23912165 275.13438083 -0.09893323 0.99461662 0.00415865 0.03054024
692.66892027 46.36905310 275.15019973 -0.09908507 0.99460042 0.00407283 0.03058704
692.89283865 46.48863084 275.15852056 -0.09924012 0.99458429 0.00392814 0.03062762
693.14470291 46.58810376 275.17661701 -0.09938913 0.99456870 0.00376245 0.03067153
693.83225334 46.70086185 275.23389917 -0.09930808 0.99457220 0.00396223 0.03079510
694.54523986 46.81100897 275.28203846 -0.09932763 0.99456453 0.00415582 0.03095385
695.21376180 46.93017407 275.34184239 -0.09926605 0.99456696 0.00435995 0.03104509
695.89403085 47.02474075 275.41052509 -0.09925620 0.99456285 0.00461832 0.03117084
696.54525098 47.13822575 275.46921204 -0.09926313 0.99455747 0.00484936 0.03128509
697.15502523 47.24426311 275.54474241 -0.09923934 0.99455483 0.00500874 0.03141905
697.77312654 47.30359463 275.60991045 -0.09921090 0.99455338 0.00519124 0.03152482
697.99427855 47.25570995 275.59470990 -0.09906788 0.99456866 0.00531156 0.03147261
698.20901768 47.17291682 275.58917384 -0.09898514 0.99457745 0.00539654 0.03144058
698.41447061 47.11533193 275.58132775 -0.09884034 0.99459233 0.00548436 0.03141033
698.64533419 47.03144512 275.58429964 -0.09873366 0.99460339 0.00559950 0.03137540
698.86771550 46.98238871 275.59748922 -0.09862246 0.99461414 0.00571495 0.03136354
699.07055963 46.92710921 275.61465918 -0.09850457 0.99462603 0.00578311 0.03134443
699.31126513 46.87459314 275.63351637 -0.09840042 0.99463578 0.00585989 0.03134782
699.33333445 46.78415562 275.62684171 -0.09822278 0.99465523 0.00598667 0.03126383
699.35891999 46.65301554 275.60993081 -0.09808017 0.99467082 0.00612374 0.03118869
699.39452916 46.50491719 275.59553734 -0.09791161 0.99469021 0.00623877 0.03107690
699.43421999 46.36379437 275.59572532 -0.09773611 0.99471010 0.00638590 0.03096273
699.45486287 46.24451204 275.58577852 -0.09756661 0.99472872 0.00652248 0.03087055
699.49208748 46.11749292 275.59280888 -0.09741450 0.99474518 0.00661477 0.03080069
699.56215542 46.00717888 275.58098190 -0.09726202 0.99476035 0.00674013 0.03076551
699.72893265 45.99505521 275.55418938 -0.09718997 0.99476899 0.00673423 0.03071504
699.88782450 45.95498970 275.53809339 -0.09718145 0.99477166 0.00667006 0.03066956
700.03887366 45.94272198 275.51540603 -0.09710799 0.99477964 0.00661743 0.03065476
700.22514747 45.90854992 275.50556462 -0.09706683 0.99478494 0.00659574 0.03061763
700.40477846 45.90984992 275.50894946 -0.09702044 0.99478950 0.00657396 0.03062122
700.56824806 45.90508549 275.51121179 -0.09698012 0.99479401 0.00650504 0.03061727
700.77051836 45.90446951 275.52794956 -0.09695464 0.99479663 0.00643483 0.03062754
700.73999205 45.79649873 275.52152507 -0.09669845 0.99482576 0.00647720 0.03048201
700.73036391 45.63906894 275.50326307 -0.09643313 0.99485506 0.00654448 0.03035167
700.72318953 45.46208598 275.48165371 -0.09614172 0.99488820 0.00655330 0.03018777
700.73036248 45.29486338 275.47622023 -0.09584349 0.99492192 0.00661280 0.03001123
700.71784168 45.15608587 275.44755729 -0.09554941 0.99495386 0.00664392 0.02988276
700.75119696 45.01322697 275.44540817 -0.09531358 0.99497938 0.00664937 0.02978479
700.81071983 44.89925938 275.43506028 -0.09508495 0.99500212 0.00668181 0.02974863
700.96653812 44.77368274 275.44892826 -0.09472503 0.99503608 0.00711277 0.02966118
701.12658914 44.61067402 275.44480705 -0.09439137 0.99506654 0.00758689 0.02958532
701.26839817 44.45312301 275.45615918 -0.09403843 0.99510072 0.00804675 0.02943774
701.39028818 44.28103014 275.48170061 -0.09370392 0.99513134 0.00855590 0.02932568
701.48676509 44.13235733 275.50242921 -0.09338673 0.99516094 0.00903791 0.02918811
701.56795153 43.96673576 275.51828386 -0.09304736 0.99519215 0.00946550 0.02907178
701.67633003 43.79390655 275.52393415 -0.09268579 0.99522429 0.00992550 0.02897301
701.22900430 43.73226927 275.47549843 -0.09257634 0.99523749 0.00987351 0.02888723
700.77567846 43.67523081 275.43692429 -0.09245750 0.99525117 0.00987494 0.02879578
700.31545499 43.61841240 275.38483433 -0.09239567 0.99526225 0.00984389 0.02862162
699.83566786 43.55964532 275.33533383 -0.09224103 0.99528155 0.00977968 0.02847088
699.33746974 43.49111750 275.30054720 -0.09213414 0.99529782 0.00972031 0.02826764
698.85580167 43.42148309 275.23368087 -0.09202182 0.99531202 0.00969932 0.02814040
698.36189981 43.34294180 275.19121533 -0.09191910 0.99532477 0.00972820 0.02801522
698.22953820 43.33564806 275.15590770 -0.09190873 0.99532831 0.00971874 0.02792635
698.09432036 43.32675274 275.13615295 -0.09193026 0.99532950 0.00969229 0.02782207
697.94650573 43.31615342 275.10897803 -0.09196506 0.99532955 0.00969271 0.02770494
697.80219966 43.30668565 275.08563972 -0.09197911 0.99533178 0.00966043 0.02758912
697.64336010 43.28984337 275.07886258 -0.09198399 0.99533426 0.00965279 0.02748587
697.48895974 43.27270811 275.05682553 -0.09199321 0.99533606 0.00963143 0.02739737
697.35054839 43.24534207 275.04379174 -0.09199701 0.99533866 0.00961522 0.02729561
697.28206370 43.23566829 275.01768752 -0.09197414 0.99534152 0.00966957 0.02724916
697.20691029 43.22938925 275.00167204 -0.09199903 0.99534031 0.00971968 0.02719153
697.11582126 43.22409011 274.98405550 -0.09203373 0.99533882 0.00979485 0.02710143
697.01822281 43.21790674 274.96549710 -0.09205085 0.99533897 0.00983995 0.02702148
696.89576822 43.21223032 274.97119878 -0.09205370 0.99534035 0.00990525 0.02693669
696.77505843 43.19670605 274.94620864 -0.09204511 0.99534234 0.00994622 0.02687740
696.67012593 43.17001423 274.94569468 -0.09203523 0.99534486 0.01000539 0.02679578
696.52644078 43.15579776 274.91526135 -0.09197388 0.99535349 0.00997455 0.02669737
696.38552133 43.13907415 274.89793461 -0.09191740 0.99536184 0.00993691 0.02659428
696.23654311 43.11640643 274.87383743 -0.09189240 0.99536792 0.00991314 0.02646168
696.08566856 43.09789499 274.84864447 -0.09182045 0.99537859 0.00985307 0.02633215
695.91522283 43.07452241 274.84122291 -0.09175735 0.99538830 0.00981419 0.02619941
695.76543943 43.05032573 274.81797148 -0.09171331 0.99539519 0.00976363 0.02611044
695.62681511 43.02521260 274.80833128 -0.09165454 0.99540330 0.00973836 0.02601703
695.57887292 42.99927971 274.79325993 -0.09155712 0.99541407 0.00971884 0.02595504
695.53479073 42.96104889 274.77810040 -0.09146944 0.99542343 0.00972285 0.02590359
695.49166082 42.91288501 274.75869643 -0.09138751 0.99543352 0.00969722 0.02581455
695.44110061 42.86942752 274.73996246 -0.09127242 0.99544686 0.00968311 0.02571229
695.37196820 42.83633663 274.72578148 -0.09115792 0.99545972 0.00966182 0.02562851
695.32512530 42.79836941 274.71423155 -0.09106427 0.99546986 0.00962304 0.02558221
695.29529771 42.77158452 274.70494822 -0.09098804 0.99547758 0.00962104 0.02555391
695.20328547 42.74622483 274.68454472 -0.09089475 0.99548824 0.00958837 0.02548260
695.11386945 42.71131742 274.66750635 -0.09081211 0.99549748 0.00958777 0.02541667
695.02556088 42.66920636 274.64400537 -0.09073641 0.99550726 0.00956091 0.02531381
694.92613811 42.62676256 274.62334813 -0.09062764 0.99552039 0.00953585 0.02519622
694.80980303 42.58877452 274.60969882 -0.09051776 0.99553326 0.00950981 0.02509228
694.71122059 42.55296915 274.59270860 -0.09042649 0.99554344 0.00947048 0.02503226
694.62607851 42.52485954 274.57769545 -0.09035449 0.99555120 0.00946797 0.02498445
694.56577797 42.48019960 274.56312078 -0.09024943 0.99556110 0.00955435 0.02493701
694.50751323 42.42012016 274.54850307 -0.09016834 0.99556838 0.00967560 0.02489284
694.44969488 42.34887772 274.53315302 -0.09009915 0.99557613 0.00978476 0.02479038
694.37680684 42.28981707 274.52266402 -0.08999062 0.99558744 0.00988334 0.02469140
694.28292935 42.23504174 274.52075879 -0.08989076 0.99559824 0.00998265 0.02457939
694.20122269 42.16768035 274.50922689 -0.08978827 0.99560818 0.01006531 0.02451740
694.13985780 42.10516349 274.50284237 -0.08968783 0.99561735 0.01019145 0.02446064
694.08466710 42.08946600 274.48585509 -0.08961340 0.99562555 0.01017319 0.02440733
694.03156941 42.06751074 274.47188727 -0.08955570 0.99563174 0.01018820 0.02435990
693.98133334 42.03389153 274.45397660 -0.08951161 0.99563789 0.01018291 0.02427287
693.91673178 42.00536331 274.43525021 -0.08942948 0.99564787 0.01016792 0.02417210
693.83271118 41.98273358 274.42527573 -0.08934838 0.99565767 0.01015691 0.02407319
693.76512335 41.95460684 274.41049899 -0.08927817 0.99566543 0.01012960 0.02402383
693.71402976 41.93285226 274.39894094 -0.08922124 0.99567134 0.01014487 0.02398393
693.64941796 41.90791114 274.38442248 -0.08915735 0.99567794 0.01016515 0.02393912
693.58775076 41.87547775 274.37069177 -0.08911590 0.99568216 0.01022188 0.02389361
693.52667926 41.82833180 274.35506245 -0.08909332 0.99568600 0.01026133 0.02380088
693.45195131 41.79187104 274.34068687 -0.08902573 0.99569404 0.01028977 0.02370474
693.35622402 41.75962287 274.33648587 -0.08896663 0.99570136 0.01032427 0.02360402
693.27533479 41.71864749 274.32649086 -0.08890512 0.99570792 0.01034662 0.02354928
693.21120855 41.68165855 274.31643057 -0.08885699 0.99571283 0.01040885 0.02349560
693.15148481 41.65219482 274.29831076 -0.08876385 0.99572325 0.01036610 0.02342509
693.09363772 41.60950651 274.28022159 -0.08868386 0.99573207 0.01035279 0.02335880
693.03636699 41.55816765 274.25764070 -0.08860785 0.99574151 0.01031363 0.02326214
692.96998639 41.50800607 274.23969519 -0.08849961 0.99575423 0.01028046 0.02314388
692.88425986 41.46555532 274.22957044 -0.08839668 0.99576609 0.01024476 0.02304290
692.81559270 41.42415947 274.21575536 -0.08831545 0.99577520 0.01019329 0.02298310
692.76315533 41.39477369 274.20617858 -0.08824921 0.99578215 0.01018041 0.02294209
692.71030534 41.36348740 274.19307012 -0.08816804 0.99579029 0.01020707 0.02288888
692.66100977 41.31854701 274.18192948 -0.08811347 0.99579557 0.01027490 0.02283895
692.61257575 41.26308320 274.16754515 -0.08806606 0.99580158 0.01032329 0.02273801
692.55436987 41.21594776 274.15771201 -0.08798403 0.99581086 0.01036139 0.02263143
692.47644025 41.17131429 274.15504904 -0.08790388 0.99581990 0.01039980 0.02252711
692.41366522 41.12035659 274.14701906 -0.08782441 0.99582797 0.01042672 0.02246813
692.36995900 41.07590188 274.14055858 -0.08776411 0.99583385 0.01049496 0.02241112
692.28207853 41.06411164 274.12532161 -0.08768577 0.99584225 0.01046473 0.02235852
692.19684239 41.04569046 274.11327201 -0.08761489 0.99584934 0.01048405 0.02231182
692.11215878 41.02045741 274.09461183 -0.08756005 0.99585655 0.01047100 0.02221080
692.01181744 41.00119993 274.07523355 -0.08745942 0.99586820 0.01044866 0.02209551
691.89004848 40.98361029 274.06591333 -0.08736618 0.99587922 0.01042403 0.02197883
691.78777663 40.96174947 274.04732910 -0.08728556 0.99588793 0.01039749 0.02191691
691.69846065 40.94461441 274.03907792 -0.08722303 0.99589434 0.01041706 0.02186528
691.61498373 40.90704324 274.02334473 -0.08711369 0.99590462 0.01046761 0.02180895
691.53623588 40.85618715 274.01077891 -0.08702151 0.99591280 0.01056331 0.02175701
691.45583593 40.79361693 273.99239324 -0.08694344 0.99592117 0.01063876 0.02164894
691.36043499 40.74235201 273.98007373 -0.08682372 0.99593328 0.01070155 0.02154093
691.24630804 40.69390550 273.97443231 -0.08671281 0.99594483 0.01076098 0.02142405
691.14639977 40.63439093 273.95939953 -0.08660264 0.99595522 0.01081484 0.02135943
691.06320920 40.57922794 273.95118496 -0.08650663 0.99596377 0.01091158 0.02130028
690.97107075 40.56420043 273.93756801 -0.08640129 0.99597468 0.01087247 0.02123786
690.88152817 40.54257463 273.92468427 -0.08629382 0.99598499 0.01088605 0.02118414
690.79186330 40.51513798 273.90444832 -0.08620801 0.99599498 0.01086720 0.02107330
690.70766978 40.49802341 273.88917411 -0.08609622 0.99600680 0.01083760 0.02098654
690.61442518 40.47932672 273.87985362 -0.08598906 0.99601780 0.01083380 0.02090598
690.53393476 40.45445937 273.85936475 -0.08589918 0.99602745 0.01080928 0.02082785
690.44903182 40.43345808 273.84773228 -0.08579549 0.99603803 0.01080738 0.02075048
690.35931590 40.41832673 273.83694500 -0.08567579 0.99605063 0.01078058 0.02065380
690.28967145 40.40197714 273.82320051 -0.08557445 0.99606061 0.01074535 0.02061074
690.23291399 40.39129567 273.81492143 -0.08549967 0.99606747 0.01075845 0.02058295
