580.90865320 112.61496970 259.69460350 0.02538130 0.99916554 0.00423568 0.03171856
580.92325795 112.67579470 259.71016676 0.02541030 0.99915862 0.00430172 0.03190413
580.92540579 112.73949833 259.69107321 0.02546508 0.99915119 0.00417195 0.03210969
581.00451111 112.79252196 259.69725809 0.02556397 0.99914228 0.00420368 0.03230339
581.03278552 112.88946205 259.74171341 0.02558613 0.99913475 0.00412652 0.03252800
581.03747877 112.97636003 259.72997059 0.02566347 0.99912524 0.00413328 0.03275741
581.09366100 113.01128808 259.70506506 0.02562648 0.99912029 0.00407377 0.03294451
581.12772237 113.07902486 259.68833586 0.02565175 0.99911304 0.00413408 0.03313653
581.23315125 113.11091550 259.70479880 0.02575080 0.99910712 0.00430991 0.03321563
581.32219057 113.12601579 259.67216647 0.02591139 0.99910021 0.00434020 0.03329468
581.46592627 113.14008427 259.66752482 0.02613540 0.99909122 0.00449851 0.03336826
581.58124223 113.19284782 259.68099688 0.02626209 0.99908447 0.00456751 0.03346134
581.66311242 113.23756654 259.68376024 0.02644210 0.99907564 0.00470799 0.03356356
581.79579321 113.24562258 259.64543346 0.02649554 0.99907154 0.00473287 0.03363996
581.91720773 113.28739598 259.62294051 0.02657553 0.99906571 0.00492260 0.03372272
581.94581138 113.38630067 259.63702905 0.02662623 0.99905951 0.00491624 0.03386701
581.97553014 113.49460971 259.62853872 0.02672194 0.99905237 0.00475043 0.03402535
582.07344129 113.60186088 259.63121954 0.02683908 0.99904437 0.00475371 0.03416728
582.12700688 113.74250782 259.68441985 0.02688663 0.99903799 0.00463605 0.03433235
582.14553739 113.87588064 259.67423259 0.02698358 0.99902914 0.00462985 0.03451420
582.19614752 113.97293322 259.64041977 0.02694012 0.99902604 0.00455105 0.03464805
582.23977974 114.06799613 259.61317196 0.02697518 0.99901995 0.00460212 0.03478950
582.27216210 114.15703220 259.62960105 0.02700988 0.99901285 0.00470112 0.03495259
582.32342290 114.23470008 259.60735793 0.02710754 0.99900430 0.00463294 0.03513020
582.42484858 114.31103034 259.60256337 0.02722528 0.99899533 0.00471450 0.03528291
582.48539850 114.42828681 259.65636174 0.02725623 0.99898822 0.00470090 0.03546184
582.50105058 114.54744038 259.65222173 0.02733986 0.99897883 0.00477903 0.03565096
582.56724169 114.64112113 259.62254717 0.02731175 0.99897423 0.00477866 0.03580101
582.64291831 114.72774840 259.59293518 0.02733202 0.99896743 0.00487831 0.03596149
582.73119806 114.76732410 259.59924050 0.02745483 0.99895898 0.00492258 0.03609644
582.80144026 114.79978721 259.55066709 0.02761677 0.99895015 0.00482295 0.03623043
582.95430599 114.84148441 259.52311546 0.02780158 0.99893991 0.00486130 0.03636626
583.06601207 114.91704858 259.54110547 0.02790028 0.99893258 0.00479273 0.03650087
583.14829792 114.98958363 259.52578987 0.02806002 0.99892177 0.00481989 0.03667017
583.28134491 115.04011755 259.48257828 0.02812085 0.99891579 0.00475599 0.03679466
583.39257973 115.10138532 259.43539074 0.02820983 0.99890776 0.00484745 0.03693232
583.51394329 114.87169163 259.42960809 0.02811206 0.99891158 0.00482922 0.03690602
583.57366101 114.54238170 259.35952148 0.02804473 0.99891652 0.00477126 0.03683085
583.70332578 114.15772180 259.38665267 0.02803977 0.99891955 0.00475473 0.03675442
583.84636495 113.83101703 259.36046123 0.02806528 0.99892215 0.00467807 0.03667410
584.04594045 113.52323348 259.33526172 0.02792814 0.99892696 0.00454819 0.03666422
584.30253790 113.21031105 259.30335624 0.02776475 0.99893394 0.00435589 0.03662146
584.55944809 112.90770910 259.31439315 0.02761808 0.99893986 0.00430377 0.03657685
584.56807884 112.73010275 259.25132655 0.02780284 0.99892982 0.00440712 0.03669876
584.58467988 112.55622897 259.09473359 0.02803842 0.99891953 0.00446127 0.03679282
584.69134739 112.39932467 258.96878258 0.02831634 0.99890765 0.00457383 0.03688869
584.70009309 112.32309458 258.88944901 0.02851652 0.99889841 0.00465092 0.03697502
584.71402078 112.29258800 258.83431408 0.02867742 0.99888790 0.00477486 0.03711834
584.82726083 112.26757296 258.75933932 0.02873176 0.99888312 0.00471447 0.03721253
584.97078824 112.22112039 258.68726988 0.02884275 0.99887464 0.00488584 0.03733213
585.79087558 112.07277599 258.70122775 0.02875460 0.99886209 0.00522089 0.03768879
586.60120205 111.90388672 258.68167760 0.02871121 0.99884689 0.00562471 0.03806460
587.42218177 111.74011948 258.72616482 0.02868484 0.99883123 0.00594783 0.03844459
588.20478679 111.57459000 258.76732921 0.02858194 0.99881429 0.00642453 0.03888196
589.03385480 111.42800394 258.73533744 0.02849819 0.99879673 0.00684726 0.03932007
589.86045995 111.32762762 258.77370210 0.02853917 0.99877509 0.00722145 0.03977034
590.72528222 111.15174901 258.81220838 0.02857222 0.99875519 0.00752977 0.04018710
591.31005273 111.08195493 258.87397799 0.02858652 0.99873546 0.00790276 0.04059360
591.84155764 111.04174121 258.91568593 0.02865696 0.99871213 0.00827688 0.04104085
592.35391051 110.99237564 258.98275240 0.02877082 0.99868670 0.00862104 0.04150653
592.88322014 110.93141650 259.07276857 0.02874431 0.99866183 0.00912287 0.04201294
593.43421404 110.89018104 259.07332532 0.02873894 0.99863818 0.00952849 0.04248609
593.95980200 110.86731488 259.12416475 0.02877667 0.99861348 0.00992595 0.04294750
594.45114625 110.76260840 259.17890243 0.02896892 0.99858542 0.01023962 0.04339489
595.46919376 110.48692456 259.33887839 0.02931106 0.99855025 0.01114503 0.04374993
596.48016041 110.15559418 259.44818193 0.02981904 0.99850742 0.01210295 0.04412799
597.54402860 109.82580812 259.59446114 0.03030159 0.99846287 0.01307171 0.04452901
598.57574343 109.46099974 259.74545019 0.03068478 0.99841546 0.01415572 0.04499589
599.61787283 109.09048595 259.85998022 0.03104475 0.99836917 0.01518644 0.04543775
600.63712990 108.74248620 260.02451611 0.03159228 0.99831496 0.01621420 0.04589402
601.65717328 108.34931503 260.18935094 0.03211882 0.99826371 0.01704031 0.04634184
602.66750231 107.54465261 260.37083979 0.03293755 0.99821333 0.01801294 0.04648445
603.68711345 106.69375265 260.52835856 0.03382191 0.99815672 0.01918291 0.04659674
604.75235928 105.78439053 260.79630887 0.03457974 0.99809912 0.02031225 0.04679534
605.88898129 104.90984720 261.04656894 0.03539704 0.99803571 0.02152635 0.04699349
606.92893911 104.14413483 261.20948167 0.03600023 0.99797944 0.02266359 0.04719519
607.90910622 103.31236351 261.43190880 0.03687312 0.99790945 0.02387636 0.04740271
608.93116581 102.49362951 261.60641889 0.03771755 0.99784294 0.02479432 0.04766655
609.63372205 101.82296770 261.72928822 0.03841313 0.99779970 0.02552234 0.04763200
610.32961720 101.09886938 261.83976404 0.03916740 0.99775068 0.02646003 0.04753266
611.08458240 100.31658879 261.96609590 0.03973379 0.99770519 0.02735910 0.04750853
611.83239070 99.57118192 262.09910612 0.04039660 0.99765641 0.02824402 0.04745604
612.54090454 98.92404516 262.17335210 0.04082093 0.99761586 0.02909876 0.04742889
613.24965472 98.25167949 262.33364618 0.04153392 0.99756216 0.02999232 0.04738273
613.99447525 97.57148482 262.46142350 0.04211870 0.99751534 0.03067609 0.04741451
614.55259324 97.18401251 262.60740214 0.04196663 0.99758480 0.03166988 0.04539156
615.01339451 96.70399919 262.54750468 0.04241037 0.99761818 0.03318778 0.04310341
615.56369168 96.14554808 262.64438713 0.04225896 0.99768279 0.03413381 0.04096475
616.04931167 95.71002759 262.82024916 0.04236960 0.99773443 0.03506785 0.03874364
616.83779517 95.22540194 262.92081173 0.04240333 0.99777545 0.03615747 0.03658895
617.77793383 94.64401060 263.10484755 0.04291261 0.99778738 0.03717695 0.03459364
618.61692972 94.10959567 263.22488156 0.04267696 0.99784406 0.03758441 0.03276161
619.74086344 93.72480106 263.41849832 0.04272751 0.99779474 0.03869657 0.03290272
620.91964444 93.22790494 263.56428160 0.04311684 0.99772846 0.03984628 0.03303219
622.05260800 92.72638488 263.80243896 0.04328703 0.99766867 0.04099358 0.03321126
623.27754481 92.25919098 264.01688167 0.04343568 0.99759915 0.04232339 0.03343655
624.44079739 91.74691141 264.18996935 0.04356744 0.99753512 0.04351377 0.03364702
625.60258742 91.17767679 264.46804064 0.04397807 0.99745157 0.04479572 0.03390640
626.72629918 90.67492677 264.66080625 0.04424461 0.99738904 0.04572859 0.03415289
627.65416728 90.41351872 264.84124464 0.04442848 0.99733370 0.04668341 0.03423828
628.62157914 90.04827325 264.98267461 0.04483141 0.99726849 0.04764046 0.03429426
629.57606379 89.64962645 265.15439103 0.04509869 0.99720263 0.04868496 0.03439184
630.56623184 89.29776372 265.34840607 0.04531417 0.99713295 0.04978980 0.03454690
631.48423143 88.90348128 265.50886689 0.04553033 0.99706813 0.05079707 0.03466672
632.42989021 88.49175266 265.71898983 0.04592696 0.99698845 0.05187080 0.03484491
633.39865923 88.09935065 265.88562875 0.04626595 0.99692758 0.05263165 0.03499686
634.43929060 87.65677693 266.01631404 0.04662510 0.99684920 0.05372862 0.03508570
635.49875838 87.09770457 266.15654406 0.04722959 0.99675865 0.05484515 0.03512214
636.59226718 86.54187306 266.33851869 0.04764345 0.99666871 0.05603836 0.03523180
637.72877382 86.01621956 266.55401316 0.04804740 0.99657477 0.05725713 0.03538076
638.75069297 85.46459826 266.71191126 0.04845904 0.99648640 0.05836920 0.03549111
639.82392155 84.87051146 266.92213031 0.04913587 0.99637226 0.05961294 0.03569703
640.88800651 84.33588903 267.09822797 0.04970563 0.99628479 0.06049905 0.03585838
641.89538356 84.02981067 267.24520334 0.04993699 0.99619980 0.06156943 0.03607588
642.91191359 83.55759227 267.36352679 0.05036310 0.99610863 0.06257322 0.03627329
643.94382262 83.12280507 267.53924365 0.05068743 0.99601146 0.06369727 0.03653237
645.02373941 82.71699903 267.73036190 0.05095031 0.99590421 0.06495716 0.03687057
646.02481641 82.26674708 267.87029948 0.05122445 0.99581043 0.06601989 0.03713525
647.03731944 81.77505021 268.09444413 0.05176472 0.99568570 0.06726136 0.03750074
648.04676920 81.32404183 268.26890379 0.05225831 0.99559591 0.06804665 0.03778232
649.12513443 81.08418599 268.46430010 0.05177884 0.99550623 0.06957642 0.03801870
650.17928727 80.73335188 268.56345150 0.05155099 0.99541219 0.07091809 0.03831042
651.21085695 80.37498672 268.75870830 0.05146827 0.99529394 0.07246952 0.03858976
652.31920569 80.09714498 268.97451518 0.05122313 0.99515486 0.07430640 0.03900719
653.43650568 79.79324013 269.12288117 0.05087444 0.99504616 0.07580260 0.03935589
654.49945541 79.38718185 269.35403566 0.05077531 0.99490335 0.07747626 0.03983244
655.50218851 79.01789821 269.50980765 0.05074550 0.99480196 0.07860894 0.04018186
656.70276620 78.36407268 269.51403098 0.04363891 0.99487676 0.08148204 0.04094577
657.83480185 77.47517328 269.48807612 0.03762135 0.99489295 0.08374259 0.04195041
658.89056738 76.61001450 269.53575683 0.03121405 0.99487460 0.08615268 0.04275427
660.02740047 75.76614305 269.54370095 0.02546473 0.99482053 0.08832368 0.04338887
661.35813927 74.68670742 269.67755443 0.01857977 0.99480381 0.08969046 0.04444992
662.67879183 73.67173359 269.78818033 0.01238832 0.99464450 0.09193374 0.04557439
663.93501929 72.62768774 269.83347793 0.00600504 0.99447551 0.09394912 0.04643244
665.03341476 71.51445822 269.83894440 0.00775088 0.99431810 0.09571185 0.04594206
666.13474310 70.29144435 269.83667967 0.00963377 0.99413939 0.09765061 0.04536979
667.20016688 69.11251563 269.97866058 0.01148054 0.99394215 0.09962797 0.04496081
668.40659657 67.91621558 270.13693506 0.01334718 0.99372700 0.10170539 0.04454794
669.49595692 66.77768826 270.20817315 0.01511997 0.99350315 0.10380640 0.04412614
670.64153002 65.57300215 270.30388157 0.01699530 0.99327019 0.10590615 0.04369631
671.78846423 64.43639588 270.31286284 0.01890680 0.99306000 0.10765020 0.04342575
672.83326528 63.21484409 270.22056855 0.02052820 0.99285517 0.10956745 0.04256959
673.82700093 61.87372006 270.03141727 0.02242621 0.99260803 0.11179021 0.04158512
674.79901153 60.54432744 270.03011265 0.02422203 0.99235185 0.11396756 0.04077357
675.88188133 59.22294602 270.06027222 0.02603792 0.99208118 0.11619001 0.03996037
676.94779129 57.96266290 270.01513111 0.02777280 0.99179160 0.11851161 0.03915460
678.06554401 56.63138410 269.98168090 0.02957031 0.99151117 0.12066909 0.03834271
679.20138905 55.37496534 269.84845996 0.03133513 0.99125164 0.12254450 0.03769807
679.96415937 54.53386243 269.73359064 0.03217887 0.99109530 0.12370706 0.03729869
680.72385620 53.68275248 269.66333060 0.03329733 0.99090912 0.12503784 0.03682319
681.47938405 52.84139859 269.65506237 0.03414936 0.99072788 0.12634879 0.03644283
682.26831070 51.99459121 269.67159837 0.03516661 0.99054604 0.12760900 0.03602507
683.03032841 51.19247275 269.64719755 0.03599154 0.99035611 0.12894924 0.03565782
683.81792408 50.40336842 269.66325492 0.03694216 0.99016703 0.13023230 0.03527159
684.66825058 49.61044881 269.58474399 0.03779513 0.98999450 0.13136949 0.03499248
685.52740543 49.02038191 269.50120176 0.03846210 0.98983498 0.13243157 0.03477440
686.38632919 48.36933781 269.47201248 0.03935115 0.98964687 0.13364440 0.03449264
687.28815308 47.68938471 269.40904777 0.03986316 0.98946998 0.13484273 0.03431500
688.16534379 47.00931285 269.39290478 0.04054127 0.98929817 0.13595452 0.03408685
689.04300466 46.32669563 269.33150610 0.04113612 0.98912035 0.13712033 0.03386391
689.96311980 45.69443409 269.34575448 0.04202251 0.98891220 0.13840925 0.03361030
690.86293842 45.00058185 269.22303920 0.04267523 0.98875824 0.13933806 0.03347958
691.57705976 44.56881480 269.15550762 0.04300327 0.98864024 0.14010632 0.03333790
692.32277330 44.11687731 269.17227824 0.04356861 0.98849016 0.14103875 0.03312164
693.06592448 43.65541404 269.15437262 0.04377183 0.98837312 0.14182473 0.03299014
693.79016668 43.18988693 269.18817148 0.04412187 0.98824683 0.14263369 0.03281922
694.49920564 42.71631985 269.17165771 0.04436832 0.98811946 0.14347220 0.03266680
695.22913533 42.29244860 269.22262417 0.04484351 0.98796419 0.14443822 0.03245637
695.93685731 41.77950404 269.14764780 0.04512014 0.98785644 0.14510233 0.03239054
696.88467946 41.19650594 269.05984928 0.04479344 0.98768789 0.14643534 0.03198239
697.86358976 40.51484901 269.04162514 0.04492511 0.98747687 0.14792623 0.03144829
698.83573475 39.76960050 269.01805183 0.04454974 0.98731156 0.14922465 0.03103546
699.81864422 39.13744113 269.02613077 0.04435905 0.98713582 0.15053598 0.03056247
700.80435953 38.44333473 268.95849345 0.04408386 0.98695950 0.15185787 0.03011225
701.90076032 37.74670532 268.98723157 0.04409983 0.98676898 0.15316691 0.02969986
703.02338585 37.00005180 268.91092971 0.04374894 0.98662728 0.15423378 0.02940362
703.82483035 36.29443440 268.80384267 0.04401929 0.98637574 0.15587382 0.02878446
704.63028608 35.52148393 268.67214942 0.04480436 0.98608041 0.15764220 0.02805240
705.37957723 34.71814663 268.50620516 0.04517209 0.98582216 0.15925619 0.02741548
706.15743640 33.96963030 268.39467743 0.04558413 0.98554308 0.16097977 0.02669148
706.93995215 33.15254858 268.25723349 0.04587137 0.98525205 0.16277800 0.02602948
707.72364860 32.37255013 268.21255065 0.04641412 0.98496118 0.16448464 0.02533803
708.50078421 31.51729747 268.02695820 0.04666422 0.98471137 0.16598182 0.02481956
709.01818941 30.87750304 267.80357677 0.04649648 0.98447350 0.16752832 0.02417181
709.51195478 30.14206905 267.60221476 0.04684677 0.98421803 0.16903011 0.02343209
709.96899068 29.29463619 267.42938105 0.04686694 0.98399652 0.17040894 0.02269667
710.46677203 28.55002117 267.22707774 0.04696367 0.98374197 0.17194509 0.02193262
711.00809042 27.75378039 266.98779710 0.04684059 0.98348813 0.17351008 0.02124414
711.59827863 26.98125497 266.82097463 0.04690294 0.98325571 0.17488999 0.02053832
712.26588818 26.08178072 266.61878770 0.04680902 0.98302775 0.17625778 0.01996379
712.67159759 25.34091667 266.38865518 0.04649384 0.98288716 0.17717032 0.01954031
713.03698589 24.62406411 266.11439292 0.04638248 0.98273830 0.17807155 0.01909511
713.44239952 23.83174240 265.85276204 0.04623470 0.98258490 0.17900175 0.01864497
713.86742056 23.22647607 265.77197973 0.04613924 0.98244066 0.17986682 0.01815069
714.33500187 22.64424173 265.54398352 0.04590598 0.98230202 0.18072182 0.01774859
714.81964920 22.06840772 265.38814290 0.04563247 0.98220705 0.18134622 0.01733605
715.37250483 21.39442924 265.29218743 0.04521447 0.98208891 0.18212471 0.01695918
715.84985848 21.39293239 265.32140149 0.04368619 0.98203772 0.18274695 0.01723312
716.28131514 21.28145573 265.31036456 0.04265950 0.98198241 0.18325686 0.01753945
716.68918978 21.18940787 265.27149417 0.04131344 0.98195446 0.18368689 0.01782618
717.10281450 21.12937320 265.35071081 0.03997530 0.98190833 0.18419606 0.01816113
717.56394431 20.97925654 265.30749817 0.03853625 0.98188529 0.18459438 0.01847041
718.04997769 20.82478461 265.32188154 0.03726097 0.98181757 0.18518268 0.01879523
718.49669079 20.64730058 265.25679854 0.03607060 0.98177761 0.18560014 0.01908444
718.79824343 20.52663756 265.17267056 0.03601097 0.98167933 0.18613545 0.01903919
719.09095937 20.32744955 265.02082823 0.03613483 0.98159003 0.18658970 0.01896240
719.39828264 20.06441717 264.97632086 0.03615313 0.98150021 0.18706868 0.01885704
719.67883958 19.84736038 264.87581632 0.03616791 0.98141186 0.18753593 0.01878590
719.98963471 19.64353119 264.78015141 0.03612154 0.98132822 0.18798767 0.01872977
720.35544609 19.36917868 264.68056246 0.03617740 0.98123922 0.18844768 0.01866177
720.70531775 19.10421871 264.57247216 0.03618513 0.98114845 0.18892220 0.01862153
720.97443934 18.78251205 264.47443485 0.03649757 0.98107250 0.18923891 0.01879644
721.23924435 18.54926850 264.36707003 0.03681943 0.98102074 0.18942415 0.01900325
721.57667598 18.31375823 264.26617202 0.03723536 0.98092980 0.18979498 0.01918646
721.84632799 18.11369424 264.31848264 0.03757739 0.98084069 0.19016721 0.01938829
722.11287093 18.00022149 264.33417030 0.03788858 0.98076560 0.19046710 0.01963632
722.37389381 17.86213271 264.33652440 0.03802622 0.98071119 0.19069380 0.01988559
722.69821947 17.75424419 264.36027373 0.03828485 0.98063675 0.19100398 0.02008274
722.64736926 18.20459043 264.54850010 0.03751974 0.98082288 0.19009470 0.02104141
722.60893922 18.58428383 264.68471354 0.03676260 0.98101044 0.18914682 0.02214727
722.63058633 18.99762059 264.78350302 0.03590066 0.98118619 0.18827916 0.02314667
722.60560884 19.35937650 264.91993328 0.03507709 0.98137419 0.18730345 0.02432527
722.56726225 19.67576361 264.98092676 0.03430757 0.98157172 0.18626130 0.02542980
722.58452058 19.99555944 265.07903539 0.03345993 0.98169117 0.18563849 0.02648073
722.55585423 20.24241668 265.15686994 0.03299688 0.98186292 0.18467735 0.02739878
722.73770967 20.57779471 265.25983291 0.03273828 0.98188407 0.18456839 0.02768376
722.93730122 20.93631906 265.26412965 0.03257240 0.98191041 0.18440260 0.02804773
723.18267854 21.33652423 265.40264132 0.03237280 0.98192331 0.18432263 0.02835098
723.32431458 21.75324420 265.55146262 0.03203925 0.98194659 0.18419068 0.02877806
723.56077097 22.18414022 265.69933750 0.03181198 0.98196419 0.18408213 0.02912219
723.80011828 22.56068355 265.76855882 0.03155927 0.98196411 0.18407034 0.02947212
724.00231465 22.95045018 265.86425509 0.03149432 0.98197917 0.18395667 0.02974823
724.33276362 23.45783578 266.14589281 0.03109010 0.98199065 0.18376405 0.03096032
724.65132299 23.94372578 266.31012360 0.03073052 0.98199546 0.18356024 0.03234496
725.12701918 24.52206380 266.50174752 0.03020750 0.98199542 0.18340401 0.03369676
725.43639167 25.00401976 266.76771215 0.02970751 0.98199366 0.18321646 0.03518019
725.90041743 25.46119306 267.02722419 0.02934156 0.98201781 0.18287138 0.03658070
726.37235404 25.92049824 267.18727330 0.02899075 0.98196753 0.18293130 0.03788735
726.72576046 26.36364520 267.27304998 0.02900109 0.98198177 0.18260621 0.03906031
726.60701922 26.81049119 267.41588081 0.02835915 0.98201545 0.18259336 0.03874367
726.55060721 27.29319477 267.48131051 0.02807002 0.98205956 0.18245975 0.03846462
726.48763494 27.81343855 267.65998798 0.02760449 0.98209610 0.18240738 0.03811546
726.39930062 28.31335848 267.83153736 0.02709822 0.98215053 0.18224088 0.03787206
726.37247404 28.81955459 267.92956843 0.02666990 0.98218824 0.18217157 0.03752984
726.32920873 29.29444466 267.99733336 0.02627625 0.98221703 0.18213856 0.03721296
726.26688177 29.73706265 268.11604392 0.02597698 0.98226310 0.18199476 0.03690929
725.95678838 30.04838426 268.13581722 0.02571641 0.98223468 0.18223258 0.03667417
725.65293910 30.32999826 268.06363728 0.02580193 0.98220970 0.18240061 0.03644697
725.44859321 30.61169054 268.04508379 0.02564728 0.98219103 0.18256625 0.03622922
725.21965152 30.93598202 268.04192589 0.02549450 0.98218670 0.18265010 0.03603122
725.03532586 31.28191522 268.00675545 0.02538045 0.98216302 0.18284828 0.03575098
724.83588562 31.54143640 267.95226216 0.02539714 0.98213119 0.18306632 0.03549684
724.61064508 31.84001742 267.91585879 0.02540193 0.98211619 0.18318622 0.03528945
724.74564700 31.81896090 267.94973403 0.02539880 0.98212792 0.18310825 0.03536976
724.88208683 31.80676535 267.93363851 0.02543421 0.98216191 0.18290892 0.03543175
725.06153216 31.79351019 267.95372957 0.02548721 0.98218004 0.18279037 0.03550283
725.18594670 31.79651688 267.99737682 0.02548998 0.98219890 0.18267487 0.03557339
725.32468065 31.80622410 268.05134816 0.02546828 0.98222100 0.18253763 0.03568305
725.50250727 31.84899473 268.07951698 0.02540622 0.98225118 0.18236557 0.03577632
725.65580362 31.90136459 268.11401810 0.02536433 0.98225753 0.18231709 0.03587854
725.69226454 31.82346389 268.07709027 0.02539609 0.98221785 0.18252782 0.03587089
725.71580032 31.75836216 268.01147944 0.02556742 0.98219568 0.18262742 0.03584951
725.78775637 31.69427250 268.00523103 0.02573247 0.98216467 0.18277659 0.03582069
725.82534279 31.69095473 268.02735082 0.02583367 0.98212824 0.18296274 0.03579643
725.88708233 31.66778133 268.01903202 0.02590522 0.98208521 0.18318263 0.03580058
725.95973090 31.65524454 267.99524016 0.02592502 0.98206679 0.18327650 0.03581111
726.02880713 31.63510353 267.97859363 0.02598551 0.98201531 0.18353848 0.03583743
726.10212693 31.63042732 268.01881692 0.02596864 0.98196926 0.18377054 0.03592208
726.18173950 31.58548768 268.03618129 0.02607325 0.98195198 0.18382763 0.03602624
726.28884104 31.56673499 268.07000568 0.02622962 0.98191285 0.18400009 0.03609899
726.35384526 31.58069407 268.13759885 0.02624860 0.98187148 0.18419501 0.03621606
726.43016530 31.58054230 268.18415502 0.02630428 0.98182931 0.18438964 0.03632838
726.54797598 31.59566950 268.21930191 0.02628702 0.98180401 0.18450415 0.03644305
726.62057456 31.58968232 268.25296342 0.02634410 0.98175589 0.18473160 0.03654593
726.75993880 31.53756212 268.27424624 0.02621415 0.98172986 0.18487378 0.03661957
726.90904423 31.45801461 268.26753026 0.02621171 0.98172384 0.18489109 0.03669524
727.06510713 31.38510175 268.29496746 0.02620714 0.98170798 0.18496333 0.03675865
727.21005216 31.33514366 268.34888438 0.02610990 0.98168433 0.18508413 0.03685117
727.35154657 31.28104325 268.37611800 0.02601536 0.98166257 0.18519004 0.03696550
727.52342508 31.24434612 268.40693406 0.02587769 0.98165792 0.18521157 0.03707754
727.67211609 31.18779002 268.43029360 0.02582104 0.98162591 0.18537092 0.03716803
727.73930536 31.21947365 268.45812308 0.02578261 0.98160206 0.18550278 0.03716679
727.80852261 31.22708424 268.44482427 0.02585865 0.98160375 0.18548532 0.03715639
727.90466798 31.24662328 268.48370640 0.02594650 0.98158748 0.18556230 0.03714076
727.96985273 31.29181819 268.52549022 0.02593051 0.98157110 0.18564832 0.03715476
728.02717666 31.34749577 268.56667483 0.02594830 0.98154978 0.18575560 0.03716953
728.11423219 31.39662539 268.57747495 0.02588002 0.98154769 0.18577006 0.03720007
728.17974841 31.42887024 268.60121068 0.02586942 0.98151698 0.18592966 0.03722034
728.33052814 31.44856330 268.64338784 0.02578616 0.98150039 0.18603027 0.03721295
728.49812289 31.43757420 268.62661949 0.02582415 0.98150611 0.18599868 0.03719365
728.66746675 31.43647254 268.66491840 0.02586919 0.98149903 0.18603423 0.03717136
728.81937514 31.45722238 268.71390978 0.02583571 0.98148928 0.18609013 0.03717217
728.96372652 31.47224855 268.75010496 0.02580374 0.98147758 0.18615262 0.03719052
729.13689379 31.49161484 268.77773550 0.02571662 0.98148557 0.18611749 0.03721585
729.28438456 31.51550715 268.80910652 0.02569267 0.98146182 0.18624359 0.03722787
729.36114375 31.46364166 268.82580104 0.02569566 0.98141415 0.18649082 0.03724489
729.42900357 31.38517777 268.78989438 0.02580558 0.98139015 0.18660102 0.03724914
729.52992098 31.30553789 268.80175637 0.02594809 0.98134894 0.18679740 0.03725174
729.59585906 31.27378763 268.82412899 0.02599623 0.98130347 0.18702467 0.03727559
729.68201372 31.23201956 268.82864003 0.02604392 0.98125850 0.18724549 0.03731751
729.78872736 31.19303586 268.81952436 0.02601039 0.98123409 0.18736667 0.03737440
729.87483547 31.13222499 268.83115541 0.02605413 0.98117754 0.18764906 0.03741188
730.01686839 31.16943108 268.85858546 0.02591335 0.98115337 0.18779453 0.03741371
730.16833374 31.18257704 268.82223704 0.02592494 0.98114981 0.18781303 0.03740598
730.32946503 31.19499057 268.84396056 0.02591873 0.98113472 0.18789576 0.03739058
730.47891534 31.24612817 268.87565003 0.02582714 0.98112153 0.18797330 0.03741038
730.60248179 31.29437917 268.89965257 0.02576722 0.98109947 0.18809515 0.03741779
730.76503274 31.34676398 268.91293902 0.02560849 0.98109875 0.18811398 0.03745095
730.88989478 31.38505656 268.92882062 0.02552348 0.98106778 0.18828239 0.03747415
730.96814207 31.36279022 268.94816853 0.02557092 0.98103118 0.18845673 0.03752361
731.04730119 31.32825945 268.89462202 0.02570377 0.98101456 0.18851638 0.03756762
731.14299132 31.28009656 268.91586052 0.02587851 0.98097689 0.18868108 0.03760439
731.21025703 31.26960063 268.95299957 0.02595243 0.98093893 0.18885600 0.03766556
731.23439968 31.25713609 268.92630014 0.02600144 0.98090567 0.18901672 0.03769180
731.24273764 31.22156864 268.88340800 0.02601105 0.98090024 0.18903906 0.03771448
731.27182802 31.20497132 268.85125122 0.02611139 0.98085541 0.18925570 0.03772452
731.21454520 31.15413683 268.78284354 0.02613979 0.98083524 0.18936929 0.03765924
731.16165155 31.08264339 268.78134262 0.02621986 0.98081539 0.18946502 0.03763913
731.10362568 31.04503168 268.70225529 0.02617373 0.98082499 0.18942379 0.03762862
731.04872693 30.99140565 268.66613350 0.02614004 0.98078783 0.18962955 0.03758396
