596.97058750 33.24152670 267.90777500 -0.07158505 0.99734282 -0.01075233 0.00820178
596.93170912 33.30370981 267.91913208 -0.07150624 0.99734652 -0.01080716 0.00836532
596.87422584 33.35486240 267.90786605 -0.07138309 0.99735180 -0.01097411 0.00856777
596.89077383 33.39804813 267.93066054 -0.07131434 0.99735434 -0.01104331 0.00875363
596.88146574 33.45583494 267.91724088 -0.07128355 0.99735296 -0.01119130 0.00897166
596.87400043 33.51389643 267.88624722 -0.07120244 0.99735624 -0.01125051 0.00917390
596.88071510 33.55446418 267.88454137 -0.07118304 0.99735516 -0.01132711 0.00934669
596.88116741 33.60538669 267.84471216 -0.07110319 0.99735911 -0.01133020 0.00952704
596.97309780 33.58654602 267.90702106 -0.07118049 0.99735538 -0.01114229 0.00956198
597.06131520 33.53734505 267.92631229 -0.07112476 0.99735930 -0.01107581 0.00964476
597.18323771 33.45684304 267.96214381 -0.07114151 0.99735957 -0.01089903 0.00969503
597.26062296 33.41303816 267.98740553 -0.07118212 0.99735684 -0.01082065 0.00976448
597.36486427 33.36508090 267.99518765 -0.07122424 0.99735509 -0.01065745 0.00981557
597.47062365 33.31835122 268.02497861 -0.07133259 0.99734814 -0.01053865 0.00986315
597.58178201 33.25396194 268.02802748 -0.07141790 0.99734334 -0.01036938 0.00991024
597.46137386 33.27234803 268.05222243 -0.07130660 0.99735067 -0.01018252 0.01016511
597.34956432 33.30084120 268.05697394 -0.07114639 0.99735908 -0.01015612 0.01048356
597.29046195 33.33627856 268.04458224 -0.07094595 0.99737286 -0.00992350 0.01075069
597.14686413 33.45452419 268.08999533 -0.07090145 0.99737408 -0.00978004 0.01105763
596.97537161 33.56359040 268.07412438 -0.07076392 0.99738251 -0.00959446 0.01133733
596.86097689 33.65915573 268.05890353 -0.07075525 0.99738162 -0.00943040 0.01160428
596.76631272 33.72652302 268.04011537 -0.07064572 0.99738818 -0.00924537 0.01185440
596.80325422 33.91658967 268.08092961 -0.07090777 0.99737083 -0.00910869 0.01185530
596.86103443 34.08835375 268.03430707 -0.07094018 0.99736781 -0.00906662 0.01194728
596.94729485 34.26053779 268.06159536 -0.07107295 0.99735931 -0.00894792 0.01195767
596.97761750 34.46224517 268.11350282 -0.07128607 0.99734392 -0.00887348 0.01202764
596.99921422 34.60863827 268.11296240 -0.07148086 0.99733081 -0.00875460 0.01204572
597.07040315 34.75976396 268.09465168 -0.07169610 0.99731640 -0.00860815 0.01206525
597.15816103 34.85832935 268.04958273 -0.07175505 0.99731229 -0.00852764 0.01211174
597.27598870 34.81851298 268.13069002 -0.07164171 0.99731803 -0.00859504 0.01226150
597.36505500 34.76680287 268.11320229 -0.07149435 0.99732493 -0.00878857 0.01242195
597.53224296 34.69276963 268.13326451 -0.07139569 0.99732918 -0.00888222 0.01258017
597.65662746 34.65158797 268.17645699 -0.07130032 0.99733215 -0.00905835 0.01275935
597.82732941 34.63643499 268.19126115 -0.07125652 0.99733204 -0.00916161 0.01293748
598.00435480 34.63352421 268.21782162 -0.07122773 0.99733110 -0.00927739 0.01308507
598.16321320 34.62595940 268.21482634 -0.07116486 0.99733287 -0.00933432 0.01325071
598.22761400 34.83009629 268.21189559 -0.07124848 0.99732665 -0.00909984 0.01343147
598.32313996 35.03635756 268.12596658 -0.07119809 0.99732768 -0.00900296 0.01368505
598.42755434 35.24101426 268.12343066 -0.07114971 0.99733044 -0.00876130 0.01389069
598.49291901 35.50331421 268.12881564 -0.07124200 0.99732158 -0.00858554 0.01416071
598.54864189 35.74283613 268.12848857 -0.07125618 0.99731960 -0.00835904 0.01436279
598.65248707 35.95667769 268.10018620 -0.07130483 0.99731494 -0.00812847 0.01457629
598.76854414 36.13294060 268.02523295 -0.07123054 0.99731883 -0.00793294 0.01477962
599.69226263 36.23093735 268.12623484 -0.07157158 0.99728542 -0.00814407 0.01526330
600.64797537 36.34870001 268.17925634 -0.07202902 0.99724245 -0.00839488 0.01577475
601.61408134 36.40649034 268.25373456 -0.07250231 0.99719693 -0.00867944 0.01632055
602.61061139 36.52682361 268.33899927 -0.07290939 0.99715542 -0.00891257 0.01690747
603.56465967 36.67063695 268.39014698 -0.07332445 0.99711185 -0.00923545 0.01749803
604.54587508 36.82635096 268.47642891 -0.07361550 0.99707728 -0.00951375 0.01808686
605.49539774 36.92939343 268.55566858 -0.07396647 0.99703828 -0.00980667 0.01864027
606.67402835 37.06277338 268.79620328 -0.07435355 0.99699358 -0.00989519 0.01942789
607.92012866 37.22021250 269.02862686 -0.07486749 0.99693589 -0.01008212 0.02029872
609.22400758 37.34100953 269.28945053 -0.07536444 0.99687872 -0.01024261 0.02116837
610.55864282 37.50072789 269.55411355 -0.07582829 0.99682238 -0.01030258 0.02211478
611.82615204 37.62022254 269.75449371 -0.07628316 0.99676390 -0.01051258 0.02306716
613.09887858 37.73771313 269.98710522 -0.07663768 0.99671379 -0.01060923 0.02399455
614.28537241 37.86625069 270.19707431 -0.07696879 0.99666489 -0.01077079 0.02487756
615.32494496 38.18348731 270.44504104 -0.07723705 0.99664200 -0.01083629 0.02493481
616.38872363 38.58001970 270.69810444 -0.07741226 0.99662287 -0.01103500 0.02506859
617.38258729 38.91368024 270.82608032 -0.07772332 0.99659198 -0.01121860 0.02525175
618.43014303 39.28811686 271.10487922 -0.07810940 0.99655555 -0.01141142 0.02541141
619.42718762 39.56450169 271.28263213 -0.07841594 0.99652778 -0.01151274 0.02551038
620.40022495 39.90709045 271.55146416 -0.07857230 0.99651230 -0.01161058 0.02558948
621.28991460 40.17393671 271.75736376 -0.07879426 0.99648836 -0.01179898 0.02575268
622.31361806 40.21073102 272.09932823 -0.07925048 0.99651139 -0.01146823 0.02351381
623.32141332 40.02314689 272.32135793 -0.07925222 0.99656765 -0.01112854 0.02116991
624.50640875 39.92695056 272.47465718 -0.08029161 0.99652291 -0.01139132 0.01912040
625.68904986 39.80991720 272.80472731 -0.08105873 0.99649557 -0.01184352 0.01690550
627.10148482 39.66051995 273.00276115 -0.08171591 0.99647612 -0.01198658 0.01463495
628.63530216 39.41374541 273.38694190 -0.08156153 0.99651754 -0.01191950 0.01258743
630.12529384 39.16402194 273.80033979 -0.08228080 0.99646881 -0.01269617 0.01088978
631.16440170 39.34657244 274.01160744 -0.08262949 0.99643724 -0.01284961 0.01095846
632.29408893 39.55225864 274.24178324 -0.08288426 0.99641246 -0.01306483 0.01103263
633.39658477 39.71444649 274.43652298 -0.08333953 0.99636983 -0.01329367 0.01117900
634.57809170 39.92767126 274.66934967 -0.08375146 0.99633031 -0.01353672 0.01133014
635.67129111 40.04265193 274.86030652 -0.08416150 0.99629015 -0.01382522 0.01147352
636.75389901 40.19530232 275.14391642 -0.08435901 0.99626952 -0.01396935 0.01163833
637.79629055 40.36396828 275.38924372 -0.08475011 0.99623077 -0.01420520 0.01182686
639.07740576 40.64733342 275.59210229 -0.08531929 0.99617218 -0.01429923 0.01253529
640.42433742 40.97472799 275.80367332 -0.08592123 0.99610764 -0.01447341 0.01332791
641.73340350 41.26210568 275.99535074 -0.08655911 0.99603868 -0.01464290 0.01414367
643.11698967 41.60369098 276.22381035 -0.08719500 0.99596893 -0.01474476 0.01501720
644.42670030 41.81627749 276.41773127 -0.08780999 0.99589833 -0.01495932 0.01587887
645.74978140 42.10246650 276.67297711 -0.08828860 0.99584176 -0.01501017 0.01670323
647.01362937 42.35879626 276.85184533 -0.08882103 0.99577783 -0.01518985 0.01751028
648.15539059 42.60036167 277.01332958 -0.08928811 0.99572035 -0.01519792 0.01837495
649.34397941 42.88020708 277.18468121 -0.08985706 0.99564961 -0.01529713 0.01932794
650.48809604 43.14543052 277.34472170 -0.09043367 0.99557600 -0.01541153 0.02031397
651.72119646 43.43012310 277.54570588 -0.09099561 0.99550261 -0.01542656 0.02136293
652.90167036 43.59091249 277.69026516 -0.09156874 0.99542394 -0.01564433 0.02239625
654.07652928 43.80903325 277.89156816 -0.09197837 0.99536519 -0.01554993 0.02337355
655.18022215 43.99530496 278.02576678 -0.09236976 0.99530382 -0.01567910 0.02433709
656.41232097 44.20834747 278.14959463 -0.09273156 0.99525352 -0.01569260 0.02500048
657.67525857 44.48150460 278.28883464 -0.09313358 0.99519574 -0.01578034 0.02573998
658.90074667 44.73806951 278.44977327 -0.09356355 0.99513288 -0.01589304 0.02652958
660.19777197 44.99924576 278.60993383 -0.09400744 0.99506885 -0.01589793 0.02734656
661.44958890 45.19224352 278.75555658 -0.09445842 0.99500120 -0.01603911 0.02815954
662.68635115 45.42288517 278.94420289 -0.09477009 0.99495003 -0.01600557 0.02892890
663.86536337 45.61542850 279.05324350 -0.09507099 0.99489789 -0.01605889 0.02969516
664.94691376 45.81717306 279.13889142 -0.09526585 0.99486837 -0.01603443 0.03007055
666.08803347 46.02130244 279.24761444 -0.09551807 0.99483082 -0.01607162 0.03049013
667.17712981 46.20830044 279.32488149 -0.09578794 0.99479035 -0.01609565 0.03094785
668.33795781 46.38057382 279.43210794 -0.09607037 0.99474827 -0.01606967 0.03143451
669.43204075 46.53905391 279.53716773 -0.09639568 0.99470055 -0.01615070 0.03190356
670.54320415 46.71958202 279.67537296 -0.09654712 0.99467214 -0.01611385 0.03234710
671.59994732 46.86339132 279.74655525 -0.09672509 0.99463935 -0.01613254 0.03281096
672.46428034 47.13462272 279.80323137 -0.09709564 0.99459312 -0.01619486 0.03308608
673.40043755 47.42106299 279.87876517 -0.09748374 0.99454249 -0.01629218 0.03341739
674.26776226 47.67817757 279.95016096 -0.09794930 0.99448403 -0.01639573 0.03374368
675.17619421 47.93466310 280.06122386 -0.09843451 0.99442216 -0.01648131 0.03411145
676.05936409 48.13412461 280.17152732 -0.09890548 0.99436188 -0.01661482 0.03444000
676.95016206 48.38587760 280.32086445 -0.09923957 0.99431857 -0.01659003 0.03473976
677.81067745 48.61275883 280.36135637 -0.09966368 0.99426272 -0.01666603 0.03508628
678.79842974 48.80029387 280.46264750 -0.10002149 0.99420738 -0.01672321 0.03560497
679.81644134 49.01922950 280.57765158 -0.10042553 0.99414601 -0.01673487 0.03617137
680.80004020 49.22235108 280.66383421 -0.10093155 0.99407389 -0.01676946 0.03672472
681.84187498 49.42401821 280.82517833 -0.10143135 0.99399867 -0.01684213 0.03734531
682.84239455 49.52743823 280.92554407 -0.10191879 0.99392446 -0.01695964 0.03793559
683.84491199 49.72743237 281.10208263 -0.10230250 0.99386503 -0.01690100 0.03848188
684.84770829 49.90169031 281.17080929 -0.10275944 0.99379448 -0.01696854 0.03905252
685.49770146 50.12144663 281.21820702 -0.10306344 0.99374742 -0.01705361 0.03941026
686.17245673 50.33692556 281.28159795 -0.10338447 0.99369547 -0.01716051 0.03983066
686.81409141 50.53386837 281.30222819 -0.10377631 0.99363629 -0.01725135 0.04024653
687.48408393 50.74939399 281.43951643 -0.10421848 0.99356888 -0.01738827 0.04070681
688.11566392 50.89985148 281.52703797 -0.10463933 0.99350490 -0.01755754 0.04111398
688.76357693 51.09664146 281.63553003 -0.10492319 0.99345972 -0.01755003 0.04148382
689.43328278 51.26505267 281.66061408 -0.10527387 0.99340263 -0.01770924 0.04189289
689.36809589 51.42089062 281.70380238 -0.10555535 0.99336816 -0.01785455 0.04194017
689.35045857 51.56407187 281.72760544 -0.10578608 0.99333440 -0.01811914 0.04204483
689.35191975 51.71633236 281.76447805 -0.10606587 0.99329966 -0.01829281 0.04208546
689.28992825 51.90444512 281.86914541 -0.10639966 0.99325634 -0.01851133 0.04216974
689.20851566 52.04804349 281.86981228 -0.10674063 0.99321393 -0.01868354 0.04223088
689.15872663 52.22149548 281.88306649 -0.10709784 0.99317118 -0.01882246 0.04227018
689.12102968 52.36072161 281.90729693 -0.10739156 0.99313500 -0.01892600 0.04232873
689.08229104 52.22062305 281.92194696 -0.10753145 0.99311944 -0.01891940 0.04234168
689.00767532 52.04539756 281.83990098 -0.10758517 0.99311073 -0.01898917 0.04237821
689.00251981 51.90711606 281.81279687 -0.10778020 0.99308779 -0.01906606 0.04238588
688.92429835 51.81649126 281.86335492 -0.10790307 0.99307185 -0.01916365 0.04240258
688.91963690 51.73077956 281.83430586 -0.10813151 0.99304451 -0.01920203 0.04244355
688.96942317 51.66254072 281.81337237 -0.10832093 0.99302281 -0.01926186 0.04244119
688.97417058 51.59611731 281.79099272 -0.10851764 0.99299975 -0.01924871 0.04248429
688.90210799 51.41001878 281.81665456 -0.10853286 0.99297967 -0.01915776 0.04295309
688.79185014 51.18725420 281.80166350 -0.10857919 0.99295180 -0.01915280 0.04347929
688.77599611 50.94237826 281.86527340 -0.10863751 0.99292512 -0.01909450 0.04396578
688.75109751 50.73451675 281.92209697 -0.10865067 0.99289943 -0.01907162 0.04451999
688.79677882 50.52407489 281.92078141 -0.10876984 0.99286070 -0.01910026 0.04507687
688.86639397 50.31089873 281.93954154 -0.10888353 0.99282839 -0.01898635 0.04555964
688.85932184 50.09155004 281.94480443 -0.10889082 0.99280566 -0.01892800 0.04605903
688.51553561 49.96388876 282.00715344 -0.10858082 0.99284038 -0.01889671 0.04605547
688.11506307 49.83659703 281.99741245 -0.10812451 0.99288519 -0.01900567 0.04611809
687.83743505 49.74930784 282.03035083 -0.10786948 0.99291030 -0.01907829 0.04614467
687.47455698 49.70698009 282.12743226 -0.10755553 0.99294419 -0.01910478 0.04613735
687.12265963 49.65181992 282.14980711 -0.10734576 0.99296763 -0.01902016 0.04615640
686.85724144 49.64076557 282.14829500 -0.10708386 0.99299740 -0.01902766 0.04612114
686.53911903 49.60788394 282.12441941 -0.10678843 0.99302899 -0.01893650 0.04616346
686.24476307 49.89637521 282.14771024 -0.10720416 0.99296388 -0.01922494 0.04648003
686.01286295 50.16929304 282.15383909 -0.10757334 0.99289569 -0.01964702 0.04690552
685.81958648 50.45361959 282.18179793 -0.10807205 0.99281905 -0.01994128 0.04725573
685.58428089 50.78314500 282.28907461 -0.10860827 0.99273231 -0.02030591 0.04769134
685.31044659 51.03977466 282.27833477 -0.10911945 0.99265257 -0.02060732 0.04805374
685.07858844 51.32463280 282.27581889 -0.10959574 0.99258231 -0.02072906 0.04836772
684.87451166 51.53291259 282.25294290 -0.10994287 0.99251905 -0.02105263 0.04873700
684.80038144 51.57748147 282.27728604 -0.11013915 0.99248112 -0.02105969 0.04906201
684.74561563 51.58967250 282.24931889 -0.11032532 0.99243910 -0.02117871 0.04944102
684.76086843 51.58884012 282.28346000 -0.11055292 0.99239765 -0.02117880 0.04976367
684.73925857 51.61421995 282.33982678 -0.11078650 0.99235028 -0.02126432 0.05015073
684.71411186 51.61706837 282.33456842 -0.11100139 0.99230629 -0.02133367 0.05051531
684.71736306 51.63309834 282.33157040 -0.11125270 0.99226276 -0.02128268 0.05083798
684.71240103 51.63608748 282.30820939 -0.11146276 0.99222167 -0.02129276 0.05117448
684.64254419 51.81436400 282.32052780 -0.11172873 0.99217369 -0.02148304 0.05144460
684.64308033 51.98195408 282.29023603 -0.11197346 0.99212198 -0.02179912 0.05177564
684.67379901 52.11761640 282.31357303 -0.11232103 0.99206301 -0.02202767 0.05205525
684.67847756 52.28352624 282.39130481 -0.11266919 0.99199879 -0.02232758 0.05239791
684.64356362 52.42610048 282.38720764 -0.11296661 0.99194350 -0.02257530 0.05269715
684.65863090 52.57841008 282.39912680 -0.11327625 0.99189252 -0.02266542 0.05295278
684.68439906 52.69420609 282.36239311 -0.11353823 0.99184288 -0.02286521 0.05323485
684.68043284 52.81888977 282.37249507 -0.11387633 0.99178825 -0.02297381 0.05348327
684.72727867 52.92104743 282.33773732 -0.11418116 0.99173102 -0.02320857 0.05379226
684.81250625 53.01158124 282.37886339 -0.11457516 0.99166794 -0.02335684 0.05405270
684.87526184 53.14757859 282.44056792 -0.11494166 0.99160239 -0.02357894 0.05437962
684.91723922 53.24180667 282.43656123 -0.11531169 0.99154007 -0.02374332 0.05466040
684.99061931 53.33917581 282.45279570 -0.11568459 0.99148172 -0.02379229 0.05490898
685.06351569 53.42712938 282.42193164 -0.11602922 0.99142380 -0.02390538 0.05517786
685.07339068 53.50455458 282.44282110 -0.11617135 0.99140751 -0.02380646 0.05521429
685.13445090 53.54245099 282.41278731 -0.11620703 0.99139970 -0.02379934 0.05528243
685.23343011 53.56554688 282.43640381 -0.11635851 0.99138097 -0.02373523 0.05532723
685.30141248 53.63579003 282.48096511 -0.11650868 0.99135953 -0.02372199 0.05540102
685.35536051 53.68395617 282.47589863 -0.11665300 0.99134222 -0.02362175 0.05544986
685.44880490 53.73748867 282.50076674 -0.11677780 0.99132883 -0.02347577 0.05548860
685.54475480 53.74661093 282.50340743 -0.11691520 0.99131185 -0.02335948 0.05555161
685.47410026 53.85656408 282.52839192 -0.11718882 0.99127592 -0.02334295 0.05562323
685.46745733 53.92280569 282.51127386 -0.11737946 0.99124269 -0.02347873 0.05575615
685.49935266 53.97481989 282.54322182 -0.11765311 0.99120361 -0.02354848 0.05584464
685.50394755 54.05606004 282.60916187 -0.11793974 0.99116100 -0.02361440 0.05596828
685.47565084 54.11306819 282.60982881 -0.11823990 0.99111875 -0.02366775 0.05606065
685.48600203 54.17308709 282.62566693 -0.11851923 0.99108288 -0.02361763 0.05612593
685.52031889 54.20692110 282.62474771 -0.11875279 0.99104912 -0.02362274 0.05622620
685.49566064 54.30339283 282.63171984 -0.11894709 0.99101297 -0.02363390 0.05644746
685.51744104 54.37694214 282.60272186 -0.11909557 0.99097666 -0.02374952 0.05672275
685.58576844 54.43283712 282.63736996 -0.11932362 0.99093391 -0.02381774 0.05696124
685.63937164 54.52273129 282.70488842 -0.11955809 0.99088640 -0.02392103 0.05725190
685.65788149 54.58999153 282.70002619 -0.11978012 0.99084388 -0.02396043 0.05750679
685.72308998 54.66047074 282.71118824 -0.12000445 0.99080525 -0.02390553 0.05772703
685.78600843 54.71456898 282.68722400 -0.12018790 0.99076885 -0.02389821 0.05797263
685.76594523 54.76953682 282.70004498 -0.12032933 0.99074717 -0.02381342 0.05808459
685.78670961 54.79158496 282.65512286 -0.12041888 0.99072661 -0.02384039 0.05823850
685.85615418 54.79247276 282.68246025 -0.12056872 0.99070277 -0.02378893 0.05835481
685.89938982 54.84244181 282.72176637 -0.12071974 0.99067498 -0.02379824 0.05851038
685.93561317 54.87396975 282.70133189 -0.12086467 0.99065088 -0.02374255 0.05864176
685.93802518 54.90008842 282.68712240 -0.12109559 0.99062291 -0.02363063 0.05868300
685.94144952 54.88011729 282.67492378 -0.12126510 0.99059958 -0.02359464 0.05874133
685.90667079 54.83024387 282.67679020 -0.12147200 0.99058039 -0.02344368 0.05869792
685.88608494 54.82883784 282.70853702 -0.12172398 0.99055372 -0.02334591 0.05866483
685.81209767 54.79723742 282.68184759 -0.12197147 0.99052667 -0.02327872 0.05863419
685.74065516 54.76014005 282.69056982 -0.12225748 0.99049333 -0.02321657 0.05862647
685.68883122 54.70188961 282.69833237 -0.12255594 0.99046275 -0.02306633 0.05857925
