580.65944400 42.09431700 260.68860200 -0.00254911 0.99322617 -0.07144954 0.09159798
580.75118367 42.11940677 260.72482859 -0.00252467 0.99323238 -0.07137360 0.09159084
580.82140813 42.09755588 260.70638651 -0.00239225 0.99322804 -0.07145941 0.09157449
580.95901608 42.08466522 260.74526120 -0.00225444 0.99323899 -0.07132724 0.09156223
581.05391980 42.13777793 260.78384418 -0.00222971 0.99324232 -0.07129595 0.09155112
581.13039037 42.17271470 260.80307947 -0.00213271 0.99324949 -0.07120121 0.09154937
581.23626014 42.16087451 260.81592560 -0.00216694 0.99324803 -0.07123333 0.09153947
581.35036705 42.15560186 260.83030404 -0.00216563 0.99326101 -0.07107711 0.09152010
581.39299568 42.23268785 260.84169412 -0.00214951 0.99326005 -0.07108511 0.09152459
581.41037756 42.27735982 260.81013467 -0.00203695 0.99324882 -0.07125367 0.09151806
581.48935278 42.32608256 260.81741613 -0.00192051 0.99325229 -0.07122011 0.09150904
581.52463365 42.44186760 260.82585233 -0.00193370 0.99324840 -0.07127424 0.09150880
581.52273679 42.53230455 260.80721216 -0.00186255 0.99324827 -0.07126658 0.09151768
581.57008116 42.57368162 260.79025647 -0.00190795 0.99324232 -0.07135069 0.09151576
581.61485827 42.61606382 260.78644022 -0.00189731 0.99324830 -0.07128246 0.09150423
581.69537805 42.64241557 260.80631400 -0.00184626 0.99325393 -0.07119254 0.09151414
581.75174304 42.62995017 260.75183976 -0.00168731 0.99325106 -0.07123650 0.09151420
581.87023044 42.63412667 260.75785414 -0.00151827 0.99326072 -0.07110663 0.09151330
581.93405902 42.69591747 260.75341908 -0.00148428 0.99326402 -0.07106070 0.09151369
581.97663766 42.74962039 260.74707454 -0.00137011 0.99327057 -0.07095311 0.09152791
582.06093208 42.75365051 260.72461745 -0.00137914 0.99326818 -0.07098002 0.09153284
582.14240418 42.75284661 260.71263539 -0.00135614 0.99328033 -0.07081003 0.09153302
582.21959544 42.78452745 260.73361957 -0.00133296 0.99328421 -0.07075593 0.09153307
582.28486175 42.77682767 260.69479014 -0.00120454 0.99327892 -0.07084609 0.09152252
582.39445240 42.77855605 260.69868103 -0.00105907 0.99328845 -0.07073048 0.09151029
582.45627836 42.85536842 260.69954598 -0.00104791 0.99329181 -0.07070359 0.09149468
582.48054830 42.92317349 260.68946869 -0.00096800 0.99329581 -0.07065329 0.09149100
582.54859078 42.94580015 260.66414998 -0.00100581 0.99329189 -0.07071551 0.09148511
582.62772625 42.95533288 260.64894978 -0.00100682 0.99330254 -0.07059988 0.09145873
582.74682617 43.02938572 260.68042816 -0.00095949 0.99329661 -0.07062536 0.09150402
582.85147402 43.06592032 260.65342885 -0.00082790 0.99327915 -0.07082489 0.09154057
583.00465574 43.12485323 260.66446667 -0.00067734 0.99327674 -0.07080506 0.09158327
583.11971023 43.23178311 260.69773996 -0.00065045 0.99326682 -0.07089374 0.09162244
583.19439389 43.33426328 260.72445845 -0.00052924 0.99325930 -0.07092294 0.09168212
583.31809791 43.38879781 260.72094068 -0.00052509 0.99324398 -0.07108041 0.09172621
583.44232636 43.45640991 260.71430427 -0.00049353 0.99324456 -0.07103599 0.09175445
583.57006200 43.50261088 260.74439048 -0.00042034 0.99324253 -0.07099557 0.09180808
583.64631028 43.50307828 260.69333467 -0.00023910 0.99323277 -0.07106534 0.09186039
583.80685252 43.51567020 260.71630868 -0.00006474 0.99323525 -0.07096707 0.09190980
583.92201713 43.59263579 260.73222354 -0.00000092 0.99322925 -0.07097040 0.09197210
584.03700007 43.64949304 260.73003221 0.00012119 0.99322782 -0.07090521 0.09203771
584.19311219 43.66030193 260.72838502 0.00013302 0.99321976 -0.07095225 0.09208842
584.32807761 43.68344745 260.70286470 0.00019991 0.99322185 -0.07085139 0.09214336
584.44625024 43.72083513 260.74730498 0.00021550 0.99322222 -0.07079357 0.09218378
584.52988756 43.72379847 260.74428082 0.00031951 0.99321291 -0.07089167 0.09220837
584.68434874 43.74553496 260.79528764 0.00043969 0.99321820 -0.07077987 0.09223676
584.79560766 43.82572055 260.84120477 0.00043088 0.99321627 -0.07076008 0.09227276
584.87597340 43.89046000 260.87303294 0.00050389 0.99321601 -0.07069742 0.09232323
585.01426200 43.91230536 260.89819103 0.00044965 0.99320935 -0.07074524 0.09235852
585.14825473 43.94353091 260.91196107 0.00044781 0.99321557 -0.07062292 0.09238527
585.21601416 43.89187088 260.89894179 0.00044806 0.99321593 -0.07054298 0.09244241
585.27961301 43.78045623 260.81060503 0.00053596 0.99321023 -0.07057211 0.09248100
585.42897066 43.71583210 260.81121896 0.00067797 0.99321957 -0.07041051 0.09250286
585.47280531 43.71078269 260.78940623 0.00072692 0.99322048 -0.07036489 0.09252745
585.54191430 43.65892965 260.77137364 0.00079923 0.99322287 -0.07026224 0.09257925
585.67746252 43.59529078 260.73916016 0.00076239 0.99321660 -0.07030443 0.09261471
585.82831275 43.51894980 260.71599124 0.00075937 0.99322473 -0.07016637 0.09263229
585.66172520 43.24114108 260.79214885 0.00059343 0.99317396 -0.07015040 0.09318827
585.48460748 42.91543416 260.80081735 0.00034446 0.99310218 -0.07034615 0.09380493
585.39055092 42.53628871 260.90576851 0.00017517 0.99304783 -0.07037361 0.09435854
585.22246272 42.25638872 261.02459550 0.00005051 0.99298134 -0.07048970 0.09496976
585.15144040 41.97229992 261.07469461 -0.00023044 0.99290453 -0.07071267 0.09560469
585.14940739 41.63231866 261.16609448 -0.00061413 0.99284639 -0.07078531 0.09615152
585.10423908 41.31531695 261.25888296 -0.00077517 0.99278849 -0.07087635 0.09667968
584.97897868 41.16298674 261.33212480 -0.00067773 0.99276405 -0.07092224 0.09689747
584.88150410 40.96920022 261.30490580 -0.00054770 0.99273111 -0.07108557 0.09711584
584.87278302 40.80714777 261.30997543 -0.00038786 0.99271280 -0.07106869 0.09731594
584.70034142 40.75551312 261.39673609 -0.00024774 0.99268874 -0.07113273 0.09751477
584.56763317 40.67530170 261.41458741 -0.00021818 0.99265900 -0.07121383 0.09775818
584.52899361 40.58636651 261.43359555 -0.00025778 0.99262880 -0.07136557 0.09795388
584.47917173 40.53097496 261.45781360 -0.00020792 0.99260904 -0.07138238 0.09814173
584.15770588 40.43760941 261.49104545 0.00005937 0.99251629 -0.07161819 0.09890525
583.83459567 40.31710355 261.37356323 -0.00002087 0.99243347 -0.07163282 0.09972234
583.62240306 40.16955790 261.30262135 -0.00073362 0.99231855 -0.07210096 0.10052272
583.43749483 39.94716801 261.33421195 -0.00083726 0.99219300 -0.07257560 0.10141561
583.38958316 39.74978604 261.34679957 -0.00102332 0.99206380 -0.07315231 0.10226000
583.40330719 39.47642000 261.45271589 -0.00077351 0.99200429 -0.07298207 0.10295877
583.25765628 39.18898899 261.25281062 -0.00070129 0.99187267 -0.07350098 0.10385433
583.24969017 39.30854167 261.26283300 -0.00088923 0.99186576 -0.07354614 0.10388685
583.24835087 39.37735876 261.19920892 -0.00096927 0.99184956 -0.07367266 0.10395116
583.31616151 39.47029365 261.18086915 -0.00106477 0.99185558 -0.07358907 0.10395202
583.26575218 39.68979273 261.21633237 -0.00126220 0.99184671 -0.07365832 0.10398540
583.20383750 39.82309952 261.12827463 -0.00140823 0.99184584 -0.07364176 0.10400355
583.19836874 39.96063920 261.07148048 -0.00166798 0.99183591 -0.07372703 0.10403399
583.21341205 40.05529291 261.05350657 -0.00180309 0.99183598 -0.07370022 0.10405002
583.24399408 39.97039690 261.11910887 -0.00185968 0.99182921 -0.07373947 0.10408576
583.29446548 39.85442308 261.08738505 -0.00182563 0.99181752 -0.07387539 0.10410141
583.38840869 39.74606586 261.09971185 -0.00179804 0.99181319 -0.07389170 0.10413153
583.40722706 39.71113091 261.13437393 -0.00181581 0.99180333 -0.07399498 0.10415185
583.45298770 39.68358721 261.15086168 -0.00184443 0.99179445 -0.07404143 0.10420287
583.56528442 39.64531248 261.16131146 -0.00196053 0.99177740 -0.07423276 0.10422688
583.68100937 39.61207263 261.18505077 -0.00205784 0.99177398 -0.07423534 0.10425567
583.93381871 39.86305690 261.23794871 -0.00223399 0.99178107 -0.07433211 0.10411555
584.17512361 40.12666565 261.19813444 -0.00220753 0.99178170 -0.07446489 0.10401524
584.43339031 40.46211995 261.19943792 -0.00222201 0.99179877 -0.07442511 0.10388055
584.62470481 40.91017958 261.23452342 -0.00243302 0.99180382 -0.07449540 0.10377718
584.79105833 41.29907981 261.22569675 -0.00257222 0.99182206 -0.07446597 0.10362049
585.04694603 41.60755689 261.18275316 -0.00275396 0.99182680 -0.07454306 0.10351494
585.31872523 41.93956590 261.17573933 -0.00278974 0.99183698 -0.07457242 0.10339525
586.14480023 42.08039606 261.31881774 -0.00323728 0.99181741 -0.07480718 0.10340034
586.90130587 42.20032424 261.38412072 -0.00353305 0.99179817 -0.07497920 0.10345062
587.63417192 42.42519917 261.49021195 -0.00394889 0.99178272 -0.07512277 0.10347957
588.40358174 42.66771968 261.62500347 -0.00444766 0.99176071 -0.07527941 0.10355639
589.22786248 42.91705521 261.68565986 -0.00486752 0.99174543 -0.07537576 0.10361370
590.05229063 43.11987226 261.83034942 -0.00522824 0.99171693 -0.07561370 0.10369552
590.88139056 43.34767576 261.91340031 -0.00554233 0.99169396 -0.07582627 0.10374368
591.82655494 43.53609896 262.12307128 -0.00597424 0.99170449 -0.07603746 0.10346406
592.69385082 43.68054302 262.18123173 -0.00621700 0.99171366 -0.07622555 0.10322321
593.58492755 43.87820514 262.25893148 -0.00662190 0.99172686 -0.07635147 0.10297788
594.46485772 44.15011977 262.38953108 -0.00711326 0.99172956 -0.07655520 0.10276765
595.41842546 44.42709486 262.46751836 -0.00748309 0.99174569 -0.07663200 0.10252821
596.38680430 44.64021816 262.61514352 -0.00772991 0.99174513 -0.07686201 0.10234293
597.31515286 44.85339645 262.70756905 -0.00798776 0.99174019 -0.07717899 0.10213222
598.08622673 45.16018077 262.81217884 -0.00828794 0.99175843 -0.07735817 0.10179514
598.74798339 45.38244190 262.78061827 -0.00833159 0.99178016 -0.07746506 0.10149810
599.46010710 45.67426316 262.81056285 -0.00852448 0.99180368 -0.07753319 0.10119976
600.15536422 46.01183666 262.83741155 -0.00884429 0.99181458 -0.07771874 0.10092280
600.94097900 46.35586924 262.89577022 -0.00899497 0.99184454 -0.07775417 0.10058724
601.75396855 46.58665482 262.95552313 -0.00905368 0.99186107 -0.07789561 0.10030914
602.49838836 46.84515408 262.97773891 -0.00911923 0.99186957 -0.07814408 0.10002548
603.83808204 47.19056136 263.32569135 -0.00954981 0.99185124 -0.07827402 0.10006545
605.10501324 47.44174711 263.51126531 -0.00989556 0.99181375 -0.07852136 0.10020954
606.48364734 47.76298616 263.78684211 -0.01031667 0.99178251 -0.07867678 0.10035432
607.82135017 48.10924403 264.05330706 -0.01088332 0.99174138 -0.07883635 0.10057548
609.29530684 48.42767886 264.24058555 -0.01130851 0.99171541 -0.07888130 0.10074926
610.74185712 48.71207405 264.56404450 -0.01154476 0.99167488 -0.07904833 0.10099020
612.09603596 49.02359803 264.79569731 -0.01173221 0.99162520 -0.07939412 0.10118493
613.29016843 49.27840551 265.07375064 -0.01202057 0.99163390 -0.07957352 0.10092459
614.43045170 49.45243518 265.24561165 -0.01219718 0.99163394 -0.07979492 0.10072799
615.61605134 49.71006230 265.45726066 -0.01244120 0.99163577 -0.07996396 0.10054588
616.75157066 50.02698463 265.68257384 -0.01284318 0.99162843 -0.08016837 0.10040492
617.99254580 50.31483369 265.83375414 -0.01313267 0.99163842 -0.08021364 0.10023246
619.24150274 50.56912897 266.09611220 -0.01328301 0.99162738 -0.08046646 0.10011914
620.41669042 50.85420791 266.28409986 -0.01340367 0.99161325 -0.08078613 0.09998554
621.84117019 51.14066394 266.69957777 -0.01379594 0.99157527 -0.08096969 0.10016023
623.25731202 51.39279505 267.05050407 -0.01414400 0.99151836 -0.08128313 0.10042077
624.76595006 51.70793791 267.42331982 -0.01448659 0.99146812 -0.08148334 0.10070540
626.20340352 52.03247563 267.82199253 -0.01497898 0.99140722 -0.08169603 0.10105998
627.73834096 52.33746357 268.14763108 -0.01537122 0.99135817 -0.08179816 0.10139905
629.24101547 52.63362413 268.55531610 -0.01566870 0.99129333 -0.08207893 0.10175986
630.72582492 52.93418068 268.91039078 -0.01590527 0.99122787 -0.08243302 0.10207412
631.98783745 53.15016320 269.31468052 -0.01621789 0.99122795 -0.08252514 0.10194962
633.23290853 53.30409362 269.56685657 -0.01646150 0.99121894 -0.08266381 0.10188584
634.61491706 53.47912215 269.94254399 -0.01685433 0.99120077 -0.08284367 0.10185231
635.92006386 53.70943191 270.33899406 -0.01728124 0.99117644 -0.08297697 0.10190898
637.41372394 53.91245424 270.62403821 -0.01764671 0.99116567 -0.08301625 0.10191915
638.92626901 54.11584791 271.07874669 -0.01778805 0.99114679 -0.08309394 0.10201481
640.36324084 54.29610649 271.45559497 -0.01798572 0.99110148 -0.08350538 0.10208442
641.62378713 54.46177229 271.76862831 -0.01841567 0.99110085 -0.08366424 0.10188362
642.86275727 54.60178457 271.99310084 -0.01872816 0.99109430 -0.08383729 0.10174798
644.14642677 54.75997911 272.28060137 -0.01920583 0.99108208 -0.08403724 0.10161290
645.36948393 54.95991206 272.61031123 -0.01970651 0.99106244 -0.08425924 0.10152470
646.68639543 55.15394920 272.82593260 -0.02015546 0.99105751 -0.08435318 0.10140666
648.04766326 55.32783405 273.14955131 -0.02049595 0.99103807 -0.08459321 0.10132846
649.33088212 55.49798105 273.42600885 -0.02088459 0.99100984 -0.08492172 0.10125032
650.72121081 55.93737427 273.76432880 -0.02131624 0.99101173 -0.08509492 0.10099612
652.06070992 56.29052233 274.00912198 -0.02164164 0.99099302 -0.08540462 0.10084903
653.50555550 56.67430548 274.30476215 -0.02206132 0.99097593 -0.08565456 0.10071391
654.87306134 57.09649604 274.61891856 -0.02260926 0.99094936 -0.08593029 0.10061897
656.35198301 57.51978532 274.87973121 -0.02303716 0.99094630 -0.08602593 0.10047015
657.80734956 57.87935737 275.24942358 -0.02336495 0.99092209 -0.08632834 0.10037387
659.19476392 58.25592298 275.55512353 -0.02366806 0.99088644 -0.08675750 0.10028473
660.73349905 58.57714171 275.94286624 -0.02399764 0.99083038 -0.08694704 0.10059567
662.27186192 58.86071532 276.25399801 -0.02439026 0.99074865 -0.08729098 0.10100745
663.89303059 59.20709236 276.58108730 -0.02473491 0.99067470 -0.08754360 0.10142952
665.42889977 59.52936858 276.92530836 -0.02522297 0.99058936 -0.08779572 0.10192363
667.09354600 59.89189199 277.19756089 -0.02560145 0.99051789 -0.08793828 0.10239989
668.72747160 60.24323615 277.57558504 -0.02587735 0.99043369 -0.08822436 0.10289771
670.30611200 60.57188371 277.88511095 -0.02609681 0.99034599 -0.08860298 0.10336001
671.58761805 60.82698390 278.12690539 -0.02627692 0.99037260 -0.08865047 0.10301808
672.81159601 60.99017473 278.28109102 -0.02638630 0.99038704 -0.08878127 0.10273836
674.06574662 61.23081532 278.45402976 -0.02652184 0.99040404 -0.08884090 0.10248767
675.25481858 61.50339479 278.67261627 -0.02681728 0.99041118 -0.08894912 0.10224763
676.49040015 61.79608273 278.82161149 -0.02698347 0.99044005 -0.08888045 0.10198369
677.77649009 62.03419378 279.03926943 -0.02707579 0.99044638 -0.08903605 0.10176171
678.99421741 62.25781177 279.22146941 -0.02715277 0.99044820 -0.08923848 0.10154596
679.93105638 62.39046698 279.41476977 -0.02744160 0.99044245 -0.08923230 0.10152984
680.83119677 62.49664299 279.59392220 -0.02760566 0.99042785 -0.08929005 0.10157697
681.72430872 62.63924331 279.77920726 -0.02783539 0.99041650 -0.08930282 0.10161372
682.62895478 62.80785452 279.98122721 -0.02816624 0.99039583 -0.08937046 0.10166456
683.52565203 62.98047552 280.18610486 -0.02842061 0.99038543 -0.08935721 0.10170669
684.48626753 63.16211350 280.41164968 -0.02867707 0.99036227 -0.08945387 0.10177526
685.41304711 63.31315263 280.58463301 -0.02894294 0.99034630 -0.08949842 0.10181622
686.36613703 63.27750626 280.75772203 -0.02928278 0.99027933 -0.08963109 0.10225279
687.28140231 63.21064866 280.88266959 -0.02971621 0.99020389 -0.08977888 0.10272759
688.21124818 63.21950310 281.02107547 -0.03009121 0.99012825 -0.08993217 0.10321230
689.14017620 63.24654913 281.19585972 -0.03055041 0.99005065 -0.09002123 0.10374279
690.10695884 63.27856037 281.26780372 -0.03099437 0.98996327 -0.09018147 0.10430420
691.04302208 63.33636520 281.40003390 -0.03137451 0.98987648 -0.09037015 0.10484955
692.02444374 63.35697647 281.51093433 -0.03166907 0.98979923 -0.09055610 0.10532874
692.23481701 63.31002850 281.51673091 -0.03165316 0.98978531 -0.09046992 0.10553819
692.44846280 63.21682065 281.47813305 -0.03161995 0.98975460 -0.09053613 0.10577907
692.65607230 63.17797880 281.48258593 -0.03150558 0.98974259 -0.09045043 0.10599866
692.81578344 63.13915887 281.51438704 -0.03149733 0.98972140 -0.09042537 0.10622017
693.00152640 63.13433251 281.55365833 -0.03146892 0.98969937 -0.09039057 0.10646314
693.22036236 63.14843757 281.55330456 -0.03149380 0.98966914 -0.09044872 0.10668725
693.44236651 63.14712555 281.54184074 -0.03149490 0.98965769 -0.09035353 0.10687356
693.25198204 62.95184695 281.71875968 -0.03109963 0.98965959 -0.09031361 0.10700541
693.04192658 62.71607467 281.84840929 -0.03072994 0.98963072 -0.09051933 0.10720519
692.88299145 62.48635015 281.93469623 -0.03028956 0.98962903 -0.09052753 0.10733912
692.61374027 62.35980540 282.15278763 -0.02980820 0.98962742 -0.09051084 0.10750266
692.40518234 62.18671863 282.29231886 -0.02953981 0.98960881 -0.09054655 0.10771780
692.20653995 62.06871528 282.36969002 -0.02935085 0.98959399 -0.09059018 0.10786883
692.01857880 61.94143288 282.47088035 -0.02893278 0.98959523 -0.09054348 0.10800947
690.83752523 61.74949721 282.36604800 -0.02820764 0.98969051 -0.09027035 0.10755594
689.69885246 61.54095617 282.29171183 -0.02746582 0.98977021 -0.09013204 0.10712974
688.57968491 61.32719438 282.16825171 -0.02691692 0.98985305 -0.08995641 0.10665023
687.37638230 61.08940185 282.09412525 -0.02623449 0.98994987 -0.08971206 0.10612614
686.25077838 60.81545794 281.99041479 -0.02577359 0.99004291 -0.08940674 0.10562758
685.12041122 60.66291536 281.90191355 -0.02500740 0.99013869 -0.08912999 0.10514681
684.04758712 60.38182115 281.76334201 -0.02440517 0.99022107 -0.08884246 0.10475515
682.72531609 60.26779139 281.59883392 -0.02394947 0.99031743 -0.08858699 0.10416405
681.40385862 60.11551910 281.47484754 -0.02348830 0.99040415 -0.08843133 0.10357523
680.10609833 59.94165036 281.30864924 -0.02321503 0.99049246 -0.08825407 0.10294153
678.78765118 59.74831182 281.22225855 -0.02274626 0.99059463 -0.08799830 0.10227995
677.47288386 59.50857379 281.09471423 -0.02248239 0.99068420 -0.08779615 0.10164251
676.14692706 59.35010176 280.96817578 -0.02191409 0.99078465 -0.08753978 0.10100661
674.91813602 59.08033310 280.76277070 -0.02150649 0.99086725 -0.08731721 0.10047524
673.69495274 59.07787183 280.57391876 -0.02104050 0.99095394 -0.08726039 0.09976581
672.45556586 59.05371873 280.40905652 -0.02053685 0.99103806 -0.08721979 0.09906820
671.27662802 59.02235390 280.15405916 -0.02031111 0.99111320 -0.08724030 0.09834228
670.06119491 58.98769654 280.00715854 -0.01989432 0.99119860 -0.08723732 0.09756644
668.87141677 58.88619029 279.81554853 -0.01957243 0.99127381 -0.08726679 0.09683836
667.65852607 58.82023075 279.61549234 -0.01893675 0.99135930 -0.08724599 0.09610549
666.52198934 58.69681548 279.33230863 -0.01856189 0.99142760 -0.08722934 0.09548721
665.07669378 58.69885747 279.06152380 -0.01800548 0.99153119 -0.08716800 0.09456980
663.61360447 58.71940014 278.80802847 -0.01738661 0.99163726 -0.08707789 0.09365200
662.22136811 58.74735775 278.48329156 -0.01713305 0.99172488 -0.08712944 0.09271832
660.80234852 58.73832148 278.25840702 -0.01656839 0.99182487 -0.08713569 0.09174037
659.37710262 58.68908023 278.02131286 -0.01619641 0.99191603 -0.08715356 0.09079939
657.97421198 58.67526159 277.75489155 -0.01539679 0.99201779 -0.08711481 0.08985912
656.62222963 58.58572118 277.41252084 -0.01485162 0.99209594 -0.08712976 0.08907003
655.39897191 58.50561731 277.21595954 -0.01436736 0.99220569 -0.08689243 0.08815409
654.10628719 58.39735917 277.10102439 -0.01373249 0.99232239 -0.08657117 0.08725326
652.87170190 58.31372002 276.86926724 -0.01345360 0.99241853 -0.08644355 0.08632481
651.63076834 58.20664913 276.76535915 -0.01290880 0.99253458 -0.08615895 0.08535285
650.36268904 57.99898636 276.59914293 -0.01258363 0.99263359 -0.08598464 0.08442062
649.09174637 57.85516264 276.46811298 -0.01186708 0.99273281 -0.08583952 0.08350035
647.90177724 57.64629369 276.28097263 -0.01144905 0.99281861 -0.08565623 0.08272327
646.63568515 57.63150161 276.05269723 -0.01114763 0.99290006 -0.08570445 0.08173094
645.28945887 57.61561734 275.88587035 -0.01073500 0.99298633 -0.08569820 0.08073859
643.97687340 57.62141763 275.60997087 -0.01064478 0.99305275 -0.08587852 0.07973588
642.73128703 57.59783817 275.44799435 -0.01026395 0.99313021 -0.08597281 0.07871284
641.48546072 57.51478494 275.24629379 -0.01008079 0.99319708 -0.08614217 0.07770108
640.19310907 57.47980902 275.09725365 -0.00947293 0.99326799 -0.08625869 0.07673596
638.95255407 57.40074943 274.84420162 -0.00919382 0.99332783 -0.08635592 0.07588122
637.32248915 57.24342155 274.65141846 -0.00885321 0.99332289 -0.08637278 0.07596711
635.68620008 57.00161885 274.58510312 -0.00863770 0.99326986 -0.08690539 0.07607780
634.13781989 56.80785239 274.47760635 -0.00849590 0.99323672 -0.08722338 0.07616245
632.62744802 56.48116312 274.36407918 -0.00813149 0.99319773 -0.08751691 0.07637374
631.16194312 56.22542091 274.21356679 -0.00790408 0.99319379 -0.08753605 0.07642680
629.74807533 56.12132181 274.17104800 -0.00745354 0.99320011 -0.08740451 0.07654046
628.39422073 55.83631704 274.09377410 -0.00690294 0.99317924 -0.08756176 0.07668303
627.10307845 55.92490270 274.05763208 -0.00654769 0.99298422 -0.08806437 0.07863932
625.85378507 56.02851567 273.99867591 -0.00684737 0.99277470 -0.08851120 0.08072970
624.79607139 56.15798895 273.90536381 -0.00772386 0.99254953 -0.08911931 0.08272557
623.71747930 56.14421439 273.96327432 -0.00791966 0.99228613 -0.08991876 0.08497131
622.73916594 56.14922924 273.87948673 -0.00810372 0.99201992 -0.09081157 0.08708659
621.81773457 56.05127146 273.88267941 -0.00790292 0.99186708 -0.09064390 0.08899951
620.82803627 55.97696312 273.66558404 -0.00756570 0.99162021 -0.09135193 0.09103263
620.65940388 55.73646311 273.62878981 -0.00741475 0.99169019 -0.09121443 0.09041856
620.52943220 55.35608937 273.55464640 -0.00725821 0.99175669 -0.09112992 0.08978492
620.43218640 55.04119687 273.50632864 -0.00695537 0.99183636 -0.09091584 0.08914357
620.24618107 54.79894362 273.50334280 -0.00672500 0.99192185 -0.09065004 0.08847823
620.12715523 54.51386149 273.41408880 -0.00654153 0.99199184 -0.09048665 0.08787246
619.96277578 54.31249880 273.34915787 -0.00637921 0.99204549 -0.09049117 0.08727199
619.90347310 54.00026396 273.27817552 -0.00630993 0.99211471 -0.09030431 0.08668176
618.52634612 53.91401749 273.12005661 -0.00612168 0.99214993 -0.09029946 0.08629632
617.19673143 53.70892031 273.00665387 -0.00593299 0.99216324 -0.09051539 0.08592940
615.90821199 53.53537331 272.93620901 -0.00584225 0.99218215 -0.09071449 0.08550628
614.61558021 53.37083055 272.84112443 -0.00553178 0.99219139 -0.09091261 0.08520884
613.39073884 53.18130127 272.75597349 -0.00542834 0.99222989 -0.09084668 0.08483672
612.21721938 53.15758231 272.69273654 -0.00512717 0.99227831 -0.09066992 0.08447743
611.10169418 52.94995109 272.62991994 -0.00470434 0.99230713 -0.09067701 0.08415524
610.69814306 53.10311456 272.57314076 -0.00471841 0.99230616 -0.09097420 0.08384461
610.33734270 53.21014195 272.42943946 -0.00466137 0.99231192 -0.09113464 0.08360502
610.11319529 53.33325585 272.37350284 -0.00508326 0.99229415 -0.09156475 0.08332092
609.87078132 53.43631308 272.33264486 -0.00524658 0.99226826 -0.09206232 0.08307053
609.73541669 53.48227813 272.28216677 -0.00534021 0.99226883 -0.09230231 0.08279086
609.52136397 53.55544949 272.31630991 -0.00521089 0.99228489 -0.09243447 0.08245849
609.31221657 53.60905271 272.22489773 -0.00516881 0.99227006 -0.09275168 0.08228329
609.32730187 53.69678636 272.24118790 -0.00523110 0.99228179 -0.09267356 0.08222586
609.34599885 53.75016059 272.24961451 -0.00516920 0.99227989 -0.09275032 0.08216620
609.40443522 53.79348975 272.25460769 -0.00510588 0.99229867 -0.09261307 0.08209805
609.42787154 53.94173104 272.29344142 -0.00516365 0.99230476 -0.09259654 0.08203950
609.39758092 54.05268307 272.26677673 -0.00515068 0.99231987 -0.09250104 0.08196523
609.44030152 54.11215297 272.26215358 -0.00523501 0.99232592 -0.09249090 0.08189810
609.48048733 54.15326567 272.27145259 -0.00527623 0.99234467 -0.09234352 0.08183456
609.54922170 54.12260426 272.27297194 -0.00515001 0.99237439 -0.09204848 0.08181454
609.57712506 54.02260832 272.22156889 -0.00492607 0.99239627 -0.09185770 0.08177733
609.69026064 53.94280261 272.22978188 -0.00465207 0.99243603 -0.09148513 0.08172850
609.75422515 53.91941144 272.23040594 -0.00447880 0.99246518 -0.09121736 0.08168354
609.84097863 53.86542883 272.24147295 -0.00425076 0.99249605 -0.09091553 0.08165714
609.95649884 53.76462641 272.24472624 -0.00413017 0.99251785 -0.09071274 0.08162385
610.07092785 53.66577994 272.25613278 -0.00401679 0.99255259 -0.09038007 0.08157613
610.08599633 53.62479569 272.29870642 -0.00406563 0.99253910 -0.09036368 0.08175584
610.07992774 53.53387974 272.27140297 -0.00405415 0.99251557 -0.09046916 0.08192520
610.15863159 53.44318791 272.30390357 -0.00401892 0.99250490 -0.09043130 0.08209777
610.17725409 53.43258483 272.35707910 -0.00406005 0.99248594 -0.09046934 0.08228285
610.23011236 53.40584935 272.37158449 -0.00406554 0.99246750 -0.09048656 0.08248580
610.30229604 53.33043971 272.37831364 -0.00418901 0.99244294 -0.09058475 0.08266722
610.37645820 53.28266215 272.38814012 -0.00425738 0.99243523 -0.09051585 0.08283158
610.44281397 53.32756682 272.38799947 -0.00424339 0.99245180 -0.09042482 0.08273317
610.47351619 53.31037424 272.34746769 -0.00415127 0.99245797 -0.09047760 0.08260596
610.56454427 53.30372767 272.35618116 -0.00403161 0.99248245 -0.09032561 0.08248401
610.61376096 53.36151901 272.36765809 -0.00401669 0.99249803 -0.09026089 0.08236807
610.64414900 53.41891121 272.35724953 -0.00393250 0.99251768 -0.09014882 0.08225798
610.69870976 53.40044927 272.34584176 -0.00397845 0.99252854 -0.09013211 0.08214304
610.76726108 53.39402996 272.34436448 -0.00399044 0.99255415 -0.08995664 0.08202524
610.82442983 53.42393960 272.36592178 -0.00397569 0.99256683 -0.08981473 0.08202798
610.84612385 53.38945184 272.34029399 -0.00384972 0.99257158 -0.08977751 0.08201733
610.93624367 53.37203182 272.36246532 -0.00371774 0.99259314 -0.08955385 0.08200693
610.99411065 53.41975533 272.38321123 -0.00369617 0.99260260 -0.08945144 0.08200525
611.03661132 53.46509532 272.39600525 -0.00360430 0.99261773 -0.08929018 0.08200195
611.11432934 53.42154421 272.39546450 -0.00364906 0.99262163 -0.08924193 0.08200520
611.18634832 53.38854068 272.39576766 -0.00363862 0.99264164 -0.08903202 0.08199171
611.26083426 53.46978455 272.39360834 -0.00366573 0.99264910 -0.08900422 0.08193028
611.30502438 53.48472798 272.35702278 -0.00359736 0.99264643 -0.08911557 0.08184462
611.40436951 53.50649723 272.36351560 -0.00353805 0.99266190 -0.08902283 0.08176043
611.47193568 53.59239469 272.37080090 -0.00356447 0.99266542 -0.08905177 0.08168495
611.49465721 53.64133846 272.35073184 -0.00352401 0.99267857 -0.08894907 0.08163886
611.48742493 53.62233245 272.34685741 -0.00352017 0.99268136 -0.08897679 0.08157484
611.52215701 53.61563902 272.31757998 -0.00346492 0.99270387 -0.08878518 0.08151200
611.49813897 53.61707757 272.32083911 -0.00341292 0.99272458 -0.08861691 0.08144505
611.42050828 53.60856517 272.34632016 -0.00328789 0.99274381 -0.08843816 0.08141017
611.37593381 53.54809691 272.35326065 -0.00332042 0.99275056 -0.08839003 0.08137873
611.33737037 53.49807034 272.35988398 -0.00334512 0.99277653 -0.08816962 0.08130004
