580.90494100 112.61896300 259.68895500 0.02537745 0.99916583 0.00423290 0.03171262
580.95435316 112.70362918 259.68961730 0.02541495 0.99915992 0.00425914 0.03186524
580.98135792 112.79520610 259.65574076 0.02549126 0.99915359 0.00412087 0.03202046
581.07074923 112.87261356 259.65874231 0.02561770 0.99914576 0.00414937 0.03216001
581.12896839 112.97670520 259.67186820 0.02566762 0.99913948 0.00407520 0.03232433
581.12704794 113.10442707 259.66608756 0.02578395 0.99913050 0.00408512 0.03250774
581.18666783 113.18564924 259.61088428 0.02575187 0.99912685 0.00401706 0.03265349
581.22906469 113.28303146 259.57002160 0.02577053 0.99912146 0.00409477 0.03279365
581.28965579 113.32940971 259.55444652 0.02582151 0.99911727 0.00425327 0.03286083
581.31769723 113.37589478 259.51450367 0.02596021 0.99911126 0.00427419 0.03293172
581.42794910 113.41240233 259.51209440 0.02614926 0.99910372 0.00443683 0.03298910
581.51716363 113.48112128 259.51657663 0.02625299 0.99909811 0.00450930 0.03306692
581.56611687 113.55946333 259.49816041 0.02640649 0.99909021 0.00466604 0.03316132
581.65170752 113.57108819 259.44498536 0.02640074 0.99908809 0.00468516 0.03322710
581.71932583 113.60881792 259.42674669 0.02645093 0.99908366 0.00490272 0.03328902
581.71499701 113.70873774 259.44232107 0.02653784 0.99907278 0.00496658 0.03353590
581.69992005 113.80487457 259.41678057 0.02663573 0.99906155 0.00489583 0.03380222
581.76432278 113.88801240 259.41802742 0.02677828 0.99904925 0.00495586 0.03404338
581.78872324 113.98637473 259.45716752 0.02684317 0.99903806 0.00493496 0.03432271
581.76768160 114.10479434 259.46193118 0.02696606 0.99902453 0.00498591 0.03461146
581.79607581 114.17612143 259.42504613 0.02696440 0.99901594 0.00499589 0.03485848
581.80264591 114.26755146 259.40075439 0.02704085 0.99900466 0.00509771 0.03510704
581.89272815 114.31504516 259.39217335 0.02700955 0.99900412 0.00524038 0.03512528
581.95835864 114.34667666 259.36535049 0.02706610 0.99900208 0.00523599 0.03514040
582.08283693 114.36685026 259.37506353 0.02714811 0.99899900 0.00536028 0.03514599
582.19257042 114.41955292 259.39871517 0.02716691 0.99899790 0.00540507 0.03515580
582.25971664 114.48603092 259.39738359 0.02720133 0.99899497 0.00552810 0.03519341
582.36541680 114.49942419 259.36914810 0.02711099 0.99899707 0.00554853 0.03520045
582.46879418 114.52999195 259.35034432 0.02705382 0.99899697 0.00574623 0.03521533
582.55567880 114.59989537 259.33035284 0.02707016 0.99899288 0.00582236 0.03530612
582.60723037 114.66079979 259.29934009 0.02715470 0.99898767 0.00575698 0.03539934
582.74942496 114.71700776 259.28720848 0.02727270 0.99898111 0.00580986 0.03548515
582.85501687 114.79207549 259.29779834 0.02731784 0.99897655 0.00575047 0.03558809
582.93280104 114.88382291 259.28537239 0.02741030 0.99896937 0.00580107 0.03571025
583.05879404 114.92296362 259.23979007 0.02737035 0.99896771 0.00575737 0.03579419
583.15291281 114.99846646 259.21025388 0.02738575 0.99896345 0.00586875 0.03588314
583.14188459 115.05690603 259.20423693 0.02739514 0.99895817 0.00593701 0.03601164
583.07379520 115.11173608 259.20697671 0.02747348 0.99895145 0.00583288 0.03615499
583.08011112 115.13641001 259.23569274 0.02754602 0.99894493 0.00588021 0.03627203
583.08259932 115.20626940 259.26999523 0.02757060 0.99893911 0.00583553 0.03642066
583.05044233 115.29449777 259.26514156 0.02763205 0.99893109 0.00588222 0.03658623
583.05135805 115.32961700 259.24780252 0.02756420 0.99892877 0.00587767 0.03670133
583.02658811 115.36949275 259.22574627 0.02756514 0.99892350 0.00597754 0.03682759
583.15391309 115.37193257 259.20425970 0.02753262 0.99892135 0.00607294 0.03689469
583.25071609 115.36037695 259.16747972 0.02755850 0.99891873 0.00603322 0.03695257
583.40456941 115.34002102 259.17536161 0.02764986 0.99891374 0.00613536 0.03700245
583.54113417 115.34670239 259.18566816 0.02766016 0.99891127 0.00614365 0.03706009
583.65374294 115.35893040 259.20203393 0.02772381 0.99890585 0.00620854 0.03714758
583.81271307 115.35173806 259.15938031 0.02762406 0.99890674 0.00614588 0.03720848
583.95129657 115.36256293 259.13050796 0.02753159 0.99890617 0.00629690 0.03726682
583.86923094 115.35360478 259.11911783 0.02751359 0.99891932 0.00639106 0.03690997
583.71145597 115.32676221 259.05969402 0.02763958 0.99892849 0.00649658 0.03654748
583.63505050 115.28391494 259.08098987 0.02761414 0.99894301 0.00657551 0.03615362
583.59309365 115.27702952 259.13540387 0.02760878 0.99895605 0.00671340 0.03577017
583.49420167 115.27180843 259.18257916 0.02761260 0.99896715 0.00686259 0.03542705
583.50378024 115.27660162 259.18982193 0.02762419 0.99898104 0.00691642 0.03501364
583.47050984 115.25714410 259.16095817 0.02757424 0.99899220 0.00701671 0.03471338
583.45144707 115.34256336 259.23456820 0.02750556 0.99897847 0.00715894 0.03513122
583.40640572 115.45224144 259.24380570 0.02750742 0.99896177 0.00721167 0.03559107
583.44843558 115.54323360 259.27685783 0.02752229 0.99894487 0.00735831 0.03602111
583.43162056 115.64299388 259.31291063 0.02742323 0.99892930 0.00744181 0.03650821
583.41470232 115.72994944 259.35119924 0.02738832 0.99891249 0.00751557 0.03697618
583.42539655 115.82030416 259.34033843 0.02725269 0.99889884 0.00762122 0.03742090
583.40918153 115.89714073 259.35429804 0.02722569 0.99888198 0.00778386 0.03785459
583.58367058 116.00728064 259.41846218 0.02722002 0.99887481 0.00782386 0.03803896
583.78498574 116.12621685 259.43656919 0.02728341 0.99886568 0.00774050 0.03824977
583.96827199 116.22606666 259.43891774 0.02730635 0.99885793 0.00773603 0.03843642
584.14446911 116.35257263 259.49086681 0.02725689 0.99885158 0.00765628 0.03865188
584.24774605 116.49310713 259.50969076 0.02729572 0.99884294 0.00765782 0.03884686
584.39150556 116.61430941 259.53658268 0.02728291 0.99883650 0.00765860 0.03902096
584.52963024 116.72634941 259.56155722 0.02724150 0.99882993 0.00767174 0.03921496
584.65061237 116.78089391 259.56760594 0.02737644 0.99882930 0.00796923 0.03907764
584.71919167 116.83824723 259.56979814 0.02769002 0.99882234 0.00819732 0.03898723
584.92499908 116.84568258 259.58646105 0.02787789 0.99881956 0.00842570 0.03887564
585.08640152 116.83979544 259.59924607 0.02804872 0.99881578 0.00861265 0.03880898
585.28461190 116.86819013 259.57901718 0.02825033 0.99881104 0.00895422 0.03870730
585.48374082 116.82264420 259.60945055 0.02845629 0.99880754 0.00924257 0.03857868
585.63680445 116.75909313 259.61649762 0.02863596 0.99880202 0.00951488 0.03852244
585.56605376 116.70134854 259.59780556 0.02886801 0.99879364 0.00964224 0.03853484
585.39112871 116.63197325 259.52711578 0.02920189 0.99878325 0.00970871 0.03853571
585.37827483 116.60006928 259.50302994 0.02943468 0.99877528 0.00984234 0.03853134
585.33289225 116.59559678 259.56413273 0.02965179 0.99876788 0.00998166 0.03852094
585.26853304 116.56577590 259.57242544 0.02985851 0.99875904 0.01012834 0.03855225
585.28967277 116.56641034 259.58782446 0.03007622 0.99875306 0.01018819 0.03852213
585.28530051 116.55413323 259.54997003 0.03025302 0.99874440 0.01034412 0.03856652
584.92327499 116.67625207 259.58071054 0.03034854 0.99875796 0.01014502 0.03819137
584.54734056 116.71083669 259.51876901 0.03050654 0.99876969 0.01000158 0.03779449
584.27368450 116.78427670 259.51281565 0.03040786 0.99879032 0.00978446 0.03738344
584.00411336 116.89279114 259.56124788 0.03041574 0.99880736 0.00964573 0.03695539
583.72896575 116.96809465 259.62002189 0.03040719 0.99882257 0.00948503 0.03659107
583.55296887 117.07979740 259.64533278 0.03052210 0.99883718 0.00931303 0.03613800
583.29841273 117.17924143 259.59024356 0.03049942 0.99885047 0.00918279 0.03582180
583.30024535 117.25913784 259.57660379 0.03039176 0.99885183 0.00915183 0.03588324
583.28774887 117.31154891 259.56473825 0.03031281 0.99885419 0.00892901 0.03594048
583.29655392 117.37690882 259.54086832 0.03025325 0.99885494 0.00890854 0.03597479
583.31100969 117.49769646 259.55331090 0.03012371 0.99885812 0.00874968 0.03603414
583.25388734 117.60504086 259.53444442 0.03006444 0.99885814 0.00867684 0.03610060
583.27430531 117.68179011 259.48648254 0.02989437 0.99886336 0.00849758 0.03614005
583.27099979 117.76250800 259.47600704 0.02973505 0.99886670 0.00849310 0.03618028
583.33207331 117.95780886 259.47627359 0.02956911 0.99886251 0.00843825 0.03644384
583.31223080 118.15731611 259.40785527 0.02954963 0.99885097 0.00834750 0.03679510
583.43009883 118.35987356 259.32529972 0.02930031 0.99884771 0.00822330 0.03710971
583.52044601 118.52541733 259.30708603 0.02901204 0.99884393 0.00799505 0.03748572
583.62005038 118.70405771 259.25303637 0.02887352 0.99883622 0.00790879 0.03781514
583.80211230 118.84274365 259.16911618 0.02878375 0.99882833 0.00790613 0.03809143
583.91755639 118.94549399 259.04644025 0.02874539 0.99881838 0.00774609 0.03841282
584.60081776 118.95763055 259.05801696 0.02846650 0.99883548 0.00791181 0.03814115
585.20395174 118.97115884 258.96837094 0.02837581 0.99884628 0.00806782 0.03789237
585.76995276 118.99266313 258.94111956 0.02819081 0.99885961 0.00823006 0.03764351
586.33732909 119.11433556 258.94709511 0.02790860 0.99887363 0.00837114 0.03745009
586.97834475 119.23871096 258.90027083 0.02769197 0.99888644 0.00863663 0.03720818
587.66656027 119.35748011 258.90214615 0.02751524 0.99889732 0.00871569 0.03702829
588.34341049 119.38219050 258.92388247 0.02737291 0.99890818 0.00881545 0.03681656
589.30869351 119.32771419 259.03526751 0.02721141 0.99891272 0.00896320 0.03677742
590.24924225 119.24207966 259.07570054 0.02713166 0.99891403 0.00910833 0.03676497
591.21356313 119.16472160 259.16059808 0.02693124 0.99891792 0.00921507 0.03678025
592.15931850 119.09708655 259.30599387 0.02671531 0.99891924 0.00939639 0.03685589
593.15804073 119.05200731 259.31432600 0.02651004 0.99892042 0.00960010 0.03691952
594.15594258 119.05000395 259.43438516 0.02646807 0.99891875 0.00965673 0.03698011
595.15823937 118.94592751 259.54464111 0.02644989 0.99891676 0.00970469 0.03703407
595.99474879 118.86963577 259.74324075 0.02629504 0.99892740 0.00990368 0.03680411
596.86363665 118.79882565 259.89404852 0.02631168 0.99893411 0.01016861 0.03653677
597.72942726 118.70894877 260.06948001 0.02613022 0.99894540 0.01029539 0.03632232
598.61164196 118.64318765 260.27063557 0.02593541 0.99895562 0.01044943 0.03613629
599.51509037 118.56254193 260.44122333 0.02580152 0.99896359 0.01067888 0.03594427
600.49331820 118.56831983 260.67752052 0.02583368 0.99896678 0.01075457 0.03580959
601.46113703 118.49739798 260.87790350 0.02570016 0.99897407 0.01084370 0.03567525
602.42530239 118.48792566 261.06909970 0.02555956 0.99898780 0.01091652 0.03536830
603.34865305 118.43680856 261.19639908 0.02547567 0.99900089 0.01099809 0.03503220
604.28142952 118.37682030 261.33183331 0.02527563 0.99901424 0.01107547 0.03477106
605.24370341 118.33572086 261.54950665 0.02501824 0.99902777 0.01116762 0.03453824
606.19936755 118.31280022 261.62994981 0.02484544 0.99903926 0.01129144 0.03428931
607.16818217 118.26459366 261.82727742 0.02488184 0.99904539 0.01129862 0.03408149
608.08634724 118.19984546 262.00465345 0.02484980 0.99905428 0.01121188 0.03387209
609.14428967 118.21006008 262.21999700 0.02448202 0.99907310 0.01111717 0.03361516
610.22298125 118.21632434 262.40449643 0.02421684 0.99909020 0.01103555 0.03332473
611.26586740 118.20167071 262.55314898 0.02374326 0.99910994 0.01091933 0.03311119
612.35828275 118.21217408 262.75513756 0.02329998 0.99912932 0.01077766 0.03288709
613.39578652 118.21225354 262.94193112 0.02292387 0.99914670 0.01067259 0.03265685
614.47394328 118.19253037 263.15178165 0.02274775 0.99915904 0.01051297 0.03245354
615.47770544 118.18696826 263.33155205 0.02239463 0.99917456 0.01032456 0.03228116
616.61515569 118.22737747 263.61213888 0.02223917 0.99917486 0.01028486 0.03239186
617.81665456 118.28587242 263.87604445 0.02208024 0.99917595 0.01013627 0.03251359
618.99501560 118.32337916 264.10932939 0.02189395 0.99917481 0.01004673 0.03270209
620.19878038 118.38663890 264.41119123 0.02159762 0.99917391 0.01000942 0.03293723
621.36900780 118.40793037 264.64843132 0.02141086 0.99917164 0.00996794 0.03313971
622.56350854 118.44551451 264.94825402 0.02139978 0.99916483 0.00990061 0.03337158
623.68386722 118.49133453 265.20293895 0.02137194 0.99915953 0.00972533 0.03359901
624.69166602 118.51318698 265.47948229 0.02140505 0.99916409 0.00986948 0.03339954
625.75857537 118.42112759 265.74694485 0.02144085 0.99917092 0.00993304 0.03315275
626.86500883 118.35891202 266.03787701 0.02138121 0.99917626 0.01005017 0.03299443
627.99125624 118.30437694 266.36792085 0.02125006 0.99918243 0.01011344 0.03287300
629.04457798 118.18375838 266.58799987 0.02116679 0.99918854 0.01019501 0.03271531
630.15926578 118.09708010 266.91421492 0.02133947 0.99918547 0.01031819 0.03265829
631.23443481 118.05633856 267.24446024 0.02143577 0.99918732 0.01015789 0.03258857
632.29720950 118.02820163 267.46871960 0.02123868 0.99921028 0.01016920 0.03200502
633.42346281 117.93494564 267.71122112 0.02104292 0.99923584 0.01016838 0.03132955
634.56403842 117.80419175 267.95699111 0.02065335 0.99926216 0.01012299 0.03075873
635.76134489 117.70359062 268.25477102 0.02026546 0.99928879 0.00998930 0.03019007
636.84124064 117.64321088 268.42849144 0.01994270 0.99931368 0.00991627 0.02959939
638.01805836 117.55335125 268.71789808 0.01984834 0.99933024 0.00981282 0.02913448
639.17583377 117.54137478 269.04135690 0.01959169 0.99935164 0.00953389 0.02866288
640.32270311 117.49561157 269.28683324 0.01949150 0.99936049 0.00946177 0.02844573
641.53897658 117.41175269 269.56994695 0.01938146 0.99937132 0.00935139 0.02817562
642.80596300 117.32790505 269.84202214 0.01913415 0.99938192 0.00921557 0.02801304
644.11816360 117.25717468 270.14998511 0.01887302 0.99939280 0.00906903 0.02784931
645.32961590 117.16229313 270.37716986 0.01867503 0.99940263 0.00891323 0.02768009
646.59806604 117.08546875 270.69976547 0.01871868 0.99940559 0.00877171 0.02758863
647.82174630 117.05450413 271.01624344 0.01860462 0.99941285 0.00849227 0.02749020
648.95889446 116.98693369 271.24908516 0.01824910 0.99940820 0.00852479 0.02788471
650.13994615 116.88176004 271.51157817 0.01792923 0.99940264 0.00852372 0.02828883
651.34287570 116.80949535 271.80252150 0.01754216 0.99939616 0.00852543 0.02875581
652.63453967 116.72576326 272.07672831 0.01718493 0.99938707 0.00862234 0.02925440
653.83589379 116.57001708 272.30159590 0.01682169 0.99937888 0.00855294 0.02976138
655.03653514 116.44647884 272.63619244 0.01667175 0.99936426 0.00867029 0.03029763
656.19080313 116.35353836 272.87635420 0.01641429 0.99935404 0.00861337 0.03078763
657.44148403 116.23210116 273.15729807 0.01621725 0.99935915 0.00875414 0.03068645
658.71448686 116.05993628 273.40045861 0.01602868 0.99936605 0.00883737 0.03053661
660.09770165 115.88108943 273.67998822 0.01570898 0.99937196 0.00893244 0.03048161
661.48297307 115.72082464 274.01646835 0.01538319 0.99937703 0.00897838 0.03046797
662.84818696 115.52058075 274.18152392 0.01510423 0.99938179 0.00899329 0.03044714
664.28056820 115.33600524 274.50427317 0.01514307 0.99937714 0.00911798 0.03054323
665.64675659 115.19469406 274.77846297 0.01501773 0.99938017 0.00883967 0.03058769
666.86828858 115.09610379 275.01050481 0.01479925 0.99936548 0.00895168 0.03113662
668.11289525 114.97730776 275.24684465 0.01460317 0.99934897 0.00895246 0.03175276
669.35831313 114.86938142 275.49796808 0.01436750 0.99933066 0.00897605 0.03242282
670.66486818 114.74618945 275.78474814 0.01411761 0.99930957 0.00906769 0.03314895
671.94673471 114.58690017 276.00340960 0.01391006 0.99928901 0.00903255 0.03385848
673.23480110 114.43784520 276.29082527 0.01388511 0.99926284 0.00917291 0.03459536
674.41641890 114.32243865 276.50620302 0.01386392 0.99923991 0.00911362 0.03527526
675.57795370 114.31889556 276.68744309 0.01379411 0.99922862 0.00925574 0.03558393
676.75533735 114.24108901 276.82055265 0.01370471 0.99921728 0.00930438 0.03592256
677.92672821 114.16298199 277.00174797 0.01357863 0.99920369 0.00934307 0.03633598
679.12823589 114.09201624 277.20334644 0.01341214 0.99918778 0.00951202 0.03678869
680.30130498 114.01871696 277.34872858 0.01327993 0.99917346 0.00952201 0.03722061
681.49152106 113.89928149 277.58331934 0.01342000 0.99915217 0.00969919 0.03769314
682.58006474 113.82752628 277.74068139 0.01355443 0.99913460 0.00963271 0.03812545
683.67260918 113.74829724 277.90947043 0.01355997 0.99914468 0.00961724 0.03786223
684.74661666 113.57464155 278.02460716 0.01356024 0.99915605 0.00967382 0.03754635
685.85268633 113.36184821 278.16166822 0.01337386 0.99916647 0.00962007 0.03734915
686.94922617 113.17046271 278.31102770 0.01327992 0.99917621 0.00956324 0.03713618
688.01538157 113.00492471 278.38387167 0.01311648 0.99918767 0.00942886 0.03691945
689.14476092 112.83004182 278.57176929 0.01332219 0.99919079 0.00939973 0.03676849
690.20021137 112.65610846 278.71476494 0.01336621 0.99919749 0.00916421 0.03662985
690.77466175 112.31520667 278.76595492 0.01312070 0.99926091 0.00902615 0.03498574
691.36425638 111.86569975 278.70006586 0.01341792 0.99931894 0.00908406 0.03315250
691.89612507 111.43670940 278.69911292 0.01320705 0.99937979 0.00865370 0.03147580
692.39427042 111.08876896 278.66619454 0.01325700 0.99943865 0.00841208 0.02959523
693.07382779 110.83399974 278.70455031 0.01294912 0.99949463 0.00825989 0.02783119
693.73802001 110.54940494 278.78269177 0.01307099 0.99954214 0.00789647 0.02612102
694.39508542 110.19466307 278.82274818 0.01269756 0.99958847 0.00760737 0.02457212
695.26062285 110.18452698 278.90171041 0.01235072 0.99957669 0.00745704 0.02526433
696.11565833 110.17452589 279.01361555 0.01196667 0.99956306 0.00730880 0.02602041
696.96080747 110.14214343 279.09543233 0.01146543 0.99955031 0.00711744 0.02677814
697.85210560 110.11712342 279.25486146 0.01097464 0.99953478 0.00695786 0.02759306
698.71342756 110.04872342 279.33533345 0.01053013 0.99951916 0.00667671 0.02838983
699.58746139 110.02687027 279.48879035 0.01021980 0.99950096 0.00661436 0.02914861
700.43107755 109.98812091 279.51573499 0.00981465 0.99948394 0.00640552 0.02990823
701.33642896 109.97978725 279.62124488 0.00967103 0.99946596 0.00641696 0.03054645
702.21254171 109.89876410 279.75833071 0.00951345 0.99944597 0.00643990 0.03123731
703.11256451 109.84343812 279.86333059 0.00932722 0.99942547 0.00642610 0.03194436
704.00363102 109.72096875 280.02676056 0.00912805 0.99940163 0.00647127 0.03272886
704.88887100 109.57276056 280.08889079 0.00890481 0.99937887 0.00638830 0.03349290
705.78339114 109.46584577 280.23453539 0.00882191 0.99935399 0.00653610 0.03422067
706.69048874 109.32749652 280.32049587 0.00877038 0.99933029 0.00643971 0.03493682
707.24051876 109.29507991 280.41138091 0.00877389 0.99931484 0.00631224 0.03539820
707.78018370 109.24156738 280.50785067 0.00872311 0.99929801 0.00619097 0.03590345
708.36025717 109.15315517 280.52553169 0.00846923 0.99928295 0.00609317 0.03639684
708.93820399 109.04111334 280.64081491 0.00830320 0.99926618 0.00586790 0.03692863
709.49126925 108.92461088 280.68937557 0.00811933 0.99925055 0.00559871 0.03743087
710.03844055 108.84244698 280.78451958 0.00806724 0.99923417 0.00560338 0.03787610
710.57568813 108.74496580 280.79188439 0.00791492 0.99921753 0.00540172 0.03837325
710.19163021 108.51622454 280.79489466 0.00806896 0.99920304 0.00554224 0.03869696
709.78541105 108.27231810 280.68525190 0.00826029 0.99918772 0.00558777 0.03904421
709.50346974 108.03612530 280.65526914 0.00833065 0.99917375 0.00567771 0.03937228
709.14433700 107.90485137 280.71733558 0.00851259 0.99915911 0.00577534 0.03968936
708.82710524 107.78984055 280.69274832 0.00853533 0.99914377 0.00584832 0.04005841
708.57951651 107.65157429 280.66688482 0.00865329 0.99912973 0.00597042 0.04036413
708.24893571 107.53507942 280.60110986 0.00874651 0.99911388 0.00609270 0.04071652
707.63815385 107.42982500 280.47699145 0.00858794 0.99915653 0.00583956 0.03972869
706.91284312 107.30354087 280.36415362 0.00856266 0.99919909 0.00566180 0.03867567
706.24681406 107.17919761 280.21478196 0.00840808 0.99924064 0.00532816 0.03767037
705.57118970 107.02836667 280.12714851 0.00835100 0.99928252 0.00522194 0.03657086
704.91707806 106.90257042 280.03999717 0.00813425 0.99932350 0.00494557 0.03552350
704.29747880 106.78050863 279.98367531 0.00814700 0.99936140 0.00460960 0.03448430
703.70933566 106.60497665 279.88908831 0.00787193 0.99939549 0.00435797 0.03358103
702.65490864 106.89821159 279.72258059 0.00792230 0.99936224 0.00400437 0.03458781
701.65373014 107.23124086 279.58670441 0.00768916 0.99932315 0.00374972 0.03577802
700.83359296 107.52824599 279.53657606 0.00716005 0.99928606 0.00328210 0.03695028
700.07203570 107.83786536 279.46867794 0.00684472 0.99923999 0.00280118 0.03827205
699.34115397 108.12884339 279.31924720 0.00675836 0.99919494 0.00237814 0.03947318
698.56017220 108.36469243 279.29474360 0.00684885 0.99915262 0.00243348 0.04051188
697.77285614 108.58864803 279.07929128 0.00707515 0.99910515 0.00202817 0.04165016
697.80626487 108.64522800 279.09580129 0.00674159 0.99910043 0.00205761 0.04181684
697.83947525 108.67483772 279.05920876 0.00650381 0.99909390 0.00198697 0.04201345
697.92693882 108.64786991 279.10778269 0.00622172 0.99908832 0.00194636 0.04219036
697.99114022 108.68188194 279.12092401 0.00592646 0.99908051 0.00184130 0.04242205
698.05686497 108.73496412 279.11082303 0.00564633 0.99907357 0.00178216 0.04262565
698.16405904 108.75356948 279.12934214 0.00532704 0.99906744 0.00179200 0.04280966
698.22413354 108.78564566 279.11625782 0.00504001 0.99906026 0.00181358 0.04301045
698.11156834 108.86786973 279.11120716 0.00500273 0.99904539 0.00190516 0.04335505
698.01324159 108.95050534 279.03858897 0.00500740 0.99902837 0.00193058 0.04374379
697.97868612 108.99154229 279.05969865 0.00500502 0.99901161 0.00196254 0.04412381
697.92105012 109.07728020 279.04184021 0.00495391 0.99899245 0.00196524 0.04456101
697.86155528 109.17213086 278.99692378 0.00494147 0.99897427 0.00200271 0.04496648
697.76252571 109.22926457 278.95931738 0.00487507 0.99896201 0.00206197 0.04524247
697.63570768 109.29286758 278.88967799 0.00484576 0.99894935 0.00204178 0.04552516
697.50306547 109.32433485 278.87697625 0.00479269 0.99894124 0.00203874 0.04570853
697.36481546 109.38078555 278.83094517 0.00468874 0.99893283 0.00197123 0.04590566
697.19126115 109.46327620 278.77888446 0.00462892 0.99892364 0.00189659 0.04611440
697.04096790 109.50109577 278.72211850 0.00450972 0.99891541 0.00180242 0.04630784
696.88909709 109.55969306 278.67089521 0.00441085 0.99890766 0.00183975 0.04648268
