584.83855120 94.28400020 259.98715590 0.04773833 0.99634206 0.05725549 0.04177791
585.01599694 94.21386557 260.04207943 0.04775631 0.99632209 0.05760877 0.04174745
585.16895534 94.11148187 260.03704579 0.04791989 0.99630190 0.05785024 0.04170795
585.38835469 93.95802391 260.06664873 0.04805288 0.99627782 0.05818154 0.04166946
585.58418171 93.83797327 260.11155459 0.04812754 0.99626137 0.05842676 0.04163329
585.78854557 93.71103000 260.13051267 0.04820110 0.99623957 0.05875001 0.04161508
586.02230332 93.57442242 260.15905668 0.04821411 0.99622690 0.05897515 0.04158484
586.25816241 93.45440342 260.17522070 0.04820683 0.99620551 0.05934951 0.04157310
586.33789576 93.50959402 260.21209010 0.04820855 0.99619517 0.05952688 0.04156518
586.41037835 93.54119853 260.22802629 0.04834413 0.99618624 0.05957622 0.04155106
586.54142675 93.56176029 260.25972400 0.04846431 0.99617050 0.05975380 0.04153357
586.65822285 93.62787554 260.33030353 0.04853428 0.99616101 0.05986142 0.04152443
586.72710000 93.67650420 260.34202278 0.04860903 0.99614504 0.06006307 0.04152878
586.81856116 93.70122939 260.35730195 0.04858538 0.99614119 0.06015591 0.04151448
586.91991361 93.72444874 260.37131704 0.04860507 0.99612503 0.06040238 0.04152131
587.05372042 93.71179861 260.41752428 0.04860712 0.99611573 0.06056037 0.04151203
587.17966226 93.68263591 260.42504757 0.04871281 0.99611049 0.06057480 0.04149280
587.36110358 93.63547192 260.44104209 0.04880408 0.99609968 0.06069094 0.04147527
587.53176570 93.61801411 260.49603771 0.04882287 0.99609623 0.06073992 0.04146421
587.67322482 93.59451298 260.52338116 0.04887624 0.99608537 0.06087307 0.04146717
587.84802743 93.57035626 260.53907053 0.04883933 0.99608659 0.06089670 0.04144648
588.02652574 93.56191339 260.55124480 0.04880908 0.99607633 0.06108388 0.04145332
588.13435459 93.63165223 260.58355609 0.04892974 0.99606364 0.06122351 0.04140989
588.22664707 93.69524879 260.57804203 0.04915458 0.99605535 0.06121805 0.04135111
588.37956817 93.74374740 260.60470296 0.04937790 0.99603869 0.06134276 0.04130154
588.50809720 93.83187527 260.65100934 0.04950509 0.99603063 0.06139757 0.04126224
588.60576126 93.91042937 260.65989300 0.04968985 0.99601227 0.06156762 0.04122993
588.73087683 93.96116664 260.66216228 0.04976853 0.99600761 0.06160952 0.04118489
588.85416045 94.01170110 260.68093771 0.04987921 0.99598954 0.06182528 0.04116469
588.97276714 94.04199931 260.71617509 0.04999056 0.99597183 0.06200205 0.04119219
589.06383746 94.05430266 260.69417350 0.05021398 0.99595672 0.06205018 0.04121329
589.21936072 94.03537106 260.70164084 0.05042127 0.99593484 0.06222055 0.04123221
589.35755317 94.07861184 260.75080908 0.05054643 0.99592123 0.06230920 0.04127372
589.46102989 94.10104226 260.75954428 0.05071533 0.99589962 0.06248601 0.04132075
589.58668524 94.11038128 260.75717587 0.05078994 0.99589023 0.06255450 0.04135166
589.72212781 94.12260629 260.76404749 0.05088511 0.99586973 0.06277360 0.04139641
589.82574982 93.99029653 260.72091317 0.05079856 0.99586431 0.06288204 0.04146844
589.87076632 93.80879588 260.61764299 0.05073476 0.99586503 0.06289962 0.04150266
589.99649112 93.55053668 260.59696080 0.05074653 0.99585634 0.06301155 0.04152690
590.10667018 93.33925631 260.54899856 0.05072717 0.99585536 0.06301972 0.04156155
590.27294697 93.13322558 260.49612442 0.05065838 0.99585544 0.06302448 0.04163637
590.47502579 92.91604140 260.45524598 0.05053017 0.99586528 0.06293805 0.04168752
590.66225058 92.72641047 260.41816803 0.05039391 0.99586307 0.06304475 0.04174406
591.08882993 92.47758971 260.59631829 0.05015394 0.99586667 0.06332559 0.04152133
591.53421368 92.23292009 260.68310723 0.05018191 0.99585108 0.06374293 0.04122177
592.00872627 91.92781621 260.80672993 0.04983429 0.99586878 0.06390219 0.04096871
592.46955197 91.72320555 260.96707857 0.04957293 0.99588087 0.06407344 0.04072366
593.02030393 91.46538123 261.11378307 0.04934965 0.99588612 0.06430470 0.04050135
593.64955566 91.26081989 261.34364328 0.04926959 0.99588293 0.06451923 0.04033556
594.26779905 91.03354898 261.47681945 0.04895548 0.99589907 0.06459374 0.04020016
595.06966573 90.78471546 261.58106690 0.04860992 0.99588987 0.06476969 0.04056264
595.91734709 90.57335975 261.68057370 0.04831271 0.99587270 0.06501912 0.04093841
596.73976982 90.31622395 261.80345933 0.04793966 0.99586495 0.06516460 0.04133244
597.57150600 90.07994718 261.91463851 0.04760938 0.99584965 0.06537401 0.04174986
598.38824997 89.85225002 261.99906791 0.04724883 0.99583717 0.06554192 0.04219177
599.19607387 89.67905643 262.15655808 0.04695595 0.99582562 0.06563998 0.04263646
600.02793409 89.45117749 262.27741752 0.04659596 0.99581486 0.06578411 0.04305857
600.78484749 89.45711646 262.40467182 0.04638138 0.99576489 0.06655770 0.04325657
601.46562182 89.48989274 262.42202154 0.04646696 0.99570288 0.06724203 0.04353285
602.14611231 89.52808466 262.46722993 0.04657271 0.99563657 0.06797247 0.04380119
602.80369502 89.59213970 262.57330639 0.04646686 0.99556570 0.06885146 0.04415027
603.48508084 89.63099996 262.63400542 0.04639358 0.99549861 0.06969308 0.04441871
604.15503951 89.67596140 262.72442261 0.04633262 0.99543256 0.07048690 0.04470906
604.85127473 89.63480325 262.81013960 0.04650322 0.99536937 0.07110615 0.04495747
605.69231432 89.52798057 263.01962610 0.04640719 0.99533632 0.07147719 0.04519945
606.53852993 89.37498409 263.15871103 0.04648553 0.99529569 0.07184314 0.04543286
607.44556574 89.20841629 263.31894928 0.04645022 0.99525824 0.07221222 0.04570357
608.31698603 89.06840355 263.53686064 0.04636164 0.99521694 0.07262619 0.04603556
609.17848992 88.87659961 263.68501030 0.04630688 0.99517571 0.07301991 0.04635809
610.06952765 88.71914952 263.89143768 0.04643090 0.99512134 0.07346151 0.04670221
610.94464693 88.52035579 264.07675037 0.04649148 0.99508858 0.07366707 0.04701505
611.89859435 88.18310398 264.27823433 0.04673928 0.99501707 0.07426800 0.04733641
612.86812978 87.80771261 264.45745865 0.04708694 0.99494120 0.07485656 0.04765847
613.86681974 87.41444990 264.61344868 0.04736773 0.99486401 0.07545836 0.04804101
614.89690065 87.03150991 264.87563660 0.04759876 0.99478038 0.07614362 0.04846146
615.84572855 86.66873634 265.05706325 0.04783309 0.99470262 0.07675169 0.04886587
616.79844472 86.24600913 265.25168126 0.04826477 0.99460913 0.07741572 0.04929495
617.69865396 85.84248374 265.44765168 0.04866385 0.99453389 0.07787926 0.04968895
618.73058001 85.37641635 265.65644144 0.04854719 0.99447646 0.07855768 0.04988416
619.74297981 84.86736443 265.86836434 0.04868377 0.99440677 0.07924321 0.05005575
620.77602032 84.35115288 266.08683593 0.04859251 0.99434315 0.07993965 0.05030022
621.87205396 83.88730498 266.42148048 0.04852518 0.99427506 0.08067476 0.05053710
622.90027339 83.41442771 266.63543881 0.04845371 0.99420899 0.08137680 0.05077931
623.89864316 82.88027536 266.90011069 0.04857754 0.99413042 0.08208295 0.05106196
624.82554413 82.37763121 267.12652964 0.04858083 0.99406724 0.08266928 0.05134209
625.94448666 82.09669710 267.36348085 0.04706616 0.99405633 0.08337941 0.05181372
627.06757441 81.67722641 267.60414616 0.04588486 0.99403130 0.08399692 0.05235336
628.18394191 81.31302328 267.86859441 0.04445821 0.99401698 0.08458829 0.05290114
629.34416196 81.00509516 268.19545059 0.04320074 0.99398832 0.08522459 0.05345734
630.48120762 80.49732023 268.36604571 0.04176382 0.99397882 0.08567022 0.05406025
631.60203370 80.05199898 268.69337771 0.04047964 0.99393687 0.08635172 0.05472000
632.69293732 79.60513040 268.99756165 0.03921313 0.99392000 0.08676684 0.05528912
633.51496184 79.32699540 269.20691576 0.03945548 0.99384314 0.08758937 0.05520122
634.37393913 78.99237729 269.41541829 0.03986442 0.99375670 0.08847629 0.05504900
635.23436137 78.63280298 269.61076055 0.04007253 0.99367148 0.08937208 0.05498917
636.12886947 78.28223746 269.86182822 0.04023621 0.99358855 0.09024445 0.05494339
636.94078415 77.90332057 270.03897217 0.04046087 0.99350839 0.09107417 0.05485882
637.75037065 77.53076973 270.30061559 0.04091030 0.99340367 0.09201223 0.05485662
638.58273029 77.14565119 270.51441907 0.04124831 0.99333331 0.09262005 0.05485476
639.42360275 76.79034164 270.63101246 0.04261546 0.99307669 0.09471181 0.05488433
640.21385500 76.17594166 270.65810939 0.04419355 0.99282238 0.09663394 0.05488653
641.05045818 75.61052114 270.70460337 0.04589595 0.99253293 0.09874891 0.05496005
641.95085546 75.03960925 270.79977265 0.04731793 0.99219796 0.10128889 0.05517956
642.76372869 74.50679362 270.86971484 0.04871588 0.99189968 0.10348443 0.05525178
643.52792400 73.83330699 270.95962465 0.05042355 0.99154545 0.10592594 0.05545066
644.34361487 73.17552106 271.00909909 0.05228744 0.99125548 0.10765697 0.05557501
645.30327546 72.58109611 271.13947971 0.05245170 0.99111566 0.10857564 0.05612395
646.30053836 71.90594274 271.29575449 0.05273924 0.99096422 0.10954440 0.05664374
647.31029432 71.22230012 271.50808261 0.05296435 0.99080536 0.11056209 0.05723239
648.43947915 70.57264156 271.77645327 0.05317752 0.99063117 0.11168071 0.05787449
649.40450485 69.92437534 271.94716150 0.05337724 0.99048056 0.11260233 0.05847951
650.37724421 69.19578825 272.18948527 0.05381925 0.99028987 0.11370528 0.05916559
651.33393297 68.51371948 272.35825173 0.05419260 0.99013900 0.11451886 0.05977748
652.43900865 67.87755779 272.44565405 0.05453852 0.98997891 0.11555377 0.06012185
653.55348307 67.19157818 272.52524190 0.05505932 0.98979623 0.11670306 0.06043409
654.67702763 66.49650974 272.67924999 0.05547631 0.98960532 0.11790555 0.06084376
655.87418662 65.82051975 272.86130377 0.05589239 0.98940434 0.11916122 0.06128367
656.97297022 65.16261393 273.00749378 0.05629890 0.98921896 0.12029506 0.06168776
658.07997146 64.42438603 273.17392485 0.05697933 0.98900159 0.12152136 0.06214317
659.16512053 63.73361213 273.24809896 0.05754692 0.98882526 0.12247170 0.06255907
660.27021153 63.20784555 273.35932205 0.05782323 0.98870467 0.12307368 0.06302716
661.38058145 62.62406558 273.49243711 0.05805955 0.98857853 0.12373748 0.06348719
662.52249178 62.02702228 273.63194549 0.05827737 0.98844038 0.12446396 0.06401625
663.69791539 61.43066089 273.80630749 0.05855294 0.98829801 0.12516588 0.06459183
664.77145835 60.84557630 273.93671884 0.05875824 0.98817363 0.12575393 0.06516360
665.93552032 60.26490548 274.09733388 0.05918454 0.98802538 0.12641289 0.06574820
667.09136792 59.67564087 274.19450877 0.05952059 0.98790514 0.12691534 0.06628146
667.75054007 58.66124073 274.16311680 0.05926395 0.98795632 0.12806450 0.06347903
668.33692486 57.60511217 274.04343886 0.05942156 0.98793689 0.12960257 0.06043975
668.82176412 56.46101749 273.96623383 0.05898262 0.98802238 0.13044931 0.05758305
669.45089599 55.42115989 273.93701751 0.05897751 0.98807390 0.13135298 0.05457121
670.35120149 54.42997796 273.77440240 0.05870371 0.98809311 0.13248484 0.05170727
671.35355032 53.33709742 273.65381009 0.05894284 0.98812079 0.13324417 0.04887773
672.31961491 52.26740340 273.54138468 0.05860970 0.98818188 0.13383130 0.04637520
673.45921075 51.88125283 273.64060523 0.05835567 0.98814928 0.13429258 0.04605571
674.58761799 51.43900840 273.71912206 0.05833880 0.98808272 0.13492090 0.04566708
675.77686830 50.99829688 273.89051416 0.05793303 0.98806441 0.13531078 0.04542556
676.94459252 50.56872205 274.06625910 0.05766885 0.98803997 0.13570270 0.04512317
678.18475239 50.11989697 274.14287957 0.05734816 0.98800024 0.13621562 0.04485553
679.43658362 49.68425107 274.31351588 0.05736371 0.98795758 0.13661791 0.04455067
680.63669993 49.26007849 274.41459315 0.05713641 0.98793333 0.13694735 0.04436887
681.62434050 48.90534460 274.41608837 0.05700088 0.98781907 0.13792979 0.04404271
682.52939153 48.40337777 274.38929190 0.05714602 0.98767782 0.13900741 0.04363242
683.56924347 47.91719955 274.42299521 0.05699245 0.98755529 0.14003543 0.04331847
684.52087690 47.43652958 274.48453567 0.05690106 0.98743234 0.14103305 0.04300373
685.51011655 47.00291560 274.44977141 0.05681878 0.98730435 0.14205467 0.04268750
686.55513655 46.52022449 274.43580361 0.05702600 0.98716172 0.14304510 0.04240139
687.63743688 46.00979201 274.40774531 0.05704247 0.98707739 0.14369283 0.04215147
688.49234851 45.64695904 274.33641168 0.05712305 0.98691555 0.14480685 0.04201937
689.30612369 45.17954007 274.28127884 0.05754204 0.98672752 0.14597565 0.04181884
690.14692455 44.74272295 274.28117322 0.05773574 0.98654633 0.14715731 0.04168507
690.95568010 44.31518790 274.30208824 0.05792203 0.98634864 0.14843235 0.04158402
691.77633186 43.88916339 274.25636691 0.05806163 0.98616531 0.14962418 0.04146598
692.63810056 43.43281091 274.21672733 0.05843417 0.98596642 0.15081101 0.04137274
693.54754190 42.92563489 274.14633954 0.05871099 0.98581193 0.15173237 0.04129335
694.22990655 42.44950312 274.06251067 0.05906828 0.98566274 0.15260594 0.04112571
694.90967087 41.91912516 274.02918673 0.05961376 0.98549142 0.15355898 0.04089626
695.58243128 41.35408553 273.94106640 0.05995679 0.98531564 0.15458950 0.04074748
696.27913691 40.79489704 273.92121057 0.06034407 0.98514199 0.15558582 0.04058217
696.88306068 40.26030100 273.87520287 0.06068959 0.98497265 0.15656094 0.04042680
697.54503934 39.72540849 273.82618031 0.06123644 0.98477846 0.15760904 0.04026010
698.18866503 39.13314233 273.70350128 0.06163984 0.98463277 0.15839157 0.04013661
698.89102856 38.62244534 273.53534927 0.06155347 0.98446780 0.15962484 0.03942364
699.50982655 38.03009978 273.35078554 0.06188288 0.98426829 0.16092876 0.03857942
700.16580340 37.37657029 273.20038399 0.06184893 0.98410708 0.16210402 0.03781869
700.79450705 36.79282934 273.04465275 0.06190340 0.98393379 0.16331656 0.03701316
701.50691997 36.22183907 272.86545812 0.06183201 0.98375467 0.16459189 0.03623621
702.24258510 35.61092799 272.70245029 0.06199150 0.98357724 0.16575152 0.03548655
703.02301599 34.90296369 272.53542174 0.06195071 0.98343913 0.16672047 0.03484067
703.77879112 34.42479003 272.39836130 0.06233848 0.98327154 0.16764118 0.03445914
704.47775656 33.85679534 272.28734901 0.06293958 0.98307400 0.16866863 0.03398545
705.16762937 33.30599860 272.16501194 0.06333971 0.98287687 0.16974180 0.03359859
705.86673258 32.73970100 272.04392850 0.06375320 0.98268810 0.17075507 0.03320144
706.53772379 32.19545560 271.91633659 0.06411482 0.98249229 0.17181732 0.03281765
707.24939046 31.64217294 271.81377757 0.06464796 0.98228843 0.17285042 0.03244708
707.96080646 31.02137159 271.67630353 0.06506202 0.98212419 0.17368697 0.03212219
708.81435076 30.34419675 271.45288868 0.06543972 0.98192313 0.17476945 0.03162665
709.60062525 29.58895831 271.21575567 0.06607839 0.98168770 0.17595462 0.03103016
710.40218759 28.81714440 271.02581934 0.06648643 0.98146251 0.17713814 0.03054451
711.21033517 28.05186428 270.86398676 0.06692360 0.98124388 0.17827192 0.03001328
711.95050462 27.37527219 270.67455478 0.06729674 0.98101445 0.17947497 0.02950495
712.74434015 26.65572640 270.52133336 0.06786224 0.98076969 0.18067766 0.02900193
713.55963935 25.89918370 270.31155579 0.06825850 0.98058042 0.18162247 0.02856725
714.27310571 25.41902097 270.16103533 0.06855072 0.98040540 0.18254169 0.02801047
714.94949043 24.86206408 269.97422057 0.06913296 0.98019110 0.18357517 0.02731667
715.64332206 24.27991408 269.81775026 0.06936802 0.97999728 0.18460125 0.02675439
716.31879866 23.72232200 269.68035044 0.06967205 0.97982099 0.18551027 0.02612624
716.96666466 23.18661577 269.54882522 0.06995169 0.97962340 0.18653007 0.02552028
717.67241221 22.61685756 269.44488840 0.07041203 0.97941528 0.18752415 0.02495113
718.41086669 22.01163407 269.28626523 0.07068799 0.97926201 0.18828469 0.02445388
719.18371198 21.34883077 269.06493552 0.07071771 0.97908536 0.18923057 0.02413839
719.91218901 20.62470549 268.85097378 0.07104797 0.97886925 0.19027685 0.02370461
720.62089346 19.87755633 268.69217147 0.07106757 0.97867494 0.19130210 0.02341520
721.40213306 19.12986222 268.57065546 0.07120777 0.97848063 0.19228462 0.02305949
722.11030082 18.49610659 268.37867742 0.07126167 0.97829146 0.19326455 0.02272464
722.83886587 17.77289728 268.24697222 0.07153502 0.97807018 0.19431627 0.02241982
723.57085282 17.03300239 268.03088816 0.07156942 0.97791174 0.19512752 0.02217424
724.41184346 16.88557094 268.08875489 0.07109883 0.97786326 0.19554033 0.02218941
725.18040701 16.66331181 268.10250791 0.07089171 0.97780464 0.19590953 0.02217912
725.94439477 16.50425956 268.12181033 0.07051366 0.97775155 0.19630708 0.02220955
726.73721823 16.30694213 268.21884008 0.07008897 0.97769355 0.19674011 0.02227504
727.49023107 16.11571587 268.21929636 0.06971079 0.97764213 0.19712345 0.02232966
728.27111177 15.87315810 268.28546397 0.06942437 0.97757274 0.19755942 0.02240679
729.03336157 15.62577443 268.31443354 0.06911245 0.97753722 0.19783738 0.02246824
729.67701299 15.52654968 268.37195500 0.06849754 0.97753032 0.19805287 0.02275108
730.29496599 15.36626150 268.42686837 0.06810928 0.97750876 0.19825781 0.02305618
730.85846771 15.22717722 268.47949417 0.06757106 0.97750428 0.19842861 0.02335835
731.45474281 15.10309731 268.60216915 0.06702153 0.97749105 0.19864072 0.02369013
731.99038347 14.93756705 268.60486734 0.06642310 0.97748925 0.19881051 0.02402325
732.54139566 14.76677355 268.68913969 0.06588236 0.97746233 0.19908196 0.02435746
733.11157590 14.55959304 268.71787661 0.06538959 0.97744853 0.19927436 0.02466385
733.55121218 14.47765685 268.75733763 0.06519128 0.97734551 0.19984287 0.02467131
733.98539202 14.38586130 268.76789552 0.06526754 0.97725211 0.20027270 0.02468403
734.35239823 14.25046711 268.79234896 0.06531861 0.97713865 0.20081014 0.02467428
734.76019255 14.19801418 268.86762124 0.06523847 0.97702723 0.20137330 0.02470875
735.10932682 14.10730949 268.91836902 0.06511950 0.97692399 0.20191133 0.02471409
735.50690207 13.99585729 268.95006667 0.06502391 0.97683216 0.20238161 0.02474907
735.87601555 13.87113735 268.96258735 0.06498632 0.97671869 0.20293767 0.02477254
736.00843980 13.92997090 269.01457066 0.06341327 0.97665602 0.20372039 0.02489531
736.06831970 13.88964621 269.01806900 0.06242157 0.97659551 0.20429794 0.02504219
736.15647654 13.88401067 268.98098177 0.06120976 0.97654129 0.20491374 0.02511641
736.23382089 13.81632599 269.04644147 0.05997623 0.97646422 0.20562562 0.02527033
736.31220526 13.77132697 268.97979191 0.05858137 0.97642989 0.20617301 0.02540839
736.37768678 13.65170232 268.95874156 0.05732264 0.97634768 0.20689105 0.02560120
736.44132308 13.42783956 268.91047014 0.05626186 0.97627768 0.20749788 0.02571228
736.50795474 13.35165556 268.96632201 0.05624599 0.97624709 0.20763285 0.02581880
736.56713391 13.28758111 268.96387586 0.05632532 0.97624089 0.20762469 0.02594542
736.66730986 13.15968115 268.97095090 0.05641357 0.97621830 0.20769329 0.02605452
736.72919969 13.09147399 268.99736909 0.05641914 0.97619943 0.20776281 0.02619474
736.82279021 13.02895197 269.00569739 0.05643207 0.97617549 0.20785337 0.02634019
736.92649753 12.93447859 269.00784209 0.05637669 0.97616128 0.20791544 0.02649533
737.00641911 12.83592112 269.01466476 0.05643482 0.97612150 0.20807017 0.02662210
737.05577270 12.67511384 268.92552496 0.05648431 0.97613329 0.20799605 0.02666381
737.02663660 12.49212068 268.83739414 0.05651720 0.97617316 0.20779424 0.02670789
737.03933990 12.22700144 268.77520119 0.05665079 0.97616556 0.20779137 0.02672536
737.06036068 12.00562045 268.70513972 0.05674874 0.97617132 0.20773561 0.02674044
737.10650540 11.80103861 268.63734644 0.05675226 0.97619448 0.20761251 0.02684333
737.15968593 11.57986734 268.53139654 0.05667378 0.97623867 0.20741465 0.02693150
737.25312759 11.36948242 268.47445693 0.05669439 0.97625209 0.20734235 0.02695828
737.41490904 11.38316639 268.54546435 0.05657664 0.97622795 0.20746523 0.02713399
737.58234425 11.39277293 268.53278875 0.05655396 0.97622388 0.20746419 0.02733499
737.75504547 11.37211146 268.55752135 0.05653563 0.97620796 0.20752129 0.02750746
737.89590900 11.38772161 268.62073984 0.05643691 0.97619553 0.20757757 0.02772570
738.02745513 11.43171609 268.66124520 0.05634279 0.97618090 0.20764428 0.02793190
738.18778941 11.42159095 268.67310418 0.05619701 0.97617414 0.20768622 0.02814923
738.31771169 11.42670607 268.69537892 0.05613979 0.97614777 0.20779970 0.02833961
738.19297711 11.63801323 268.79684995 0.05604845 0.97611742 0.20794176 0.02852344
738.09531560 11.86442838 268.83233363 0.05607914 0.97610539 0.20795896 0.02874825
738.01384183 12.06725620 268.95675866 0.05608576 0.97606196 0.20813795 0.02891406
737.87295227 12.31593883 269.14344860 0.05597347 0.97602952 0.20828561 0.02916233
737.69559202 12.61752353 269.24237050 0.05591058 0.97599916 0.20841954 0.02934193
737.57563140 12.87429980 269.31263895 0.05579658 0.97595893 0.20860770 0.02955895
737.44061242 13.08140099 269.38625886 0.05584019 0.97592078 0.20874979 0.02973256
737.66709653 13.39804782 269.55598192 0.05571416 0.97594204 0.20868123 0.02975249
737.85318027 13.72733555 269.59148232 0.05572155 0.97595857 0.20859440 0.02980523
738.06235207 14.07566053 269.78556036 0.05563339 0.97596934 0.20856643 0.02981292
738.15418980 14.43457260 270.01428149 0.05550676 0.97597727 0.20854878 0.02991296
738.31333553 14.83413314 270.14406463 0.05537167 0.97599407 0.20850064 0.02995061
738.43340455 15.20417923 270.24907481 0.05524501 0.97596935 0.20864115 0.03001145
738.55823167 15.45805718 270.37179366 0.05536793 0.97599630 0.20848338 0.03000479
738.78103145 15.30339113 270.37749097 0.05565921 0.97601003 0.20833668 0.03003827
739.05580162 15.20280619 270.33243736 0.05595327 0.97604385 0.20809351 0.03007852
739.34106909 15.07249031 270.30447405 0.05622372 0.97606632 0.20790500 0.03014869
739.58426847 15.00336997 270.38565537 0.05647573 0.97607821 0.20777301 0.03020262
739.79622717 14.97831207 270.41803281 0.05659908 0.97610232 0.20760868 0.03032234
740.04308309 14.98590448 270.46646033 0.05672902 0.97613461 0.20740858 0.03040911
740.30493479 14.96353736 270.54060242 0.05694066 0.97614482 0.20729056 0.03049068
740.33629235 15.01724544 270.59092337 0.05709408 0.97608798 0.20751293 0.03051064
740.35006383 15.10499800 270.51275177 0.05733451 0.97604982 0.20762362 0.03052767
740.40803875 15.15752176 270.53680107 0.05763638 0.97598956 0.20782580 0.03051019
740.38558680 15.27879730 270.58385441 0.05778805 0.97593318 0.20804437 0.03053689
740.36166955 15.41649515 270.60198428 0.05796684 0.97587068 0.20828641 0.03054566
740.37990499 15.51471438 270.58789803 0.05807130 0.97582333 0.20847313 0.03058594
740.37592950 15.57285428 270.60932823 0.05828862 0.97575832 0.20871500 0.03059711
740.37491234 15.65206535 270.71658394 0.05835515 0.97571951 0.20885231 0.03077064
740.41564682 15.72871580 270.72708262 0.05853235 0.97569602 0.20888237 0.03097399
740.47580407 15.80117210 270.81414374 0.05864194 0.97566086 0.20899407 0.03112062
740.43845359 15.92957518 270.96746022 0.05867552 0.97562311 0.20912942 0.03133085
740.41540335 16.10040914 271.03367275 0.05875433 0.97558340 0.20926676 0.03150201
740.39762034 16.23839773 271.09532287 0.05877189 0.97553407 0.20946154 0.03170178
740.39497207 16.33737634 271.16422866 0.05891043 0.97549201 0.20959305 0.03186931
740.44126892 16.24550117 271.10991178 0.05916490 0.97548467 0.20955183 0.03189377
740.46307152 16.15913748 271.04466324 0.05940572 0.97550840 0.20936860 0.03192351
740.53781729 15.99734099 271.01894723 0.05973576 0.97550035 0.20931335 0.03191582
740.60697324 15.89580601 271.00638562 0.05998427 0.97548661 0.20930609 0.03191732
740.67654141 15.79421800 271.00195505 0.06017736 0.97548256 0.20925827 0.03199113
740.76744512 15.72893875 270.96385211 0.06030215 0.97550263 0.20912035 0.03204614
740.89088776 15.64391859 270.95893451 0.06051831 0.97549038 0.20910939 0.03208280
740.82842769 15.10209245 270.58143662 0.06067243 0.97543988 0.20931606 0.03197932
740.48327627 14.56517382 270.21073514 0.06038816 0.97554362 0.20890385 0.03204840
740.02936671 13.89876910 269.99788190 0.06074269 0.97552776 0.20887776 0.03203124
739.88976749 13.38495141 269.86477096 0.06093531 0.97550071 0.20893358 0.03212481
739.72704669 12.99784888 269.54348624 0.06102248 0.97550472 0.20886895 0.03225775
739.50612024 12.60790550 269.21237197 0.06063208 0.97557646 0.20861885 0.03244216
739.47591240 12.14093137 269.15229655 0.06112069 0.97561083 0.20834825 0.03223016
739.69003534 12.89666185 269.46601140 0.06068201 0.97562918 0.20834890 0.03249816
739.76553360 13.69595782 269.73414075 0.06023640 0.97571277 0.20802166 0.03291131
740.05971217 14.41823050 270.20584226 0.05998575 0.97566572 0.20826748 0.03320787
740.15396781 15.12694692 270.53680513 0.05949576 0.97570033 0.20816335 0.03372154
740.49178690 15.88897588 270.99454152 0.05908113 0.97571618 0.20814485 0.03410404
740.80077766 16.58721533 271.22498267 0.05870060 0.97567443 0.20837981 0.03451799
741.00161354 17.17246565 271.63780163 0.05847568 0.97572412 0.20816792 0.03477293
741.27705943 17.29350743 271.76110111 0.05815577 0.97569730 0.20833600 0.03505405
741.54653165 17.34330391 271.73203337 0.05812791 0.97564253 0.20854474 0.03538202
741.83563776 17.39676017 271.75087779 0.05786022 0.97563185 0.20861320 0.03571023
742.05795555 17.42223539 271.83528985 0.05759308 0.97560957 0.20873132 0.03605889
742.31289629 17.40103683 271.82776464 0.05732424 0.97558116 0.20887958 0.03639578
742.55737545 17.35665612 271.85849270 0.05713794 0.97551718 0.20917386 0.03671214
742.81119360 17.30876802 271.82859141 0.05705378 0.97548790 0.20927998 0.03701498
742.96882787 17.26873367 271.89004822 0.05693514 0.97544280 0.20951532 0.03705478
743.13229398 17.21615590 271.87358731 0.05696303 0.97541790 0.20961514 0.03710283
743.30661224 17.13044158 271.90464729 0.05695985 0.97538455 0.20976508 0.03713701
743.45875659 17.10272147 271.93939890 0.05688715 0.97535163 0.20992705 0.03719791
743.59516677 17.06085240 271.95184669 0.05682344 0.97531107 0.21012192 0.03725836
743.76458708 16.98016202 271.97762496 0.05672432 0.97529022 0.21023419 0.03732194
743.90382800 16.92520482 271.97687142 0.05666125 0.97523924 0.21047535 0.03739048
744.09282539 16.90160975 272.01630180 0.05656754 0.97523200 0.21053151 0.03740520
744.28222507 16.87682808 272.00311105 0.05658362 0.97524731 0.21045179 0.03743023
744.50346120 16.79935931 272.03784933 0.05655231 0.97525055 0.21044154 0.03745073
744.70276602 16.77380299 272.07164255 0.05645951 0.97526103 0.21041150 0.03748670
744.89798429 16.72287739 272.08350548 0.05638532 0.97525970 0.21042894 0.03753497
745.11571457 16.65412129 272.11733981 0.05628010 0.97526981 0.21040151 0.03758388
745.32119891 16.60277898 272.12506412 0.05620133 0.97525303 0.21049179 0.03763178
745.38464237 16.64327300 272.20920051 0.05616477 0.97524470 0.21052675 0.03770643
745.45027680 16.68975375 272.24570544 0.05624336 0.97525126 0.21045522 0.03781890
745.56570192 16.70150477 272.31656992 0.05624009 0.97526234 0.21038541 0.03792623
745.64712363 16.74414739 272.41971092 0.05617132 0.97526802 0.21035220 0.03806601
745.74806150 16.78377001 272.48506942 0.05614245 0.97526363 0.21035749 0.03819164
745.86259015 16.76948896 272.57409221 0.05611110 0.97526349 0.21034646 0.03830191
745.94634969 16.80715758 272.60807609 0.05613300 0.97524775 0.21039036 0.03842922
746.05144231 16.84641153 272.68549515 0.05601228 0.97525640 0.21036691 0.03851420
746.16735649 16.89091731 272.69746202 0.05599087 0.97529062 0.21019473 0.03861864
746.28439845 16.90548552 272.74273692 0.05593078 0.97531189 0.21009467 0.03871305
746.38282579 16.95545141 272.81045981 0.05581644 0.97534112 0.20996672 0.03883553
746.47134680 17.00913738 272.85968245 0.05572821 0.97535714 0.20989451 0.03895005
746.59448623 17.01361230 272.89824905 0.05560400 0.97538839 0.20976121 0.03906293
746.68789935 17.06353216 272.93575618 0.05552479 0.97539093 0.20974946 0.03917508
746.82230919 17.03063297 272.96765125 0.05546872 0.97536013 0.20989957 0.03921746
746.94537056 16.99315603 272.93120653 0.05550930 0.97535429 0.20990755 0.03926260
747.09423227 16.90728492 272.93930803 0.05554034 0.97533316 0.20999127 0.03929586
747.21060844 16.88487766 272.94021367 0.05549821 0.97531456 0.21007808 0.03935312
747.32994612 16.84754779 272.94749675 0.05547747 0.97528966 0.21018802 0.03941220
747.47099375 16.77171379 272.94116585 0.05541103 0.97528150 0.21023008 0.03948334
747.59849150 16.72172712 272.94486872 0.05536554 0.97524507 0.21039904 0.03954697
747.77862260 16.72579893 272.99137966 0.05530158 0.97522652 0.21050208 0.03954557
747.95833881 16.74625036 272.96640123 0.05536531 0.97522772 0.21048116 0.03953809
748.15734662 16.71708776 272.98893944 0.05539634 0.97521910 0.21051371 0.03953386
748.32209498 16.74216908 273.02196267 0.05536298 0.97521759 0.21052742 0.03954498
748.47136482 16.76437642 273.05578546 0.05535678 0.97520212 0.21059815 0.03955843
748.67167691 16.74862347 273.07194283 0.05531449 0.97521088 0.21056519 0.03957724
748.83361587 16.77038337 273.08495285 0.05529110 0.97518451 0.21068873 0.03960206
748.99998136 16.79047396 273.15103676 0.05522530 0.97517823 0.21072564 0.03965201
749.17291025 16.81344140 273.15442962 0.05525950 0.97519505 0.21062802 0.03970945
749.36610769 16.79973955 273.21053052 0.05529104 0.97519806 0.21059759 0.03975308
749.53558090 16.84468574 273.26731803 0.05523493 0.97520440 0.21056903 0.03982656
749.68757118 16.87750022 273.31531301 0.05520056 0.97520339 0.21056848 0.03990183
749.86663899 16.87465928 273.35200179 0.05513216 0.97521663 0.21051092 0.03997664
750.01840111 16.90147463 273.37930638 0.05509485 0.97520246 0.21057216 0.04005091
750.11277718 16.90888763 273.42023271 0.05498147 0.97519523 0.21061613 0.04015164
750.21087170 16.91387831 273.39823429 0.05495196 0.97521607 0.21050555 0.04026551
750.32768226 16.86568331 273.41420460 0.05492492 0.97521810 0.21048553 0.04035786
750.41999977 16.88385835 273.43682790 0.05482495 0.97522845 0.21044083 0.04047653
750.50844716 16.89187345 273.44067600 0.05474478 0.97522872 0.21043662 0.04060015
750.62976757 16.85579202 273.45065536 0.05462587 0.97524713 0.21035828 0.04072405
750.72068151 16.85318957 273.46484540 0.05453048 0.97523436 0.21041972 0.04084015
750.87800887 16.84956573 273.48384051 0.05436023 0.97523654 0.21044330 0.04089337
751.04131799 16.85859129 273.42867421 0.05427639 0.97526252 0.21033298 0.04095286
751.21734910 16.80697431 273.43466598 0.05417295 0.97527271 0.21030349 0.04099841
751.37017855 16.80700971 273.44643020 0.05401584 0.97529552 0.21022580 0.04106168
751.51571528 16.80451822 273.45067019 0.05388123 0.97530585 0.21019917 0.04112920
751.69595403 16.76508302 273.45474809 0.05370682 0.97533467 0.21009636 0.04119936
751.77865010 16.80342781 273.43894187 0.05356455 0.97533194 0.21013197 0.04126735
751.78380687 16.83067412 273.43259482 0.05349723 0.97536424 0.20998920 0.04131809
751.80116584 16.82900575 273.43354980 0.05348658 0.97535139 0.21004543 0.04134935
751.82235769 16.83724929 273.43328669 0.05341544 0.97535663 0.21003284 0.04138167
751.79173152 16.84998224 273.45185978 0.05337022 0.97535847 0.21002296 0.04144669
751.77385549 16.83484592 273.43655334 0.05322353 0.97538671 0.20991398 0.04152291
751.74343623 16.83906057 273.45196122 0.05307281 0.97537318 0.21000346 0.04158110
