548.97959930 30.22453280 258.97299220 -0.01191120 0.99920678 -0.03487477 0.01508918
548.74428914 30.21510622 258.96278004 -0.01159436 0.99920214 -0.03497006 0.01541939
548.48819581 30.21854758 258.95444851 -0.01137838 0.99919855 -0.03499682 0.01574865
548.22249893 30.31785034 258.99131140 -0.01120330 0.99919610 -0.03498755 0.01604716
547.90711144 30.43681240 258.98734411 -0.01112401 0.99919319 -0.03499404 0.01626757
547.57781837 30.58921518 259.00864277 -0.01105728 0.99919662 -0.03487067 0.01636745
547.25644491 30.74821364 259.00761043 -0.01106838 0.99920023 -0.03474113 0.01641508
546.91982501 30.86007384 258.98434237 -0.01110247 0.99920251 -0.03467802 0.01638613
546.77569002 30.87653503 258.96914718 -0.01077590 0.99920640 -0.03459171 0.01654862
546.59318893 30.85187396 258.93589239 -0.01052609 0.99921011 -0.03449334 0.01669017
546.41655300 30.94068212 258.95981138 -0.01029727 0.99921458 -0.03436741 0.01682450
546.20505634 31.01146178 258.96068776 -0.01018011 0.99921833 -0.03425861 0.01689513
545.99543951 31.11740321 258.93435970 -0.01005125 0.99922885 -0.03400875 0.01685499
545.76737908 31.21440236 258.91697904 -0.00997733 0.99923958 -0.03375570 0.01677100
545.52595355 31.28419894 258.92238442 -0.00990391 0.99924978 -0.03354455 0.01663016
545.34286072 31.26261867 258.91013319 -0.00970831 0.99924418 -0.03367944 0.01680788
545.13129872 31.21250378 258.91361322 -0.00959994 0.99924058 -0.03373654 0.01696924
544.92518313 31.25435786 258.95718152 -0.00951466 0.99923798 -0.03377151 0.01710032
544.67279991 31.30572685 258.97149971 -0.00952010 0.99923605 -0.03379235 0.01716883
544.39076080 31.39401931 258.97173193 -0.00955760 0.99923811 -0.03373132 0.01714817
544.12987133 31.49048742 258.99473883 -0.00963998 0.99924157 -0.03363664 0.01708613
543.85224759 31.56096706 259.00519721 -0.00974121 0.99924358 -0.03359765 0.01698723
543.68742964 31.24922416 258.99906384 -0.00965074 0.99922903 -0.03396896 0.01715596
543.55503228 30.94823642 258.99816508 -0.00974562 0.99921265 -0.03433724 0.01732216
543.44442314 30.70386356 258.99686643 -0.00991670 0.99920109 -0.03458453 0.01739970
543.28596361 30.51430905 258.98362131 -0.01031009 0.99919450 -0.03464774 0.01742357
543.15204073 30.47400785 258.97171040 -0.01079515 0.99919581 -0.03449588 0.01735603
543.00544046 30.54625904 258.97942755 -0.01145051 0.99919431 -0.03436120 0.01728962
542.81610685 30.70620901 258.99944416 -0.01204840 0.99919371 -0.03421335 0.01721100
542.71733107 30.66293026 259.02725763 -0.01179545 0.99919386 -0.03419471 0.01741328
542.55935720 30.63508433 259.04054200 -0.01168011 0.99919605 -0.03412285 0.01750622
542.35466919 30.70731359 259.08117069 -0.01153885 0.99920333 -0.03394892 0.01752233
542.13583763 30.80563782 259.08691587 -0.01155110 0.99921150 -0.03375621 0.01742009
541.87471718 30.95667329 259.11512304 -0.01156646 0.99922284 -0.03349892 0.01725561
541.62059752 31.10785141 259.13293922 -0.01166389 0.99923547 -0.03318121 0.01707173
541.36940136 31.21569584 259.15576375 -0.01175059 0.99924450 -0.03296948 0.01689300
541.23456699 31.32513702 259.16014925 -0.01156573 0.99924181 -0.03309720 0.01692954
541.06038189 31.39381630 259.11901894 -0.01146747 0.99924157 -0.03320105 0.01680710
540.87056176 31.49248039 259.11764927 -0.01130795 0.99924639 -0.03322035 0.01658898
540.66858044 31.57837374 259.10806728 -0.01124706 0.99925072 -0.03326542 0.01627595
540.43550542 31.71106698 259.08739160 -0.01124608 0.99925748 -0.03324206 0.01590506
540.22848139 31.88415880 259.07377751 -0.01127310 0.99926344 -0.03319274 0.01561184
540.03213292 32.05397125 259.11953849 -0.01127388 0.99926698 -0.03320865 0.01534918
540.65743927 31.94135264 259.17000641 -0.01100151 0.99925692 -0.03345491 0.01566349
541.32762265 31.91221501 259.17970319 -0.01070873 0.99924841 -0.03365456 0.01597835
541.97288786 31.94443077 259.18856004 -0.01072124 0.99924065 -0.03374037 0.01627148
542.55304845 31.99709286 259.17515316 -0.01081097 0.99924509 -0.03360619 0.01621727
543.05249340 32.14772546 259.24485693 -0.01096015 0.99925499 -0.03339672 0.01593754
543.46567375 32.35035789 259.22308777 -0.01131843 0.99927374 -0.03296796 0.01539464
543.85271517 32.52670961 259.21728963 -0.01165370 0.99929518 -0.03250823 0.01471554
544.52797821 32.61753035 259.41488521 -0.01214372 0.99929756 -0.03187809 0.01551491
544.88641756 32.72085160 259.54244167 -0.01254132 0.99933163 -0.03099402 0.01477737
544.99573209 32.87291126 259.86245890 -0.01275002 0.99939239 -0.02989346 0.01259602
545.01217635 32.94138058 260.06339028 -0.01304107 0.99946089 -0.02867544 0.00925041
544.87488631 33.11907173 260.29043674 -0.01311898 0.99953346 -0.02706790 0.00529929
544.80440175 33.18898284 260.40586125 -0.01325861 0.99957834 -0.02578481 0.00157758
544.90568615 33.07974398 260.56244935 0.01370797 -0.99959480 0.02487116 0.00193820
545.36628219 33.21605555 260.75823926 0.01367170 -0.99957542 0.02554824 0.00305674
545.78397197 33.31402293 260.57240148 0.01346714 -0.99955692 0.02625674 0.00389757
546.44434105 33.42009666 260.65413907 0.01353064 -0.99953647 0.02688103 0.00460211
547.25985263 33.52671087 260.77488644 0.01371924 -0.99952111 0.02724563 0.00519733
548.00755759 33.78541194 260.81568773 0.01382346 -0.99949970 0.02786692 0.00571862
548.60693895 34.10419867 260.96066346 0.01410146 -0.99948061 0.02825146 0.00644318
549.22816412 34.42265247 261.02712001 0.01427948 -0.99946516 0.02853253 0.00716858
550.36553696 34.45117521 261.32715801 0.01469993 -0.99946619 0.02850688 0.00621323
551.21012988 34.39446299 261.41245384 0.01511261 -0.99946523 0.02848837 0.00541148
552.03489055 34.32958146 261.66413577 0.01555660 -0.99946408 0.02840395 0.00477098
552.95670058 34.35051334 261.83500551 0.01611359 -0.99946596 0.02809261 0.00435439
553.88564670 34.36789752 261.96774161 0.01661800 -0.99946194 0.02797311 0.00414370
554.66964335 34.35756571 262.24848277 0.01723358 -0.99945788 0.02772474 0.00427587
555.51760727 34.27151138 262.44569115 0.01794162 -0.99945595 0.02730938 0.00448293
556.63653309 34.35391122 262.55261827 0.01824187 -0.99945445 0.02730244 0.00355160
557.74804463 34.47370047 262.67818666 0.01861381 -0.99945318 0.02719486 0.00270360
558.82761621 34.64493315 262.78655566 0.01906426 -0.99944886 0.02710494 0.00196325
559.83307296 34.79978858 262.84238431 0.01954864 -0.99944405 0.02696895 0.00145568
560.82715631 34.96451931 262.93443281 0.02019280 -0.99943678 0.02677623 0.00118591
561.74761042 35.07564208 263.03226918 0.02074415 -0.99943314 0.02649369 0.00107617
562.63069395 35.19469348 263.13971599 0.02132813 -0.99942582 0.02630362 0.00112606
562.59045854 35.35218634 263.14820292 0.02150036 -0.99942244 0.02630780 0.00064280
562.69682563 35.61436042 263.10423692 -0.02146419 0.99942280 -0.02632780 0.00044294
563.02386500 35.83699219 263.16447215 -0.02170868 0.99940866 -0.02660801 0.00175312
563.31139864 36.05619066 263.13125538 -0.02181758 0.99940015 -0.02673719 0.00290794
563.41459862 36.28418677 263.11713370 -0.02203420 0.99939647 -0.02660602 0.00364859
563.46603829 36.54883796 263.09172984 -0.02232535 0.99939633 -0.02633658 0.00386491
563.34991883 36.78011200 263.11189209 -0.02239842 0.99940265 -0.02606936 0.00361185
564.10307978 36.77517780 263.22769872 -0.02244635 0.99939742 -0.02617260 0.00399389
564.86397526 36.80630016 263.34869489 -0.02246573 0.99939246 -0.02626647 0.00448111
565.64055311 36.88017835 263.46522215 -0.02257593 0.99938709 -0.02629225 0.00494810
566.35485187 36.96720142 263.55099641 -0.02274232 0.99938345 -0.02623746 0.00520612
566.96330799 37.06174514 263.70397335 -0.02299568 0.99938179 -0.02607574 0.00522509
567.52584092 37.15263106 263.79681458 -0.02329759 0.99937877 -0.02596665 0.00500221
568.01763045 37.23339313 263.89541275 -0.02358828 0.99938038 -0.02571236 0.00461670
568.70943182 37.39249199 264.03057893 -0.02373868 0.99936348 -0.02618358 0.00485040
569.45550509 37.56313790 264.12444780 -0.02389594 0.99934746 -0.02658538 0.00518152
570.15687032 37.82409922 264.25348358 -0.02422970 0.99932825 -0.02693448 0.00552366
570.84821340 38.11820231 264.36331987 -0.02475767 0.99930885 -0.02714579 0.00565557
571.40608377 38.48323065 264.51033434 -0.02539766 0.99929053 -0.02724436 0.00558027
571.94811784 38.86825343 264.57096738 -0.02613769 0.99927309 -0.02724454 0.00527712
572.41989551 39.22166175 264.66339721 -0.02681575 0.99925751 -0.02723955 0.00483159
573.13513777 39.43161174 264.74855256 -0.02707194 0.99924368 -0.02741715 0.00524161
573.88985670 39.68889928 264.78879840 -0.02741575 0.99922829 -0.02754804 0.00568339
574.61544745 39.99435436 264.84850859 -0.02779046 0.99921107 -0.02771106 0.00608555
575.30107324 40.27448415 264.89358916 -0.02835010 0.99919424 -0.02770906 0.00627359
575.87232574 40.60548223 264.98145959 -0.02895694 0.99917769 -0.02768235 0.00625441
576.42363092 40.95222113 265.02354381 -0.02962696 0.99916303 -0.02755244 0.00602864
576.92174270 41.24269970 265.07462570 -0.03024829 0.99915007 -0.02742054 0.00568207
577.17966290 41.28318625 265.12650476 -0.03039615 0.99913425 -0.02770494 0.00626624
577.45796759 41.42273088 265.13922235 -0.03073147 0.99911576 -0.02782251 0.00701360
577.70911799 41.66996888 265.16479399 -0.03137847 0.99908921 -0.02782431 0.00787119
577.96013579 42.01667091 265.25401419 -0.03226194 0.99905975 -0.02762337 0.00870274
578.15701920 42.39259499 265.36558296 -0.03334236 0.99902521 -0.02733432 0.00947418
578.28643539 42.86663740 265.41142473 -0.03443407 0.99899302 -0.02692391 0.01011673
578.39038232 43.26636819 265.49496575 -0.03559624 0.99895582 -0.02659319 0.01062924
579.26666928 43.51457319 265.63272710 -0.03632467 0.99891819 -0.02660964 0.01161450
580.17998488 43.80214860 265.75399441 -0.03717338 0.99887365 -0.02661080 0.01270606
581.05877604 44.13224459 265.92460531 -0.03802670 0.99882580 -0.02665065 0.01381067
581.90706772 44.46077079 266.02525583 -0.03908510 0.99877470 -0.02656336 0.01469134
582.62393430 44.79684031 266.19436798 -0.04012699 0.99872975 -0.02635547 0.01530036
583.38026387 45.10187047 266.26167735 -0.04114524 0.99869176 -0.02601614 0.01565225
583.98891949 45.40997917 266.43516987 -0.04216026 0.99865519 -0.02573096 0.01575588
584.71382335 45.45828271 266.49421368 -0.04309517 0.99857838 -0.02603031 0.01750574
585.23000253 45.57946645 266.62176208 -0.04400298 0.99851255 -0.02617817 0.01873868
585.62289397 45.69788308 266.77233719 -0.04491204 0.99845546 -0.02633117 0.01939754
585.88964087 45.76576318 266.87394994 -0.04591160 0.99841258 -0.02618419 0.01946384
586.03012992 46.02818131 267.01454670 -0.04708896 0.99837680 -0.02579848 0.01899574
586.15865928 46.18398075 267.10208430 -0.04822375 0.99834380 -0.02546819 0.01831666
586.11156193 46.31505984 267.15175416 -0.04938292 0.99831179 -0.02513029 0.01741726
586.84352345 46.53732275 267.29554232 -0.04999341 0.99825750 -0.02539094 0.01838287
587.64979118 46.73824641 267.41128735 -0.05048682 0.99820322 -0.02568806 0.01953319
588.40217373 46.94981968 267.53411463 -0.05115377 0.99813538 -0.02610386 0.02067962
589.14899715 47.15597679 267.59397618 -0.05182393 0.99807238 -0.02642900 0.02161720
589.70318505 47.40867883 267.65517687 -0.05251776 0.99801736 -0.02662796 0.02223050
590.28170600 47.64944113 267.66138304 -0.05319583 0.99797386 -0.02671202 0.02246890
590.66611640 47.89372082 267.75107306 -0.05381514 0.99794196 -0.02670916 0.02241423
591.57873827 48.12228664 267.91661657 -0.05433564 0.99787946 -0.02698928 0.02357551
592.52793914 48.34245967 268.03057004 -0.05477410 0.99781867 -0.02723859 0.02481447
593.41835248 48.61138215 268.18569649 -0.05537096 0.99774685 -0.02759641 0.02595610
594.26712174 48.86545267 268.27015682 -0.05592765 0.99768542 -0.02787745 0.02680951
594.90979272 49.17210118 268.37183233 -0.05650454 0.99763396 -0.02807297 0.02730624
595.51198934 49.47081895 268.39005112 -0.05712644 0.99759596 -0.02810189 0.02737078
595.94253582 49.75198175 268.49140028 -0.05767040 0.99757209 -0.02806773 0.02713395
596.73202432 50.07106988 268.60278049 -0.05802992 0.99750869 -0.02851936 0.02820601
597.51667433 50.35453065 268.66240304 -0.05830207 0.99744471 -0.02906398 0.02932920
598.22467336 50.66431289 268.77488235 -0.05876613 0.99737735 -0.02957322 0.03017272
598.83631868 50.94689982 268.82244708 -0.05919888 0.99733015 -0.02993593 0.03052702
599.20742372 51.26837456 268.90056703 -0.05953129 0.99730423 -0.03025819 0.03040939
599.52574207 51.59015444 268.88963513 -0.06001528 0.99728762 -0.03044094 0.02981469
599.70450851 51.85621126 268.88846150 -0.06040865 0.99728769 -0.03053450 0.02890859
599.82442652 51.98817423 268.97773542 -0.06064993 0.99725638 -0.03069859 0.02930702
599.94364966 52.07041700 269.04959284 -0.06091953 0.99722588 -0.03080423 0.02967261
599.95327123 52.22393186 269.14507669 -0.06114879 0.99720002 -0.03094680 0.02992070
599.98703200 52.34009675 269.21149669 -0.06140227 0.99717466 -0.03114364 0.03004206
599.85862547 52.51482793 269.24137047 -0.06166093 0.99715371 -0.03129650 0.03004890
599.74795144 52.67070814 269.30192662 -0.06188114 0.99714117 -0.03134971 0.02995692
599.53401445 52.77110003 269.33745527 -0.06218836 0.99712513 -0.03142016 0.02978018
599.36835947 52.77197954 269.37020513 -0.06218847 0.99711598 -0.03148725 0.03001441
599.21451010 52.75458511 269.40471250 -0.06224188 0.99710632 -0.03144561 0.03026744
598.99821731 52.79052871 269.46122175 -0.06229020 0.99709512 -0.03147900 0.03050112
598.78798827 52.84006099 269.49438744 -0.06240202 0.99707944 -0.03156921 0.03069143
598.49184620 52.88751691 269.49062633 -0.06255454 0.99706750 -0.03153991 0.03079867
598.24119879 52.97088128 269.52282567 -0.06272220 0.99705700 -0.03148728 0.03085151
597.93336033 53.03506637 269.55355567 -0.06289881 0.99704799 -0.03144400 0.03082720
597.72231268 52.85958363 269.61723326 -0.06297080 0.99703124 -0.03143828 0.03122523
597.44611344 52.60029526 269.71348925 -0.06316060 0.99701102 -0.03143082 0.03149388
597.11516481 52.32013155 269.71821368 -0.06324475 0.99700616 -0.03137289 0.03153675
596.76041499 52.02933303 269.76064245 -0.06334844 0.99700080 -0.03140612 0.03146496
596.34656010 51.77568949 269.80858558 -0.06347314 0.99700166 -0.03131297 0.03127845
595.99265153 51.57703464 269.90412351 -0.06358418 0.99699850 -0.03135117 0.03111517
595.61467757 51.39723619 269.90093356 -0.06367604 0.99699892 -0.03132611 0.03093853
595.16780888 51.18050928 269.91513977 -0.06330786 0.99701452 -0.03141190 0.03110381
594.71872763 50.98158861 269.93275892 -0.06299582 0.99702758 -0.03137778 0.03135234
594.29036125 50.89749948 269.95223829 -0.06282570 0.99703237 -0.03130899 0.03160891
593.80639522 50.85317264 269.97015970 -0.06265637 0.99703582 -0.03131928 0.03182550
593.31143282 50.87589503 269.97788440 -0.06262743 0.99704226 -0.03107423 0.03192052
592.82941193 50.96099519 269.94083499 -0.06258938 0.99705065 -0.03085170 0.03194898
592.30754332 51.03644585 269.89462685 -0.06264498 0.99705783 -0.03058600 0.03187137
591.99706211 51.10208725 269.85296844 -0.06265838 0.99705262 -0.03065783 0.03193905
591.67449677 51.13056158 269.79330858 -0.06274101 0.99704715 -0.03062147 0.03198234
591.32588013 51.27069593 269.83124602 -0.06281208 0.99704228 -0.03061134 0.03200448
590.95095058 51.42501842 269.82911848 -0.06295471 0.99703287 -0.03063847 0.03199124
590.56589293 51.56060772 269.80312822 -0.06310299 0.99702642 -0.03059753 0.03193931
590.20114868 51.72145940 269.79126679 -0.06323682 0.99702069 -0.03055928 0.03189018
589.82664495 51.80999585 269.78354814 -0.06339551 0.99701248 -0.03057448 0.03181715
589.61562263 51.80036615 269.80100308 -0.06333085 0.99700905 -0.03067634 0.03195503
589.37715740 51.73912641 269.79771430 -0.06330643 0.99700791 -0.03069469 0.03202111
589.08196384 51.74660931 269.82241059 -0.06324568 0.99701148 -0.03070622 0.03201897
588.77849763 51.77814266 269.81624138 -0.06325941 0.99701099 -0.03074645 0.03196869
588.45229986 51.82249541 269.79325547 -0.06332205 0.99701100 -0.03073580 0.03185428
588.17106390 51.89120095 269.79272389 -0.06333527 0.99701326 -0.03074077 0.03175223
587.86617992 51.93755293 269.77849282 -0.06338129 0.99701482 -0.03072596 0.03162540
587.67669578 51.93345975 269.78367907 -0.06331550 0.99701411 -0.03078154 0.03172542
587.45074971 51.91244850 269.75694404 -0.06325344 0.99701729 -0.03072512 0.03180389
587.19090814 51.97656472 269.82060659 -0.06324708 0.99701995 -0.03063077 0.03182416
586.90808370 52.04304443 269.83280831 -0.06330817 0.99701651 -0.03064058 0.03180103
586.63118528 52.13048353 269.83551067 -0.06337020 0.99701621 -0.03059505 0.03173068
586.36400385 52.23474729 269.84077918 -0.06344584 0.99701631 -0.03053360 0.03163549
586.06947335 52.29885040 269.86130378 -0.06348588 0.99701861 -0.03048258 0.03153182
585.88884009 52.34159063 269.84204821 -0.06333426 0.99701901 -0.03065959 0.03165210
585.63545501 52.36970859 269.80765645 -0.06316029 0.99702400 -0.03070491 0.03179836
585.40329693 52.49190313 269.85669694 -0.06306947 0.99702623 -0.03073475 0.03187954
585.13439420 52.61920607 269.86238693 -0.06306348 0.99702324 -0.03081287 0.03190960
584.83602727 52.76726805 269.85169397 -0.06305449 0.99702389 -0.03085855 0.03186275
584.55832752 52.92901443 269.85340537 -0.06309532 0.99702378 -0.03087212 0.03177236
584.25525136 53.05301857 269.86170120 -0.06314997 0.99702269 -0.03091967 0.03165151
584.10779537 53.06775375 269.84158569 -0.06293282 0.99702673 -0.03115603 0.03172483
583.89038044 53.07457541 269.81846876 -0.06271529 0.99703528 -0.03121540 0.03182834
583.67040081 53.17458102 269.84877905 -0.06260517 0.99703817 -0.03126077 0.03190998
583.43064737 53.30136522 269.85743569 -0.06262840 0.99703229 -0.03136409 0.03194668
583.16623477 53.45659503 269.83679513 -0.06263828 0.99703073 -0.03141370 0.03192731
582.89769626 53.62842133 269.82875043 -0.06270625 0.99702761 -0.03143788 0.03186742
582.63171328 53.76761682 269.83420058 -0.06279845 0.99702272 -0.03148674 0.03179057
582.47936192 53.80816004 269.81579478 -0.06270487 0.99701488 -0.03172235 0.03198628
582.26652514 53.85809731 269.79083537 -0.06260423 0.99701058 -0.03179275 0.03224633
582.04175575 53.98488461 269.83723939 -0.06260438 0.99700220 -0.03183572 0.03246208
581.78309280 54.13739761 269.86108568 -0.06268022 0.99698830 -0.03196381 0.03261657
581.51909798 54.29644519 269.86959451 -0.06273631 0.99698026 -0.03204816 0.03267170
581.25668786 54.44723396 269.88666509 -0.06286698 0.99697178 -0.03208514 0.03264288
580.97932997 54.56350797 269.89861338 -0.06299228 0.99696447 -0.03215139 0.03255938
580.85399162 54.63174110 269.87377762 -0.06295325 0.99695374 -0.03244286 0.03267387
580.66596809 54.68975628 269.84164073 -0.06293313 0.99694539 -0.03259385 0.03281687
580.45753480 54.83311667 269.89474981 -0.06295791 0.99693634 -0.03272445 0.03291408
580.22429960 55.01843806 269.91419314 -0.06307933 0.99692019 -0.03292421 0.03297175
579.97842042 55.21547919 269.90691605 -0.06318154 0.99691007 -0.03304229 0.03296383
579.75254202 55.40435219 269.92973667 -0.06336942 0.99689738 -0.03314284 0.03288603
579.50209437 55.54632419 269.94986959 -0.06354722 0.99688461 -0.03328567 0.03278537
579.32388736 55.60423635 269.90990819 -0.06343837 0.99687704 -0.03348125 0.03302660
579.11860294 55.65584800 269.87431682 -0.06337053 0.99686996 -0.03354212 0.03330742
578.87833506 55.77825201 269.91659029 -0.06332961 0.99686190 -0.03361463 0.03355240
578.60153178 55.91978368 269.92130463 -0.06337371 0.99684927 -0.03373779 0.03372045
578.32444191 56.08696534 269.89831405 -0.06341596 0.99684185 -0.03381231 0.03378558
578.05787408 56.24193768 269.89608532 -0.06350617 0.99683508 -0.03387427 0.03375381
577.75618496 56.35669870 269.91660397 -0.06357645 0.99683132 -0.03394533 0.03366118
577.59930562 56.37978423 269.93344507 -0.06351388 0.99682183 -0.03408917 0.03391379
577.50693265 56.39679604 269.95303085 -0.06352660 0.99680911 -0.03421962 0.03413191
577.38148950 56.46241809 269.98712611 -0.06352578 0.99679752 -0.03433707 0.03435325
577.26667637 56.52019120 270.01679487 -0.06359186 0.99678292 -0.03447086 0.03452014
577.13341804 56.59988706 270.03345827 -0.06364960 0.99677220 -0.03456283 0.03463124
577.00126174 56.68631028 270.05327587 -0.06373511 0.99676190 -0.03466198 0.03467139
576.83912008 56.75550208 270.06905433 -0.06381542 0.99675349 -0.03476354 0.03466372
576.83106771 56.78817587 270.08833573 -0.06387436 0.99674138 -0.03491936 0.03474653
