722.30606780 102.65412250 285.63323660 0.02766026 0.99820197 -0.00417906 0.05301204
722.36372330 102.70746519 285.65026881 0.02753039 0.99820074 -0.00418183 0.05310241
722.43402336 102.71723406 285.56828785 0.02747151 0.99819681 -0.00424622 0.05320164
722.56576607 102.71154041 285.56470948 0.02738309 0.99819380 -0.00427035 0.05330168
722.63135703 102.72269408 285.54737350 0.02727453 0.99819016 -0.00438491 0.05341610
722.73524901 102.77137436 285.52162604 0.02719162 0.99818638 -0.00443901 0.05352434
722.88742457 102.78562875 285.49805801 0.02708533 0.99818362 -0.00448916 0.05362544
722.99171556 102.85819622 285.44621821 0.02696230 0.99818135 -0.00445293 0.05373267
722.95102764 102.96464861 285.45164990 0.02688953 0.99817000 -0.00451063 0.05397468
722.92381366 103.04331555 285.35804948 0.02684017 0.99815674 -0.00462157 0.05423438
722.99192292 103.09841904 285.34721769 0.02675723 0.99814421 -0.00472276 0.05449664
722.99864823 103.17158784 285.33870038 0.02665883 0.99812973 -0.00487807 0.05479550
723.01799752 103.29121731 285.30735045 0.02661966 0.99811485 -0.00499200 0.05507467
723.09634026 103.33489856 285.26903390 0.02657667 0.99810111 -0.00505762 0.05533784
723.12409591 103.44947986 285.20153426 0.02653258 0.99808662 -0.00508719 0.05561686
723.11448859 103.48860232 285.17850275 0.02653371 0.99808956 -0.00501263 0.05557037
723.10297016 103.47789904 285.07557070 0.02664198 0.99809049 -0.00502042 0.05550117
723.14302605 103.47040597 285.05954611 0.02674723 0.99809098 -0.00497547 0.05544572
723.14416512 103.48870995 284.99225514 0.02681338 0.99809337 -0.00496965 0.05537128
723.14476983 103.53409950 284.94815585 0.02689468 0.99809440 -0.00489513 0.05531984
723.19944386 103.55533898 284.89585872 0.02693769 0.99809593 -0.00489137 0.05527154
723.20355317 103.59173327 284.83845262 0.02692448 0.99809866 -0.00472000 0.05524361
724.04490801 103.56029549 285.03798155 0.02662781 0.99809780 -0.00473563 0.05540137
724.89207480 103.45423190 285.12199802 0.02644113 0.99809272 -0.00463823 0.05559017
725.81258559 103.37156468 285.25819260 0.02592047 0.99809140 -0.00486415 0.05583922
726.72893944 103.31011048 285.40894915 0.02551316 0.99808671 -0.00501531 0.05609665
727.74310582 103.14197523 285.52957983 0.02520514 0.99808006 -0.00512948 0.05634352
728.71633140 103.01668035 285.78199226 0.02513812 0.99806664 -0.00506134 0.05661666
729.71984574 102.85202519 285.94201250 0.02493765 0.99805143 -0.00534375 0.05694642
730.22928594 102.70749687 286.02225499 0.02477984 0.99802518 -0.00510961 0.05749431
730.70294187 102.51993089 286.08612768 0.02471885 0.99799355 -0.00476816 0.05809579
731.21549162 102.37094741 286.16731178 0.02448246 0.99796465 -0.00454471 0.05870705
731.71015048 102.24729667 286.32376671 0.02426316 0.99793520 -0.00421971 0.05931972
732.17905812 102.11319318 286.36150410 0.02405842 0.99790473 -0.00402909 0.05992579
732.64936555 102.00920953 286.46416537 0.02398686 0.99787249 -0.00361011 0.06051530
733.07356148 101.85400126 286.50893488 0.02384576 0.99783831 -0.00341204 0.06114283
733.40537409 102.07967441 286.54369463 0.02366697 0.99781950 -0.00362187 0.06150613
733.76707503 102.25088370 286.53591511 0.02351139 0.99779509 -0.00384566 0.06194667
734.15560967 102.46665496 286.51387338 0.02320134 0.99777692 -0.00408744 0.06233942
734.43104886 102.61849842 286.60847117 0.02287051 0.99775510 -0.00435119 0.06279149
734.70822130 102.76567620 286.60843370 0.02262407 0.99773343 -0.00459258 0.06320655
735.04283994 102.94191492 286.62780477 0.02243527 0.99771426 -0.00457265 0.06357669
735.36363034 103.07297552 286.58370998 0.02228464 0.99769042 -0.00481210 0.06398493
735.26806340 103.18121590 286.58060092 0.02221318 0.99769181 -0.00457896 0.06400518
735.20509821 103.29232527 286.54328840 0.02228542 0.99768792 -0.00448779 0.06404712
735.16389096 103.42111343 286.54392397 0.02236975 0.99768566 -0.00424251 0.06406963
735.08854090 103.61458413 286.57993785 0.02235778 0.99768340 -0.00404757 0.06412163
734.95410556 103.78377222 286.54911284 0.02238015 0.99768215 -0.00380410 0.06414815
734.89789334 103.93657930 286.52145330 0.02232481 0.99768169 -0.00361855 0.06418526
734.85429730 104.05330628 286.50628015 0.02229285 0.99768065 -0.00334309 0.06422751
734.18748312 104.43442676 286.42964001 0.02193069 0.99770567 -0.00356853 0.06395076
733.56293285 104.72038116 286.31365689 0.02178269 0.99772218 -0.00378020 0.06373124
732.99553456 105.04851541 286.24768739 0.02136232 0.99774787 -0.00402277 0.06345597
732.38876131 105.35920768 286.20654128 0.02112980 0.99776676 -0.00437973 0.06321264
731.80368732 105.65873395 286.13385483 0.02085751 0.99778939 -0.00456206 0.06293243
731.20432689 105.97216271 286.04803876 0.02069987 0.99781059 -0.00463688 0.06264221
730.62332257 106.27662970 285.93308246 0.02055207 0.99782664 -0.00491964 0.06241323
729.98188759 106.56403587 285.87005853 0.02067232 0.99786003 -0.00471519 0.06185286
729.36049763 106.84494332 285.76964746 0.02100292 0.99788732 -0.00451243 0.06131405
728.80388345 107.17979531 285.72231079 0.02122239 0.99791829 -0.00431534 0.06074592
728.20898263 107.58859976 285.68405795 0.02147121 0.99794850 -0.00413354 0.06017227
727.64722273 107.90793684 285.61307651 0.02169987 0.99797982 -0.00385570 0.05958631
727.05456262 108.25571790 285.50223530 0.02199409 0.99800867 -0.00361584 0.05900745
726.48095279 108.58496820 285.38323421 0.02225352 0.99803337 -0.00341320 0.05850225
726.43174479 109.01708486 285.31617323 0.02224841 0.99797287 -0.00346081 0.05952459
726.36835860 109.36186764 285.22456281 0.02210504 0.99790331 -0.00350049 0.06072972
726.44449058 109.70087064 285.14289547 0.02174930 0.99783819 -0.00363235 0.06190899
726.54228248 109.93658075 285.15005249 0.02142686 0.99776368 -0.00379121 0.06319926
726.61883100 110.15809217 285.11702325 0.02134232 0.99768977 -0.00408111 0.06436589
726.67651175 110.30648021 285.09565037 0.02152568 0.99761699 -0.00375743 0.06544363
726.75038438 110.44432657 284.90736513 0.02172517 0.99753720 -0.00409578 0.06656408
725.96709926 110.79978837 284.74944667 0.02198541 0.99747888 -0.00387248 0.06736125
725.14088385 111.14586784 284.54574026 0.02221589 0.99741200 -0.00355076 0.06828732
724.45951951 111.45451904 284.40641467 0.02214736 0.99735263 -0.00337013 0.06917998
723.79873649 111.72948423 284.31932600 0.02214194 0.99728371 -0.00316542 0.07017781
723.17798444 112.01004555 284.16966169 0.02234798 0.99721625 -0.00304124 0.07107094
722.51632099 112.20958652 284.03954011 0.02278555 0.99714938 -0.00247972 0.07188727
721.83406821 112.40739551 283.77500632 0.02324819 0.99707426 -0.00244187 0.07277696
721.18781517 112.65338149 283.76085197 0.02332536 0.99700817 -0.00258515 0.07364752
720.52293673 112.89674332 283.71937756 0.02327486 0.99693690 -0.00280661 0.07461386
719.96287299 113.11945954 283.70434995 0.02314518 0.99686988 -0.00286774 0.07554156
719.40361863 113.34352919 283.78340226 0.02298856 0.99679656 -0.00304002 0.07654342
718.80672900 113.60912699 283.77025848 0.02297482 0.99672212 -0.00329896 0.07750020
718.24087298 113.80870650 283.69924355 0.02299092 0.99665353 -0.00321734 0.07837610
717.63429891 114.06469562 283.56243238 0.02317271 0.99657768 -0.00339161 0.07927458
716.74453329 114.31103901 283.40190463 0.02309823 0.99653674 -0.00362143 0.07979897
715.84633759 114.54545412 283.25447791 0.02298673 0.99648984 -0.00387451 0.08040267
715.04078139 114.73620071 283.15912264 0.02258099 0.99645146 -0.00409451 0.08098043
714.29163239 114.91094442 283.09235840 0.02236458 0.99640308 -0.00446842 0.08161344
713.50531045 115.12138491 282.99781348 0.02229439 0.99635567 -0.00484512 0.08218803
712.70532391 115.25448749 282.88223310 0.02239720 0.99631102 -0.00487220 0.08269816
711.91739589 115.46474589 282.67554547 0.02246203 0.99626218 -0.00518469 0.08324804
710.73578853 115.49124002 282.37405570 0.02268895 0.99624178 -0.00511159 0.08343498
709.47975656 115.52772449 282.10011191 0.02283785 0.99621896 -0.00501852 0.08367211
708.32338478 115.61630955 281.85067324 0.02267112 0.99620324 -0.00503180 0.08390361
707.21939161 115.67518606 281.65469016 0.02281931 0.99617589 -0.00504739 0.08418672
706.14191422 115.72493352 281.43777099 0.02293822 0.99614913 -0.00513067 0.08446554
705.07215579 115.70652704 281.26251286 0.02323025 0.99612797 -0.00493334 0.08464686
704.02696661 115.73625952 280.94375659 0.02353199 0.99609694 -0.00497831 0.08492560
703.47945678 115.73678808 280.81763601 0.02373072 0.99610028 -0.00457918 0.08485348
702.83910720 115.68434388 280.62966801 0.02412811 0.99609603 -0.00419022 0.08481139
702.29869341 115.64162522 280.51506213 0.02420058 0.99609909 -0.00389477 0.08476887
701.75497095 115.64023444 280.40403818 0.02442816 0.99610153 -0.00356892 0.08468924
701.24775875 115.64918711 280.29678196 0.02462066 0.99610439 -0.00316375 0.08461596
700.75155140 115.62078917 280.21910397 0.02502958 0.99610461 -0.00269795 0.08450944
700.27230266 115.61224497 280.02417066 0.02533716 0.99609722 -0.00234976 0.08451530
699.33206469 115.70300773 279.84146894 0.02530809 0.99607074 -0.00214787 0.08484079
698.28772484 115.72740892 279.61153205 0.02533458 0.99603582 -0.00195845 0.08524654
697.36749006 115.80147302 279.39439843 0.02489439 0.99601245 -0.00189176 0.08564978
696.43939791 115.85902938 279.27731429 0.02471522 0.99598155 -0.00179496 0.08606215
695.59085689 115.94489557 279.11594271 0.02456644 0.99595250 -0.00176016 0.08644084
694.70529623 115.92134052 278.98900221 0.02473891 0.99592245 -0.00136892 0.08674433
693.84211365 115.95633822 278.70052513 0.02479171 0.99588407 -0.00134173 0.08716933
692.48754153 116.24536046 278.30160945 0.02488161 0.99586137 -0.00115020 0.08740541
691.07876308 116.51230534 277.90061411 0.02491794 0.99583105 -0.00085579 0.08774327
689.80121386 116.78468131 277.53214384 0.02461466 0.99581053 -0.00070867 0.08806248
688.52977518 117.03029107 277.24303841 0.02466333 0.99577287 -0.00058641 0.08847471
687.25528999 117.28828791 276.93142538 0.02474315 0.99574037 -0.00052789 0.08881782
685.93927028 117.46766963 276.58980196 0.02508672 0.99571201 -0.00004627 0.08904065
684.72887389 117.69425313 276.14894396 0.02544118 0.99567212 -0.00001419 0.08938550
683.28646256 117.72289795 275.76279008 0.02561176 0.99568301 -0.00003247 0.08921539
681.77863921 117.77638764 275.39997893 0.02569429 0.99569176 0.00005358 0.08909388
680.42019488 117.88426295 275.03475990 0.02543786 0.99571143 -0.00002006 0.08894755
679.08083167 117.90330201 274.72586855 0.02554591 0.99571713 -0.00007270 0.08885265
677.72427301 117.95416772 274.39815623 0.02563920 0.99572476 -0.00018625 0.08874009
676.34899847 117.92990991 274.13794605 0.02596498 0.99573390 0.00004665 0.08854280
675.10000392 117.93771945 273.79667507 0.02619794 0.99573547 -0.00005151 0.08845642
673.54397908 118.02461303 273.34246886 0.02615469 0.99574636 -0.00027679 0.08834619
671.91582375 118.16083554 272.89510171 0.02597538 0.99575580 -0.00038766 0.08829218
670.35374467 118.30967578 272.45097456 0.02540106 0.99577914 -0.00083501 0.08819294
668.90074075 118.38359037 272.08689518 0.02532301 0.99578381 -0.00118910 0.08815856
667.46102752 118.50271607 271.69904972 0.02512920 0.99578896 -0.00161811 0.08814903
666.01248155 118.58758132 271.39419433 0.02523613 0.99579894 -0.00173172 0.08800352
664.65268986 118.74153627 270.94999421 0.02525768 0.99579650 -0.00208644 0.08801722
663.27966246 118.79485221 270.53615846 0.02496107 0.99580902 -0.00228282 0.08795523
661.83220620 118.88159050 270.14419283 0.02456726 0.99581841 -0.00235399 0.08795801
660.44372265 118.97077738 269.74458409 0.02382480 0.99584108 -0.00277966 0.08789310
659.19981146 119.00604235 269.43029900 0.02357905 0.99584515 -0.00305658 0.08790404
657.94540301 119.05002211 269.09824440 0.02321636 0.99584930 -0.00348095 0.08793779
656.67880447 119.04726739 268.83594045 0.02312134 0.99585950 -0.00353002 0.08784528
655.47611970 119.10759131 268.42367509 0.02292789 0.99585768 -0.00386476 0.08790249
653.93399745 119.03855725 267.99826213 0.02286468 0.99584094 -0.00363136 0.08811835
652.39988363 118.99688454 267.62531686 0.02267265 0.99582148 -0.00340736 0.08839640
650.94137379 118.97303274 267.23395407 0.02219238 0.99581078 -0.00338897 0.08863922
649.58657626 118.85599127 266.86665928 0.02216603 0.99578449 -0.00330936 0.08894362
648.12220405 118.76096262 266.54779387 0.02201074 0.99576483 -0.00330489 0.08920204
646.74701617 118.65325366 266.24691490 0.02210960 0.99574665 -0.00289757 0.08939456
645.43451659 118.51128801 265.84400207 0.02210921 0.99572002 -0.00278544 0.08969425
643.61492949 118.69446244 265.35263841 0.02222999 0.99565808 -0.00285048 0.09034764
641.84680268 118.98786108 264.92146894 0.02209780 0.99558909 -0.00278422 0.09113893
640.23667635 119.28761177 264.44861571 0.02143075 0.99552901 -0.00303532 0.09194288
638.65520352 119.47548681 264.07483062 0.02131841 0.99544561 -0.00336791 0.09285590
637.04393820 119.64951632 263.65460842 0.02121226 0.99537131 -0.00369422 0.09366084
635.45142971 119.75164250 263.30131106 0.02157034 0.99530309 -0.00339411 0.09431314
633.90915321 119.91574873 262.75802221 0.02180025 0.99522024 -0.00363501 0.09512204
632.40302477 120.06925804 262.34220892 0.02191481 0.99512983 -0.00377870 0.09603169
630.87463974 120.25544192 261.94570164 0.02174250 0.99503107 -0.00376064 0.09708907
629.49786146 120.44986183 261.54793289 0.02118818 0.99494118 -0.00402601 0.09811679
628.16582536 120.58143881 261.22153607 0.02107798 0.99482547 -0.00431869 0.09929425
626.88842546 120.71536318 260.83301745 0.02101272 0.99471535 -0.00458893 0.10039315
625.60300027 120.75453546 260.52006294 0.02123628 0.99461957 -0.00431520 0.10130309
624.33254174 120.84628785 260.04936307 0.02155347 0.99450532 -0.00457701 0.10234095
623.28834608 120.94717396 259.78597997 0.02131490 0.99449529 -0.00463654 0.10248558
622.21562964 120.99006400 259.51049453 0.02098795 0.99447627 -0.00476854 0.10273128
621.20545035 121.01437040 259.23716610 0.02048505 0.99446870 -0.00496106 0.10289685
620.24411309 121.05745851 259.03632403 0.02025192 0.99444724 -0.00518159 0.10313917
619.32227512 121.10261588 258.78398155 0.01995994 0.99442707 -0.00539019 0.10337962
618.36851297 121.12868718 258.53735125 0.01980360 0.99441601 -0.00533157 0.10351904
617.43815551 121.17655565 258.23309855 0.01973141 0.99439349 -0.00550016 0.10374006
616.43251540 120.97073847 257.93755888 0.02001907 0.99438271 -0.00516003 0.10380581
615.37693251 120.75570919 257.67830341 0.02028146 0.99436496 -0.00469330 0.10394691
614.40389531 120.59695976 257.41061783 0.02015189 0.99435492 -0.00456338 0.10407383
613.56571240 120.36769856 257.20905227 0.02034979 0.99433551 -0.00433179 0.10423056
612.72775055 120.12794865 256.97890531 0.02053739 0.99431554 -0.00413184 0.10439228
611.84799910 119.79978938 256.81567860 0.02105028 0.99429994 -0.00354839 0.10446017
611.00289479 119.56087774 256.49903521 0.02145166 0.99426952 -0.00335793 0.10467408
609.82253323 119.62663345 256.18800250 0.02154329 0.99425295 -0.00344173 0.10480989
608.64525316 119.66557495 255.89350238 0.02147740 0.99422983 -0.00344184 0.10504251
607.52163122 119.71883530 255.63415043 0.02101444 0.99421805 -0.00377718 0.10523587
606.46964561 119.75165023 255.38551630 0.02100505 0.99419203 -0.00398339 0.10547576
605.50230570 119.73300866 255.10781916 0.02081273 0.99416947 -0.00427065 0.10571499
604.45591511 119.71926314 254.96595609 0.02101837 0.99415486 -0.00410090 0.10581838
603.47165572 119.71890409 254.64356411 0.02115312 0.99412191 -0.00425837 0.10609449
602.56396521 119.86855556 254.44988982 0.02123476 0.99410458 -0.00424422 0.10624107
601.65166305 119.97985251 254.21936173 0.02128277 0.99407771 -0.00419608 0.10648451
600.85920882 120.09345727 254.06392261 0.02092614 0.99406306 -0.00434601 0.10668572
600.03349760 120.20500164 253.87669762 0.02086151 0.99404098 -0.00449424 0.10689774
599.26152187 120.23291692 253.67181822 0.02079747 0.99402077 -0.00458418 0.10709419
598.40591060 120.28152256 253.54938126 0.02101753 0.99400583 -0.00433613 0.10720017
597.63119987 120.34499835 253.28984524 0.02117833 0.99397819 -0.00441218 0.10742147
596.58074418 120.66862545 253.05752887 0.02113853 0.99397434 -0.00466709 0.10745416
595.54429262 120.92360148 252.81897075 0.02092916 0.99396456 -0.00477983 0.10758057
594.64618993 121.15843376 252.65628194 0.02037265 0.99396925 -0.00517005 0.10762598
593.71646365 121.35051525 252.46355088 0.02016053 0.99395740 -0.00551046 0.10775843
592.84148777 121.45481701 252.25733872 0.01993956 0.99394996 -0.00580755 0.10785250
591.92459631 121.61176683 252.10871695 0.02002996 0.99395349 -0.00567927 0.10781007
591.06972349 121.79550425 251.79918695 0.02010962 0.99393846 -0.00597590 0.10791772
589.99396121 121.91793858 251.56165880 0.02056867 0.99392765 -0.00596735 0.10793119
588.88741042 122.02038931 251.30076485 0.02076012 0.99391669 -0.00590048 0.10799913
587.89040861 122.12792356 251.16684835 0.02066577 0.99391670 -0.00602418 0.10801030
586.87306171 122.21660175 251.00169834 0.02093635 0.99389708 -0.00604040 0.10813776
585.93191836 122.21575551 250.81129825 0.02114324 0.99388169 -0.00602878 0.10823960
584.99192055 122.30010282 250.68214249 0.02155856 0.99387952 -0.00565547 0.10819769
584.11329689 122.38944748 250.42234630 0.02209235 0.99385737 -0.00570497 0.10829081
583.52697919 122.63664577 250.43649161 0.02207530 0.99382400 -0.00597030 0.10858592
582.91863249 122.81022120 250.36146597 0.02201800 0.99378172 -0.00632802 0.10896352
582.42305052 122.97877515 250.36001749 0.02167399 0.99375135 -0.00666326 0.10928904
581.90555643 123.16365239 250.45292562 0.02147349 0.99371199 -0.00709666 0.10965856
581.35779579 123.30447904 250.42160554 0.02129401 0.99367613 -0.00743832 0.10999543
580.85123993 123.51675732 250.40573267 0.02124977 0.99364713 -0.00760194 0.11025447
580.32987568 123.73294667 250.29864195 0.02121839 0.99360829 -0.00790946 0.11058837
580.30610274 123.57914490 250.31786878 0.02150006 0.99360024 -0.00783975 0.11061129
580.25293695 123.42378692 250.25732683 0.02183860 0.99358677 -0.00785284 0.11066500
580.32454177 123.27910451 250.27442313 0.02204836 0.99357874 -0.00789780 0.11069233
580.32128455 123.23280333 250.32760658 0.02230645 0.99357177 -0.00793525 0.11070048
580.38793805 123.13606892 250.33294278 0.02244665 0.99356187 -0.00788866 0.11076431
580.52445806 123.04949758 250.39140364 0.02264733 0.99355884 -0.00787829 0.11075132
580.62494187 122.94815753 250.40185951 0.02280588 0.99354772 -0.00782182 0.11082259
580.93952860 122.76479552 250.43116518 0.02280746 0.99354426 -0.00784319 0.11085171
581.18896249 122.51390263 250.35039561 0.02277003 0.99354491 -0.00781409 0.11085564
581.53140865 122.25400300 250.32805911 0.02253833 0.99354591 -0.00794107 0.11088506
581.85332572 121.95705868 250.30213173 0.02246888 0.99354302 -0.00805735 0.11091661
582.24497140 121.77053270 250.33511140 0.02227284 0.99354140 -0.00820724 0.11095968
582.68221369 121.51822335 250.35661380 0.02228746 0.99353701 -0.00827025 0.11099140
583.13932898 121.28024522 250.32294267 0.02216399 0.99353015 -0.00850241 0.11105992
583.71818738 121.19042566 250.51052121 0.02199949 0.99355126 -0.00844315 0.11090821
584.30820948 121.11720916 250.60105759 0.02197891 0.99357369 -0.00828637 0.11072305
584.87485039 121.03619898 250.71662961 0.02171256 0.99359725 -0.00825505 0.11056635
585.48746464 120.91845274 250.84298713 0.02153071 0.99361595 -0.00824346 0.11043465
586.07771673 120.85137791 250.99202043 0.02137819 0.99363571 -0.00816201 0.11029251
586.71619130 120.80735811 251.19044883 0.02134115 0.99364935 -0.00812700 0.11017930
587.37234724 120.73673749 251.30459544 0.02117949 0.99366341 -0.00812539 0.11008373
587.16908636 121.13339224 251.32801032 0.02106230 0.99365725 -0.00792823 0.11017615
587.04785397 121.56950415 251.27945067 0.02100866 0.99363898 -0.00789901 0.11035319
586.92608918 121.98978179 251.30509229 0.02098285 0.99363218 -0.00757384 0.11044203
586.78971374 122.47386951 251.38018682 0.02084181 0.99361559 -0.00737917 0.11063105
586.59695986 122.91518560 251.34335855 0.02080445 0.99360444 -0.00724338 0.11074713
586.46788523 123.27585944 251.23810873 0.02070524 0.99359482 -0.00700585 0.11086723
586.33262143 123.62521936 251.19281956 0.02076968 0.99358125 -0.00686685 0.11098544
586.30318034 123.82970061 251.19188228 0.02075484 0.99355027 -0.00684635 0.11126650
586.32407739 124.03479810 251.13078818 0.02078391 0.99351164 -0.00697978 0.11159715
586.37347617 124.20201669 251.12600490 0.02075089 0.99347851 -0.00698906 0.11189733
586.39960712 124.41269650 251.14208082 0.02066860 0.99344056 -0.00715317 0.11223857
586.36729476 124.61205233 251.09552694 0.02067612 0.99340390 -0.00721120 0.11255748
586.42571508 124.77473988 251.08414984 0.02064455 0.99337302 -0.00720830 0.11283564
586.45886709 124.92666920 251.03156052 0.02066137 0.99333980 -0.00720003 0.11312518
586.80550294 124.75807847 251.16542689 0.02051448 0.99336719 -0.00713211 0.11291556
587.20442910 124.57740942 251.19268563 0.02058472 0.99339378 -0.00703319 0.11267473
587.64810446 124.37000988 251.22540729 0.02038531 0.99341983 -0.00702633 0.11248158
588.01654603 124.17536393 251.30887192 0.02029529 0.99344935 -0.00708437 0.11223327
588.43309337 124.02790938 251.39442950 0.02010632 0.99347624 -0.00704114 0.11203179
588.89335624 123.90621773 251.51734207 0.02005609 0.99350311 -0.00710153 0.11179842
589.33115203 123.77971772 251.59518849 0.01980050 0.99352741 -0.00706567 0.11163017
589.42342553 123.81516479 251.62331064 0.01955441 0.99353856 -0.00709350 0.11157256
589.51348458 123.84217321 251.56744662 0.01943840 0.99354626 -0.00723570 0.11151511
589.63103067 123.84360283 251.56819559 0.01926763 0.99355684 -0.00726333 0.11144867
589.72322819 123.91190400 251.60277270 0.01909038 0.99356633 -0.00745309 0.11138204
589.81045988 123.96136343 251.59344140 0.01889638 0.99357507 -0.00753348 0.11133177
589.95445855 124.00142714 251.57896938 0.01865819 0.99358756 -0.00768000 0.11125040
590.07225083 124.06293317 251.55427929 0.01836929 0.99359880 -0.00769310 0.11119715
590.07289756 124.19970284 251.55367248 0.01823574 0.99359210 -0.00767845 0.11127997
590.12276438 124.30610640 251.45439565 0.01819007 0.99357986 -0.00776805 0.11139049
590.21805845 124.40853964 251.46250259 0.01814377 0.99357278 -0.00770788 0.11146539
590.23828279 124.59147699 251.50721032 0.01804417 0.99356360 -0.00778073 0.11155821
590.24845256 124.74666928 251.46760558 0.01795778 0.99355485 -0.00778992 0.11164943
590.30935011 124.86675126 251.40913489 0.01778605 0.99355020 -0.00781976 0.11171619
590.38441495 124.98041751 251.35488559 0.01764992 0.99354510 -0.00777459 0.11178627
590.34874652 125.04850105 251.35970480 0.01747297 0.99352719 -0.00773585 0.11197581
590.31599043 125.10658387 251.33944922 0.01737114 0.99350307 -0.00785195 0.11219732
590.31593923 125.15209469 251.35504560 0.01726813 0.99348294 -0.00780470 0.11239462
590.31877763 125.24725687 251.39309293 0.01711439 0.99345944 -0.00790626 0.11261854
590.27585385 125.31672831 251.36669009 0.01699656 0.99343569 -0.00795851 0.11284197
590.30153175 125.37096656 251.36694934 0.01680388 0.99341697 -0.00803173 0.11303028
590.31227747 125.43191176 251.35254165 0.01664425 0.99339831 -0.00799705 0.11322019
590.31462036 125.50198662 251.31524546 0.01658273 0.99337797 -0.00788879 0.11341510
590.32690358 125.55799430 251.24614213 0.01660488 0.99335192 -0.00793390 0.11363665
590.38742767 125.63606181 251.23550618 0.01665052 0.99333094 -0.00779845 0.11382265
590.40513984 125.77030918 251.27007970 0.01660608 0.99330699 -0.00781568 0.11403673
590.37751792 125.89405300 251.22198786 0.01661294 0.99328202 -0.00775075 0.11425746
590.43574291 125.99361663 251.18014377 0.01649036 0.99326288 -0.00772897 0.11444295
590.49533478 126.08683202 251.13519061 0.01643134 0.99324335 -0.00760438 0.11462908
590.53953239 126.16954300 251.12660742 0.01640898 0.99322425 -0.00757628 0.11479958
590.57656695 126.21946408 251.06597427 0.01642856 0.99320125 -0.00771914 0.11498605
590.66542270 126.27350525 251.05356180 0.01645394 0.99318205 -0.00770218 0.11514933
590.71935651 126.37964196 251.06656968 0.01641295 0.99316026 -0.00783299 0.11533409
590.73121689 126.47876503 251.03363515 0.01642709 0.99313687 -0.00788585 0.11552976
590.82601659 126.55070294 251.00077975 0.01637068 0.99311818 -0.00796865 0.11569260
590.88929713 126.63737384 250.94623090 0.01633166 0.99309990 -0.00794296 0.11585673
590.96833229 126.67181278 250.97834748 0.01631184 0.99308951 -0.00777482 0.11595987
591.05029412 126.68433623 250.96588550 0.01635685 0.99307378 -0.00778490 0.11608756
591.18632461 126.67158721 251.01097412 0.01639555 0.99306230 -0.00765647 0.11618882
591.30380738 126.69609790 251.07852818 0.01638360 0.99304713 -0.00765777 0.11632001
591.40750136 126.71292323 251.10267772 0.01640697 0.99303234 -0.00756577 0.11644888
591.55466657 126.67936457 251.14844493 0.01636087 0.99302126 -0.00750819 0.11655353
591.69014272 126.67589708 251.15925794 0.01632358 0.99301033 -0.00736253 0.11666109
591.72375293 126.73190595 251.16253724 0.01640656 0.99299000 -0.00716876 0.11683445
591.74834787 126.76551559 251.11214435 0.01657180 0.99296420 -0.00712986 0.11703262
591.84238669 126.79280812 251.10957335 0.01673684 0.99294141 -0.00695246 0.11721305
591.89768291 126.86213106 251.12416622 0.01683017 0.99291621 -0.00688306 0.11741707
591.92444375 126.91760344 251.09590578 0.01696278 0.99289121 -0.00672436 0.11761845
591.98940971 126.93767261 251.09203416 0.01703585 0.99286997 -0.00660596 0.11779372
592.05030688 126.96573086 251.05644961 0.01711833 0.99284833 -0.00638978 0.11797599
592.15166709 127.07337027 251.05757297 0.01696358 0.99284115 -0.00639921 0.11805823
592.27158227 127.15190397 250.99655880 0.01688098 0.99283085 -0.00654626 0.11814854
592.41791505 127.23204414 250.99278525 0.01678370 0.99282371 -0.00655712 0.11822179
592.54631975 127.34699297 251.00060032 0.01665630 0.99281340 -0.00675744 0.11831506
592.63080895 127.47128608 250.98544570 0.01656412 0.99280271 -0.00684441 0.11841270
592.78937370 127.55424032 250.97253234 0.01640571 0.99279571 -0.00698530 0.11848520
592.88668203 127.65828800 250.93036644 0.01621727 0.99279668 -0.00700487 0.11850181
592.89281306 127.69410779 250.89416136 0.01608810 0.99280595 -0.00723164 0.11842813
592.93829669 127.74218343 250.86023037 0.01596475 0.99281784 -0.00723544 0.11834491
592.99067944 127.78702598 250.83920398 0.01581682 0.99282797 -0.00743949 0.11826705
592.99470671 127.83631614 250.83426734 0.01572261 0.99283520 -0.00756595 0.11821089
593.04792348 127.85874378 250.79355732 0.01551724 0.99284390 -0.00781038 0.11814908
593.06741953 127.92186522 250.76124977 0.01525792 0.99285802 -0.00781952 0.11806358
