637.23810700 5.42435100 279.06680600 0.00244543 0.99899846 0.01697182 0.04132906
637.30579479 5.45610784 279.02028983 0.00240643 0.99899324 0.01713503 0.04138974
637.30905126 5.43563469 278.93140958 0.00244970 0.99899028 0.01718416 0.04143817
637.34879554 5.43906387 278.87030202 0.00258533 0.99898408 0.01744769 0.04146933
637.37505338 5.50710148 278.84191357 0.00258108 0.99897938 0.01757764 0.04152779
637.37803377 5.54099425 278.77807148 0.00263450 0.99897400 0.01772734 0.04159027
637.41866126 5.51288001 278.67970208 0.00253026 0.99897062 0.01775630 0.04166539
637.45447313 5.53950751 278.63887053 0.00248182 0.99896487 0.01799028 0.04170589
637.50856254 5.55424955 278.57372964 0.00255648 0.99895933 0.01822780 0.04173083
637.51494591 5.53258163 278.43292658 0.00268961 0.99895637 0.01835251 0.04173863
637.56054841 5.54692154 278.34032490 0.00294926 0.99894989 0.01867540 0.04173302
637.56187381 5.61307063 278.27457673 0.00305410 0.99894539 0.01888182 0.04174039
637.53850684 5.66248124 278.20907632 0.00321353 0.99893943 0.01911610 0.04176440
637.56789095 5.67094891 278.07249204 0.00321917 0.99893670 0.01919750 0.04179190
637.60745902 5.69583614 278.00510493 0.00326921 0.99893066 0.01950323 0.04179072
637.65261963 5.65489787 277.96621624 0.00334420 0.99891887 0.01978606 0.04193360
637.65994367 5.57361992 277.85904158 0.00348039 0.99890910 0.01995561 0.04207463
637.71466150 5.50390570 277.79273802 0.00373425 0.99889601 0.02029490 0.04220121
637.73796248 5.49760374 277.74630741 0.00384362 0.99888410 0.02055730 0.04234597
637.75796634 5.45591485 277.70391683 0.00398570 0.99887142 0.02081298 0.04250677
637.80677706 5.38518833 277.60107452 0.00398112 0.99886207 0.02092906 0.04266944
637.86467833 5.33996147 277.56528291 0.00403843 0.99884887 0.02127361 0.04280257
637.92728224 5.24326060 277.52254847 0.00414021 0.99883654 0.02164515 0.04289425
637.94285002 5.09346191 277.42326381 0.00430406 0.99882695 0.02189155 0.04297622
638.00640490 4.95662732 277.34888828 0.00459006 0.99881373 0.02229973 0.04304396
638.04895352 4.88606084 277.30435433 0.00473729 0.99880145 0.02265989 0.04312473
638.09396532 4.78604319 277.27328685 0.00490741 0.99878818 0.02300945 0.04322788
638.17488503 4.66545502 277.17759602 0.00494099 0.99877961 0.02318414 0.04332862
638.26759539 4.56504200 277.15459221 0.00501274 0.99876597 0.02359692 0.04341186
638.34010620 4.56414670 277.11200517 0.00495606 0.99875857 0.02381792 0.04346795
638.37823630 4.51739288 277.00407049 0.00498254 0.99875414 0.02390787 0.04351722
638.43944331 4.48197470 276.93611039 0.00508407 0.99874524 0.02419857 0.04354922
638.49288445 4.51503202 276.89496063 0.00507665 0.99873888 0.02437601 0.04359685
638.51067862 4.52685528 276.84401982 0.00510631 0.99873159 0.02456682 0.04365330
638.57576601 4.49083910 276.73214725 0.00498657 0.99872797 0.02462136 0.04371910
638.65570583 4.49875650 276.69234803 0.00490164 0.99871964 0.02490750 0.04375691
638.67160424 4.47524060 276.63297436 0.00496799 0.99870497 0.02515710 0.04394123
638.63819621 4.41475637 276.52348306 0.00507709 0.99869340 0.02526801 0.04412752
638.66023463 4.36234386 276.44971506 0.00532805 0.99867732 0.02555987 0.04429356
638.65642307 4.35308095 276.41879219 0.00542153 0.99866276 0.02578132 0.04448176
638.64892192 4.33427329 276.37947570 0.00557088 0.99864720 0.02599344 0.04468863
638.65902881 4.26390442 276.27061402 0.00557226 0.99863556 0.02608982 0.04489187
638.68474077 4.24413734 276.23389526 0.00563884 0.99861977 0.02638365 0.04506279
638.75181696 4.27135673 276.17775087 0.00563221 0.99860905 0.02657908 0.04518634
638.77440823 4.24556667 276.06382855 0.00569155 0.99860178 0.02665148 0.04529678
638.84845433 4.24128242 275.99861448 0.00584735 0.99858958 0.02691218 0.04539162
638.87711472 4.29334046 275.95696778 0.00587488 0.99858004 0.02705122 0.04551517
638.90099335 4.33109438 275.90392288 0.00595780 0.99856937 0.02720216 0.04564823
638.96055748 4.29648019 275.78665081 0.00588918 0.99856220 0.02724750 0.04578682
639.01264508 4.32904232 275.73225903 0.00586272 0.99855073 0.02750062 0.04588880
639.05817411 4.32966602 275.69908157 0.00585295 0.99853732 0.02779766 0.04600286
639.05411249 4.30295149 275.62290453 0.00592356 0.99852691 0.02797606 0.04611143
639.09745766 4.28531846 275.56443173 0.00610742 0.99851106 0.02835186 0.04620094
639.10324870 4.34913307 275.54773043 0.00614551 0.99849804 0.02862457 0.04630905
639.07605504 4.37555599 275.47974080 0.00622182 0.99848443 0.02890154 0.04642027
639.09622646 4.36216643 275.36916135 0.00614812 0.99847498 0.02904115 0.04654592
639.11871046 4.35816910 275.34700217 0.00613366 0.99846034 0.02939886 0.04663722
639.16732783 4.33714016 275.31425333 0.00611077 0.99844757 0.02975422 0.04668826
639.16670967 4.27519716 275.22285240 0.00620998 0.99843776 0.02999625 0.04673002
639.21006646 4.20853423 275.15843327 0.00639544 0.99842296 0.03041686 0.04674932
639.23648919 4.21941588 275.12871872 0.00644847 0.99841070 0.03073629 0.04679506
639.22860059 4.21409582 275.07287700 0.00652787 0.99839810 0.03105731 0.04684091
639.26805182 4.15058671 274.97167764 0.00646173 0.99838972 0.03125027 0.04690029
639.30533132 4.12452979 274.93679133 0.00644167 0.99837534 0.03165558 0.04693726
639.36655599 4.07096665 274.89489081 0.00646550 0.99836099 0.03202002 0.04699208
639.38800030 3.98214281 274.78108627 0.00657884 0.99835016 0.03227474 0.04703201
639.45197586 3.90079977 274.71103386 0.00679619 0.99833356 0.03270638 0.04705543
639.49445324 3.89411048 274.66499343 0.00687507 0.99831957 0.03305210 0.04709907
639.49396417 3.84935206 274.60158519 0.00697308 0.99830460 0.03340604 0.04715229
639.53664659 3.78152197 274.49327187 0.00693505 0.99829596 0.03358310 0.04721504
639.61243759 3.71952121 274.46838864 0.00694440 0.99827984 0.03399960 0.04725638
639.78415610 3.61733031 274.42575428 0.00693308 0.99825727 0.03409781 0.04766233
639.97612944 3.52024327 274.39396164 0.00693130 0.99823628 0.03409970 0.04809890
640.18245149 3.42753622 274.38383355 0.00700305 0.99821375 0.03419433 0.04848732
640.35172202 3.32018870 274.38156326 0.00701999 0.99818873 0.03430654 0.04891877
640.52851065 3.20977702 274.41820056 0.00700557 0.99816485 0.03433783 0.04938383
640.76785552 3.16645800 274.38006074 0.00686069 0.99814638 0.03430597 0.04979796
641.03187232 3.13609530 274.34990850 0.00680173 0.99812173 0.03444555 0.05020218
641.42830024 3.20307116 274.25048119 0.00659650 0.99811620 0.03448406 0.05031299
641.78948566 3.20965368 274.09743018 0.00652653 0.99811056 0.03445429 0.05045404
642.17300157 3.31960445 274.01981237 0.00646054 0.99810339 0.03455036 0.05053864
642.48580491 3.42273519 273.98250111 0.00631702 0.99809642 0.03456950 0.05068125
642.80844838 3.52803806 273.94783920 0.00619719 0.99808788 0.03465678 0.05080432
643.22125361 3.61518898 273.84640118 0.00597206 0.99808570 0.03457948 0.05092665
643.69935537 3.76283585 273.75335289 0.00584932 0.99807891 0.03464268 0.05103096
643.64047122 4.23423875 273.75915949 0.00516678 0.99805512 0.03489079 0.05139951
643.46124195 4.69251372 273.73470631 0.00469019 0.99802917 0.03492638 0.05192233
643.47628636 5.17387689 273.74756045 0.00415379 0.99799786 0.03529400 0.05231966
643.33598496 5.67346635 273.80588101 0.00342636 0.99796389 0.03552447 0.05286158
643.23241600 6.15219535 273.77229021 0.00278868 0.99793607 0.03565653 0.05333327
643.23644281 6.55421164 273.62020104 0.00216721 0.99789945 0.03601210 0.05380626
643.18731353 6.93357397 273.59057126 0.00180704 0.99787256 0.03617187 0.05420970
643.33549539 7.26055236 273.48439197 0.00148906 0.99785729 0.03616292 0.05450557
643.36968620 7.53462164 273.33728100 0.00138849 0.99783791 0.03608878 0.05491068
643.52821966 7.84483119 273.23506555 0.00120011 0.99781768 0.03619304 0.05521315
643.57158032 8.21347639 273.19299378 0.00090473 0.99779521 0.03618892 0.05562612
643.62309539 8.53716431 273.09064103 0.00068696 0.99777535 0.03620329 0.05597494
643.77526482 8.76666949 272.94121057 0.00039816 0.99775306 0.03626774 0.05633219
643.90153601 9.02303016 272.81870789 0.00029503 0.99773669 0.03625197 0.05663211
643.96064511 9.05359197 272.78192336 0.00032929 0.99773046 0.03650382 0.05658002
643.98653490 9.06435759 272.68616563 0.00046341 0.99772939 0.03664445 0.05650702
644.04560383 9.09708999 272.63200840 0.00065708 0.99772140 0.03698845 0.05642197
644.07219030 9.20464103 272.60320638 0.00071373 0.99771800 0.03716710 0.05636389
644.05505940 9.27886150 272.51826322 0.00084214 0.99771151 0.03742879 0.05630385
644.12627887 9.29591017 272.41973072 0.00084451 0.99771138 0.03749708 0.05626071
644.18380935 9.32930091 272.38909523 0.00086216 0.99770317 0.03781935 0.05619013
644.23637224 9.23700747 272.36521596 0.00091947 0.99768763 0.03812787 0.05625659
644.24549623 9.09254311 272.30506849 0.00101256 0.99767834 0.03828940 0.05631001
644.32343598 8.94421082 272.27602766 0.00122270 0.99766327 0.03862290 0.05634517
644.38430349 8.83747502 272.27749203 0.00132592 0.99764977 0.03888438 0.05640190
644.43604893 8.70500479 272.27150327 0.00146618 0.99763367 0.03917000 0.05648556
644.53302585 8.58297655 272.22136838 0.00145694 0.99762622 0.03927154 0.05654690
644.64986762 8.47791922 272.23551549 0.00145888 0.99760889 0.03961951 0.05660983
644.48543280 8.42761781 272.29970711 0.00169928 0.99759329 0.03984304 0.05672102
644.31031938 8.35152150 272.30625225 0.00200785 0.99758104 0.03997418 0.05683393
644.20783432 8.31452285 272.32105260 0.00234467 0.99756307 0.04028075 0.05692004
644.02169018 8.34291772 272.39707833 0.00260448 0.99754811 0.04051851 0.05700198
643.80309008 8.30514636 272.41416605 0.00284856 0.99752922 0.04080402 0.05711715
643.65685503 8.31875720 272.38835864 0.00301703 0.99751715 0.04093502 0.05722546
643.51981426 8.28377476 272.41322333 0.00324788 0.99749899 0.04123708 0.05731243
643.26483539 8.37107150 272.45995861 0.00371122 0.99747666 0.04122553 0.05768007
643.01607957 8.46745371 272.41696525 0.00412797 0.99745407 0.04110249 0.05812854
642.87031655 8.58915638 272.42942574 0.00444377 0.99743189 0.04103953 0.05852897
642.62491068 8.72152620 272.52193984 0.00476603 0.99740833 0.04096488 0.05895587
642.39955118 8.81800510 272.50799788 0.00508620 0.99738168 0.04095539 0.05938496
642.24900049 8.97218775 272.51797514 0.00539185 0.99735606 0.04100957 0.05974981
642.03748603 9.09176879 272.46898399 0.00579823 0.99732776 0.04105586 0.06015088
641.68524755 9.02075069 272.49130151 0.00603129 0.99733162 0.04127156 0.05991595
641.33060920 8.86369196 272.39626088 0.00632271 0.99734110 0.04136152 0.05966561
641.04064900 8.78424755 272.26367756 0.00659691 0.99734378 0.04165225 0.05938810
640.58674884 8.74659271 272.31247780 0.00684019 0.99734867 0.04191241 0.05909480
640.17365871 8.66248165 272.22597733 0.00698127 0.99735226 0.04216053 0.05884056
639.76290240 8.65233852 272.12702954 0.00710430 0.99735971 0.04230087 0.05859845
639.40125244 8.60910236 272.02563190 0.00729254 0.99736285 0.04251336 0.05836765
639.00555059 8.44015788 272.10450237 0.00763507 0.99736909 0.04282145 0.05799077
638.60812254 8.20561490 272.10698892 0.00804826 0.99737999 0.04297577 0.05763219
638.25464625 7.99691251 272.04922670 0.00841606 0.99738314 0.04335009 0.05724339
637.81896573 7.91611393 272.18077299 0.00876831 0.99738822 0.04366033 0.05686503
637.35017143 7.75732861 272.16311304 0.00901127 0.99739173 0.04398864 0.05651136
636.89098439 7.68346567 272.15670987 0.00932617 0.99739935 0.04417669 0.05617807
636.50087274 7.56725928 272.10898979 0.00967311 0.99740179 0.04445846 0.05585291
636.05285806 7.51687332 272.15596728 0.00981090 0.99741753 0.04445273 0.05555156
635.63887631 7.41487481 272.22183596 0.00996225 0.99744070 0.04427231 0.05525186
635.22537155 7.38489501 272.18890495 0.01008488 0.99745470 0.04429862 0.05495503
634.75989111 7.38931230 272.30936053 0.01020632 0.99747121 0.04432027 0.05461432
634.26020675 7.32981734 272.30959309 0.01020611 0.99748697 0.04433083 0.05431715
633.78313136 7.36646330 272.32134429 0.01025061 0.99750851 0.04417783 0.05403712
633.32940320 7.32551200 272.31030288 0.01022256 0.99752176 0.04419734 0.05378127
632.92822632 7.20207190 272.38058712 0.01032031 0.99753509 0.04420451 0.05350893
632.56831804 7.04192372 272.48268440 0.01040423 0.99755461 0.04403942 0.05326429
632.19543231 6.93566724 272.48557944 0.01045965 0.99756574 0.04408075 0.05301020
631.78539608 6.84326737 272.65257198 0.01051742 0.99758144 0.04405826 0.05272114
631.33385435 6.68683957 272.66448505 0.01043324 0.99759493 0.04406415 0.05247724
630.93195237 6.63606025 272.70727557 0.01037512 0.99761220 0.04395827 0.05224869
630.54800809 6.50339356 272.73777736 0.01029128 0.99762350 0.04398292 0.05202840
630.04642669 6.39898848 272.79533766 0.01055635 0.99763368 0.04413916 0.05164627
629.52849680 6.23599702 272.80447762 0.01088114 0.99764272 0.04426394 0.05129635
629.09336040 6.11024937 272.81465117 0.01106373 0.99765294 0.04441599 0.05092568
628.63395510 6.02316679 272.93864024 0.01139933 0.99765994 0.04456478 0.05058331
628.16428824 5.87092942 272.97011438 0.01158380 0.99766225 0.04481976 0.05026976
627.71847277 5.79431478 273.00013612 0.01179765 0.99766847 0.04499749 0.04993657
627.26823385 5.71737497 272.99668011 0.01211798 0.99767143 0.04517245 0.04964188
626.58966937 5.68387151 272.95567716 0.01234744 0.99770320 0.04506657 0.04903947
625.92370225 5.60002916 272.92349853 0.01263903 0.99773553 0.04490245 0.04845446
625.31625595 5.60648873 272.77988678 0.01283666 0.99775996 0.04491185 0.04788750
624.59989704 5.62856473 272.86580386 0.01297716 0.99778722 0.04496201 0.04723004
623.86867394 5.66464962 272.77231143 0.01303575 0.99781836 0.04490233 0.04660868
623.20201071 5.71931302 272.73326828 0.01317646 0.99785115 0.04471738 0.04604145
622.57204220 5.67531345 272.62729804 0.01320219 0.99787646 0.04467927 0.04551952
621.78449166 5.64907307 272.57646275 0.01331494 0.99790431 0.04456502 0.04498500
621.01744679 5.57358657 272.62689294 0.01347222 0.99793422 0.04439667 0.04443781
620.27210561 5.58416384 272.57758181 0.01345158 0.99795994 0.04434880 0.04391121
619.49991443 5.56907670 272.64986239 0.01353235 0.99798762 0.04430059 0.04330179
618.68537867 5.52370743 272.63184110 0.01348894 0.99801569 0.04422481 0.04274233
617.90714135 5.51601508 272.65430967 0.01357103 0.99804444 0.04406672 0.04220482
617.17890752 5.46986731 272.58638396 0.01349438 0.99806741 0.04401265 0.04174010
616.36710103 5.51585719 272.56421975 0.01384190 0.99807426 0.04403936 0.04143324
615.53158863 5.56173793 272.54854684 0.01425644 0.99807418 0.04416451 0.04116033
614.81517482 5.66404778 272.54667530 0.01411945 0.99809382 0.04397706 0.04093147
614.01813101 5.74508034 272.57366354 0.01427180 0.99810883 0.04387791 0.04061780
613.34486029 5.79095477 272.53637035 0.01436748 0.99811789 0.04390634 0.04032980
612.65263395 5.81832000 272.57249635 0.01485243 0.99812227 0.04398296 0.03996046
611.93875386 5.86951401 272.47520656 0.01510005 0.99812803 0.04393928 0.03977135
610.96707841 5.83131538 272.38515136 0.01542108 0.99813762 0.04409090 0.03923607
609.99536260 5.73566180 272.31394254 0.01578053 0.99814588 0.04423847 0.03871360
609.10480433 5.72419660 272.17358889 0.01592598 0.99815382 0.04445625 0.03819641
608.10022907 5.64527120 272.15320544 0.01617366 0.99816263 0.04468741 0.03758731
607.08239749 5.64178818 272.05546605 0.01632039 0.99817352 0.04487032 0.03701251
606.13004896 5.61193278 271.96109112 0.01661811 0.99818242 0.04500685 0.03647025
605.21449145 5.51313411 271.80704014 0.01677870 0.99819033 0.04514415 0.03600756
604.24635613 5.42603564 271.75171861 0.01709612 0.99819734 0.04528394 0.03548448
603.25888531 5.30032925 271.76842603 0.01748914 0.99820215 0.04543848 0.03495629
602.33880125 5.27747048 271.68547294 0.01762237 0.99820912 0.04563000 0.03443692
601.33836011 5.17080707 271.71613376 0.01789824 0.99821487 0.04584063 0.03384314
600.34311179 5.10659580 271.66593426 0.01807789 0.99821895 0.04609950 0.03327086
599.40308997 5.04281910 271.64215774 0.01835201 0.99822298 0.04627849 0.03274738
598.50664830 4.89355721 271.57364518 0.01852205 0.99822882 0.04640707 0.03228847
597.29301881 4.85669336 271.50912142 0.01865427 0.99823504 0.04646905 0.03192877
596.09895261 4.75675946 271.57717833 0.01878917 0.99824664 0.04642470 0.03154924
594.90572947 4.74841359 271.57064410 0.01879266 0.99825760 0.04644945 0.03116164
593.71775801 4.68307531 271.60461701 0.01894603 0.99826252 0.04654334 0.03076861
592.50707093 4.59576700 271.57888318 0.01891537 0.99826700 0.04671720 0.03037624
591.36641930 4.56955995 271.61062931 0.01899333 0.99827034 0.04685006 0.03001100
590.27944692 4.43500638 271.58661691 0.01910907 0.99827412 0.04693341 0.02967957
589.26808924 4.46304390 271.51534722 0.01916942 0.99829953 0.04683105 0.02893836
588.22623808 4.45189345 271.49305422 0.01925604 0.99832587 0.04670179 0.02817087
587.19914265 4.49678376 271.41050053 0.01923901 0.99835274 0.04659116 0.02740303
586.14505649 4.49179591 271.38011165 0.01930614 0.99837606 0.04653988 0.02658113
585.08362703 4.48902972 271.31935408 0.01924289 0.99839920 0.04650796 0.02580218
584.05786231 4.52107559 271.27688987 0.01932151 0.99842358 0.04637389 0.02502985
583.05342685 4.48140001 271.18407634 0.01931888 0.99844129 0.04634867 0.02436340
582.16386278 4.51439340 271.10637644 0.01952747 0.99845478 0.04631266 0.02370396
581.23843928 4.52980542 271.07157416 0.01982819 0.99846942 0.04620718 0.02303397
580.34782378 4.63773690 270.93267920 0.01993738 0.99848262 0.04618675 0.02239940
579.45065487 4.67853962 270.93718512 0.02012491 0.99849245 0.04622921 0.02169523
578.52180134 4.74326553 270.87317510 0.02017519 0.99850550 0.04623675 0.02102097
577.65418242 4.82482400 270.84646846 0.02039108 0.99851942 0.04613778 0.02035887
576.82705502 4.83638499 270.68823513 0.02047829 0.99852995 0.04611430 0.01980021
576.07088598 4.85916362 270.57154607 0.02063125 0.99854369 0.04597264 0.01927094
575.31337814 4.85346072 270.50101555 0.02077010 0.99856398 0.04568808 0.01873959
574.59489698 4.91171170 270.36620413 0.02089119 0.99857861 0.04552431 0.01821679
573.89519255 4.90473488 270.33137449 0.02101656 0.99859331 0.04536204 0.01766349
573.18342026 4.93257842 270.19502407 0.02104944 0.99860684 0.04525152 0.01713457
572.50478366 5.01591404 270.13215002 0.02115701 0.99862148 0.04506946 0.01662101
571.85838996 5.00268404 269.97235017 0.02128092 0.99863262 0.04493223 0.01615888
571.19108601 4.97322850 269.83201448 0.02135999 0.99864060 0.04481413 0.01588710
570.53443145 4.90843173 269.72022729 0.02134458 0.99865218 0.04465444 0.01562711
569.93189006 4.87643419 269.61249147 0.02132983 0.99866235 0.04452663 0.01536022
569.31667140 4.77074208 269.49929136 0.02138187 0.99867120 0.04440788 0.01505323
568.68450890 4.72464959 269.36274702 0.02137393 0.99868341 0.04422621 0.01478677
568.06513803 4.67423634 269.23204715 0.02146867 0.99869046 0.04410576 0.01453044
567.46397323 4.56636412 269.10337764 0.02154017 0.99869987 0.04393155 0.01430452
566.57600704 4.43245220 268.91730135 0.02167584 0.99870492 0.04392569 0.01375390
565.69589575 4.27974012 268.83618367 0.02189105 0.99871169 0.04383229 0.01320870
564.87486341 4.23743165 268.68587169 0.02197860 0.99872240 0.04370206 0.01267456
564.02518380 4.08555467 268.59506997 0.02218137 0.99872541 0.04370071 0.01207429
563.21805900 3.99470190 268.43955301 0.02221409 0.99873354 0.04364813 0.01151882
562.42811384 3.87692140 268.33966488 0.02245491 0.99873320 0.04367215 0.01097812
561.70030698 3.68980405 268.16393956 0.02260385 0.99873724 0.04361392 0.01052686
560.61665642 3.55879231 268.01825810 0.02288809 0.99873396 0.04364192 0.01009879
559.56630484 3.44575415 267.95907856 0.02311574 0.99873049 0.04369115 0.00970329
558.51574390 3.37436714 267.85485337 0.02327060 0.99873424 0.04361482 0.00928088
557.49186692 3.24344555 267.79184059 0.02356731 0.99872797 0.04368756 0.00885592
556.49021274 3.12032098 267.68887783 0.02374016 0.99872466 0.04374515 0.00847522
555.54539669 3.02456049 267.63997276 0.02407977 0.99871472 0.04386438 0.00806104
554.63911246 2.84754399 267.52078924 0.02438585 0.99870867 0.04389354 0.00772565
553.99413282 2.66660523 267.43449407 0.02434276 0.99870426 0.04395336 0.00808316
553.36219833 2.51976754 267.43981821 0.02423806 0.99869709 0.04408949 0.00852955
552.82647872 2.34150663 267.53034405 0.02387960 0.99870358 0.04405968 0.00892594
552.36327020 2.17062519 267.52323945 0.02384605 0.99870187 0.04402783 0.00935344
551.90506809 1.95115819 267.48073766 0.02364913 0.99870401 0.04399147 0.00978661
551.45062639 1.66915840 267.53713140 0.02367266 0.99868825 0.04425217 0.01015572
550.99673801 1.41253691 267.56785291 0.02370375 0.99868318 0.04425850 0.01054661
550.10010091 1.17276515 267.37455448 0.02380996 0.99868400 0.04419547 0.01049345
549.16204905 0.88646104 267.25455957 0.02377252 0.99869441 0.04398225 0.01048367
548.23024414 0.69020136 267.16082496 0.02383904 0.99870086 0.04381405 0.01042221
547.32974403 0.47152901 267.07387755 0.02396292 0.99870251 0.04371303 0.01040449
546.44037349 0.30061173 266.91247627 0.02402077 0.99870653 0.04359262 0.01038970
545.61743562 0.12334046 266.82766930 0.02405390 0.99870524 0.04360433 0.01038854
544.80000109 -0.13246710 266.74176748 0.02422761 0.99870660 0.04348231 0.01036538
543.44582195 -0.11265942 266.57525199 0.02429196 0.99872191 0.04324134 0.00972761
542.07124152 -0.06725753 266.53402997 0.02433992 0.99873661 0.04300788 0.00911437
540.71329727 0.01888408 266.42080956 0.02428153 0.99875697 0.04269940 0.00846631
539.42477632 0.03681675 266.39561886 0.02440797 0.99876782 0.04249541 0.00782496
538.13140679 0.07685720 266.29589887 0.02444426 0.99878061 0.04228954 0.00716748
536.87197181 0.12133799 266.23686476 0.02458773 0.99878673 0.04216557 0.00652512
535.66662153 0.04415584 266.11690792 0.02469726 0.99879560 0.04197372 0.00596597
534.77472730 0.07918946 266.00537601 0.02456508 0.99880290 0.04198038 0.00519410
533.87916397 0.09895623 265.97057046 0.02444480 0.99881141 0.04193578 0.00442887
532.94004467 0.15022814 265.88489001 0.02428695 0.99881967 0.04190639 0.00364357
532.08181059 0.17880931 265.87179361 0.02422294 0.99882071 0.04198197 0.00282015
531.17748205 0.20945402 265.81980896 0.02403381 0.99882713 0.04198193 0.00206309
530.26697053 0.27137961 265.81363309 0.02392267 0.99883641 0.04185578 0.00127748
529.39677902 0.22536855 265.73134719 0.02375809 0.99884022 0.04187391 0.00058253
528.47509213 0.19924212 265.67875085 -0.02392678 -0.99884042 -0.04177438 0.00048009
527.52825844 0.14525664 265.69254402 -0.02418315 -0.99883443 -0.04174319 0.00156780
526.58732758 0.16393691 265.63040595 -0.02428106 -0.99883437 -0.04163429 0.00262878
525.63681856 0.13649116 265.65686408 -0.02445331 -0.99882444 -0.04168058 0.00380701
524.70274273 0.11908673 265.60820823 -0.02449567 -0.99881789 -0.04169735 0.00491090
523.80547526 0.11841509 265.61846145 -0.02470413 -0.99881464 -0.04151024 0.00599330
522.93596787 0.00995624 265.54694201 -0.02474829 -0.99880942 -0.04146189 0.00694040
521.91839242 0.00101413 265.56857775 -0.02489829 -0.99880302 -0.04146076 0.00732195
520.95612282 -0.01019044 265.64748258 -0.02499167 -0.99879398 -0.04156336 0.00764722
520.05443064 0.00002862 265.72993121 -0.02481368 -0.99879653 -0.04154143 0.00800532
519.11637524 -0.04753937 265.87233532 -0.02493348 -0.99878847 -0.04159420 0.00835642
518.24403013 -0.16192958 265.94716876 -0.02488957 -0.99878645 -0.04160302 0.00867942
517.42749380 -0.17440502 266.04528665 -0.02506693 -0.99877278 -0.04174233 0.00906449
516.62178587 -0.28757357 266.02520107 -0.02520337 -0.99876597 -0.04176531 0.00932658
516.71497230 -0.38947144 266.01541961 -0.02524924 -0.99877309 -0.04164760 0.00895970
516.81751515 -0.49387038 266.02207808 -0.02523489 -0.99878621 -0.04141885 0.00859007
516.92855061 -0.58207552 266.06564694 -0.02528735 -0.99879137 -0.04133513 0.00823158
517.00189554 -0.63531189 266.14489506 -0.02536147 -0.99879712 -0.04122200 0.00786432
517.06485002 -0.71084824 266.19105683 -0.02534011 -0.99880872 -0.04102871 0.00746059
517.12368531 -0.73617536 266.19936248 -0.02527414 -0.99882067 -0.04084420 0.00708727
517.19560749 -0.77614701 266.22095147 -0.02527722 -0.99882660 -0.04075462 0.00674818
516.69702350 -0.66260166 266.29230805 -0.02553351 -0.99882810 -0.04059257 0.00653539
516.12290640 -0.60880877 266.34558885 -0.02569223 -0.99882750 -0.04055632 0.00622271
515.69772247 -0.55064281 266.40919863 -0.02550334 -0.99884245 -0.04035158 0.00592305
515.30295367 -0.57930152 266.45088008 -0.02550909 -0.99885211 -0.04015300 0.00561064
514.95264358 -0.63618232 266.49371891 -0.02566203 -0.99885864 -0.03993508 0.00529778
514.55186959 -0.71227675 266.61015437 -0.02602784 -0.99884789 -0.03999341 0.00509608
514.12178271 -0.78143401 266.56558989 -0.02635065 -0.99884641 -0.03985683 0.00478880
513.73613306 -0.63698029 266.69272309 -0.02627486 -0.99885762 -0.03963765 0.00468478
513.32460377 -0.50592437 266.67066541 -0.02621624 -0.99886871 -0.03941234 0.00454605
513.02444399 -0.36569471 266.72627013 -0.02601936 -0.99887985 -0.03927192 0.00444366
512.61982458 -0.14560794 266.87560040 -0.02588494 -0.99889351 -0.03902515 0.00433130
512.26238479 0.03083156 266.93971730 -0.02573338 -0.99890436 -0.03886074 0.00420968
511.94022496 0.23112056 267.00652528 -0.02557305 -0.99891635 -0.03866889 0.00410754
511.61736222 0.42773451 267.05512864 -0.02548644 -0.99892336 -0.03855664 0.00399294
512.04058465 0.52008833 267.11667615 -0.02550027 -0.99892741 -0.03849217 0.00347989
512.41526532 0.62266120 267.11270875 -0.02549039 -0.99893442 -0.03836591 0.00288640
512.80723988 0.77238237 267.11218380 -0.02556359 -0.99893602 -0.03831260 0.00233991
513.11725796 0.87293687 267.19448351 -0.02550442 -0.99894259 -0.03821279 0.00173423
513.44874972 0.95787435 267.20763354 -0.02547057 -0.99894712 -0.03813912 0.00114556
513.79033939 1.08725432 267.19643614 -0.02537780 -0.99895243 -0.03807421 0.00059792
514.11474285 1.18924897 267.20588953 -0.02546903 -0.99895343 -0.03799175 0.00008086
513.49667837 1.14598921 267.16624181 -0.02509136 -0.99898701 -0.03735332 0.00031416
512.83610737 1.05102851 267.18702899 -0.02457596 -0.99903041 -0.03652402 0.00051668
512.16647573 0.98751623 267.19800302 -0.02410148 -0.99906915 -0.03576835 0.00076431
511.60930237 1.01265915 267.31146258 -0.02375287 -0.99910099 -0.03510089 0.00096612
510.99692006 0.98209043 267.29004714 -0.02317122 -0.99914006 -0.03436456 0.00114121
510.48252692 1.02373693 267.36707538 -0.02258970 -0.99917598 -0.03369325 0.00135142
509.97368885 0.99245258 267.37067321 -0.02215206 -0.99920686 -0.03305324 0.00155436
510.10956462 0.74134847 267.35761759 -0.02248390 -0.99919144 -0.03331887 0.00089098
510.23564001 0.51620539 267.37940164 -0.02278696 -0.99917703 -0.03355585 0.00017145
510.39604260 0.31409322 267.41389704 0.02312531 0.99915778 0.03389231 0.00051477
510.57449462 0.07211457 267.50965565 0.02338956 0.99913970 0.03422318 0.00125378
510.74229854 -0.19012710 267.53226315 0.02360536 0.99912623 0.03443162 0.00200701
510.91629201 -0.40841931 267.53242858 0.02385433 0.99910783 0.03474547 0.00269717
511.04971402 -0.63256999 267.53025167 0.02423666 0.99908639 0.03503686 0.00337356
511.13135532 -0.65375391 267.50809585 0.02419133 0.99908655 0.03505867 0.00342619
511.15796574 -0.70753473 267.46609700 0.02418874 0.99909043 0.03494400 0.00348254
511.20828810 -0.70429022 267.44011612 0.02424332 0.99908670 0.03500905 0.00352110
511.27213069 -0.66555350 267.45419635 0.02420864 0.99908932 0.03495297 0.00357133
511.32704781 -0.65438302 267.44413422 0.02419200 0.99909004 0.03493659 0.00364334
511.39748046 -0.65482531 267.40913148 0.02408814 0.99909539 0.03485006 0.00369310
511.45250412 -0.65518074 267.37445901 0.02404233 0.99909353 0.03492964 0.00374214
511.61916121 -0.68490141 267.38268465 0.02402285 0.99909089 0.03501215 0.00379953
511.72381686 -0.75106377 267.33688901 0.02405874 0.99909138 0.03496831 0.00384759
511.87125116 -0.78985854 267.32540841 0.02413499 0.99908448 0.03510804 0.00389054
512.00716447 -0.77238643 267.35655682 0.02411195 0.99908389 0.03513661 0.00392692
512.14921461 -0.79522394 267.36836353 0.02412798 0.99908172 0.03517900 0.00399933
512.31370885 -0.82652966 267.33767507 0.02405868 0.99908477 0.03513271 0.00406200
512.43507858 -0.84973004 267.33211986 0.02401611 0.99908043 0.03527891 0.00411367
512.63727821 -0.83345588 267.32044358 0.02395099 0.99908449 0.03520315 0.00415568
512.78766378 -0.84198268 267.25210843 0.02393991 0.99909126 0.03501581 0.00417511
512.96582213 -0.81566340 267.21708489 0.02395917 0.99909020 0.03502961 0.00420286
513.12927906 -0.75607954 267.23424676 0.02388171 0.99909714 0.03487972 0.00423873
513.28316943 -0.73261982 267.24059293 0.02386073 0.99910113 0.03477362 0.00428890
513.46387062 -0.71960104 267.20760111 0.02377098 0.99910981 0.03457901 0.00433784
513.61277554 -0.66973694 267.17212680 0.02369698 0.99911182 0.03456823 0.00436638
513.74473642 -0.70812075 267.16264171 0.02372408 0.99910861 0.03463357 0.00443399
513.81981000 -0.77695827 267.10973850 0.02379573 0.99910929 0.03455808 0.00448719
513.94768618 -0.80349110 267.09766453 0.02391884 0.99910241 0.03466461 0.00454176
514.06702459 -0.80250477 267.12030036 0.02393103 0.99910187 0.03466487 0.00459351
514.18753596 -0.82034914 267.13422627 0.02398961 0.99909914 0.03469124 0.00468184
514.33217540 -0.85570281 267.10305780 0.02393531 0.99910322 0.03460151 0.00475295
514.44771940 -0.86066190 267.08895434 0.02394476 0.99909818 0.03473131 0.00481731
514.61401472 -0.89364138 267.07370230 0.02388696 0.99910012 0.03471289 0.00483430
514.72476039 -0.95789576 266.99531416 0.02387925 0.99910550 0.03456397 0.00482756
514.85759414 -0.97600755 266.95804800 0.02390731 0.99910306 0.03461433 0.00483276
514.99432880 -0.95225441 266.96064816 0.02384648 0.99910786 0.03451689 0.00483866
515.12230900 -0.95992723 266.95991810 0.02380935 0.99911070 0.03445576 0.00487130
515.27353766 -0.97421025 266.90723639 0.02368407 0.99911992 0.03427059 0.00489590
515.40388711 -0.97336662 266.86035329 0.02358494 0.99912090 0.03430941 0.00490258
515.51665972 -0.96503422 266.85107482 0.02361780 0.99912031 0.03428981 0.00500060
515.57848427 -0.98543039 266.77801771 0.02366594 0.99912457 0.03412014 0.00508227
515.67587474 -0.95837420 266.73643860 0.02381108 0.99911911 0.03416769 0.00515899
515.76298596 -0.90113966 266.72704603 0.02383745 0.99912061 0.03409199 0.00524534
515.85009100 -0.89431387 266.70681350 0.02383524 0.99911986 0.03410918 0.00528665
515.90722934 -0.93555576 266.66080462 0.02379268 0.99912464 0.03399739 0.00529565
515.98704267 -0.93674626 266.60291797 0.02382353 0.99912091 0.03408495 0.00529774
516.05995152 -0.98875679 266.59347100 0.02376122 0.99912200 0.03410887 0.00521743
516.11676940 -1.05863847 266.62408107 0.02377292 0.99912072 0.03414224 0.00519074
516.18824770 -1.12605453 266.60093273 0.02366801 0.99912708 0.03403614 0.00514285
516.22634147 -1.17507645 266.56417007 0.02351824 0.99912642 0.03416933 0.00507492
