712.00910540 106.03245510 285.22670330 0.02563484 0.99896312 -0.00826540 0.03670441
711.97765275 106.09246986 285.22982141 0.02558103 0.99895716 -0.00815758 0.03692770
711.95639632 106.14579961 285.17297941 0.02558144 0.99894817 -0.00814121 0.03717339
712.00731037 106.15234063 285.21156462 0.02559434 0.99893943 -0.00809612 0.03740855
712.01609711 106.20027387 285.20163551 0.02556637 0.99892936 -0.00807732 0.03769958
712.02755188 106.25313434 285.16990149 0.02556072 0.99892003 -0.00800126 0.03796574
712.07476890 106.25839536 285.16168832 0.02551439 0.99891289 -0.00786701 0.03821208
712.07955368 106.28875547 285.13461370 0.02552008 0.99890367 -0.00774185 0.03847388
712.10644314 106.36410488 285.13530597 0.02536924 0.99889791 -0.00770976 0.03872881
712.17461328 106.43332782 285.07730781 0.02525962 0.99888911 -0.00776102 0.03901616
712.26360258 106.46520326 285.10788967 0.02514185 0.99888075 -0.00781595 0.03929423
712.34020470 106.52496767 285.10560585 0.02499362 0.99887083 -0.00789196 0.03962448
712.40246839 106.60397372 285.07321071 0.02487673 0.99886147 -0.00792486 0.03992640
712.49410010 106.64957772 285.07116778 0.02472925 0.99885403 -0.00788056 0.04021169
712.55972082 106.70513368 285.03221947 0.02463750 0.99884492 -0.00784009 0.04050120
712.61258404 106.70561676 285.02206129 0.02444175 0.99883862 -0.00791419 0.04076011
712.67931308 106.70529471 284.98282339 0.02427132 0.99883089 -0.00802535 0.04102872
712.79184080 106.67648119 285.04498195 0.02408242 0.99882328 -0.00816908 0.04129593
712.91208856 106.66256899 285.05445503 0.02390645 0.99881282 -0.00832626 0.04161857
713.02709728 106.65088777 285.02659295 0.02371857 0.99880270 -0.00848390 0.04193589
713.18399158 106.61679147 285.03138534 0.02350564 0.99879482 -0.00856288 0.04222633
713.29308753 106.59795775 285.01241329 0.02334461 0.99878578 -0.00858511 0.04252409
713.98860987 106.44574937 285.09332580 0.02308583 0.99878529 -0.00868210 0.04265682
714.61791610 106.27577982 285.06049841 0.02285107 0.99878267 -0.00872336 0.04283576
715.39520456 106.09952134 285.05319851 0.02233552 0.99878255 -0.00905883 0.04304052
716.11032719 106.03279087 285.18837371 0.02191877 0.99878000 -0.00929907 0.04326206
716.98100094 105.91471568 285.19955339 0.02147116 0.99877788 -0.00951086 0.04348881
717.89794643 105.83811879 285.28697895 0.02120272 0.99877390 -0.00962685 0.04368589
718.74220939 105.67746334 285.30959612 0.02083140 0.99876654 -0.00993982 0.04396190
719.35182353 105.83490756 285.40769784 0.02067594 0.99873890 -0.01007139 0.04462823
719.97594853 105.91377482 285.47552050 0.02040663 0.99870999 -0.01020931 0.04536193
720.62099875 105.98730123 285.48801699 0.01995601 0.99868279 -0.01041163 0.04610905
721.30513890 105.98578701 285.60107204 0.01953400 0.99865159 -0.01063131 0.04690850
721.93285927 105.96953257 285.65935389 0.01927131 0.99861756 -0.01098901 0.04765312
722.57131259 105.96391971 285.76962007 0.01925163 0.99858433 -0.01093916 0.04836363
723.20697135 105.92532434 285.76158245 0.01906993 0.99854857 -0.01125148 0.04909688
723.48402422 106.23253415 285.76480011 0.01870942 0.99854703 -0.01139108 0.04923442
723.82412376 106.50126085 285.66897043 0.01848786 0.99853668 -0.01162253 0.04947338
724.15830618 106.74654881 285.62315802 0.01810076 0.99853232 -0.01182928 0.04965511
724.40352936 106.98439185 285.64007058 0.01767799 0.99852645 -0.01210261 0.04985927
724.65703744 107.22680237 285.64420178 0.01729863 0.99852222 -0.01229887 0.05002865
724.95195343 107.44589889 285.61255651 0.01705054 0.99851882 -0.01233558 0.05017244
725.21270844 107.67793941 285.51551587 0.01678427 0.99851149 -0.01251272 0.05036400
724.58204912 107.87292186 285.43261678 0.01662812 0.99854050 -0.01228676 0.04989391
723.92855099 108.06268381 285.27637448 0.01675608 0.99856341 -0.01210897 0.04943408
723.35831377 108.29591045 285.16930232 0.01647935 0.99859088 -0.01203869 0.04898734
722.81344431 108.55080235 285.05101639 0.01641020 0.99861635 -0.01202592 0.04849196
722.32041148 108.77076922 284.95466422 0.01631550 0.99864407 -0.01189798 0.04798189
721.80933468 108.92992356 284.82967798 0.01647818 0.99866832 -0.01167620 0.04747347
721.27075042 109.15366834 284.63904749 0.01640783 0.99868876 -0.01156292 0.04709402
720.15068335 109.12149710 284.47237610 0.01635082 0.99871702 -0.01156148 0.04651118
718.95249881 109.07109826 284.35340765 0.01634137 0.99874529 -0.01159053 0.04589632
717.83335803 109.03215446 284.22305283 0.01622573 0.99877464 -0.01163227 0.04528395
716.71348412 108.97483152 284.11139318 0.01626375 0.99880160 -0.01163559 0.04467072
715.59958070 108.91507246 283.99470217 0.01617566 0.99883079 -0.01165695 0.04403995
714.49311379 108.88726750 283.91903010 0.01623975 0.99885568 -0.01169124 0.04343855
713.48159018 108.78329610 283.80413117 0.01618279 0.99887962 -0.01175673 0.04288820
712.52129661 109.02768582 283.57295949 0.01647700 0.99886137 -0.01171881 0.04321049
711.51434909 109.27654399 283.30351624 0.01677853 0.99884002 -0.01162986 0.04361009
710.64246918 109.54711798 283.07260674 0.01660839 0.99882325 -0.01176011 0.04402242
709.76060501 109.79592251 282.92544229 0.01670956 0.99880105 -0.01187849 0.04445388
708.99148602 110.08532585 282.73116325 0.01688004 0.99878004 -0.01190913 0.04485156
708.16805246 110.28224952 282.60901175 0.01737542 0.99876077 -0.01166555 0.04515449
707.30103835 110.51994965 282.25986069 0.01773815 0.99873149 -0.01181219 0.04562066
706.71759812 110.92955817 282.25675718 0.01771646 0.99869902 -0.01179434 0.04633894
706.22629980 111.28183124 282.19177070 0.01758703 0.99866024 -0.01188303 0.04719339
705.71281129 111.63157999 282.16604879 0.01727888 0.99862830 -0.01186414 0.04798120
705.18569741 111.96548381 282.25970098 0.01704396 0.99858868 -0.01191886 0.04886805
704.63243972 112.31296280 282.24584983 0.01686196 0.99855169 -0.01203741 0.04965183
704.10197052 112.61981092 282.16066456 0.01684981 0.99851974 -0.01173905 0.05036482
703.54379470 112.92272825 282.01983196 0.01697554 0.99847697 -0.01189971 0.05112700
702.13050685 113.06570015 281.71918730 0.01717342 0.99845408 -0.01186643 0.05151424
700.63292941 113.23775649 281.47660455 0.01725337 0.99842735 -0.01183184 0.05201117
699.30141618 113.39449281 281.21105800 0.01696575 0.99840788 -0.01184819 0.05247375
697.97564128 113.47083710 281.05867533 0.01704159 0.99837645 -0.01191763 0.05302841
696.60548684 113.59534772 280.83610440 0.01715392 0.99834732 -0.01207756 0.05350230
695.24374008 113.64315827 280.62869418 0.01748849 0.99832316 -0.01182009 0.05390095
693.93954840 113.72116692 280.36380006 0.01789461 0.99828850 -0.01194240 0.05438037
692.40650792 113.75779849 280.01928237 0.01821938 0.99830670 -0.01185094 0.05395692
690.82249525 113.86426135 279.73581297 0.01862276 0.99832053 -0.01173723 0.05358679
689.33348755 114.00071983 279.40749886 0.01855897 0.99834156 -0.01180755 0.05320041
687.89478335 114.08013272 279.14812098 0.01885888 0.99835935 -0.01173938 0.05277446
686.39471910 114.16629631 278.91825502 0.01899632 0.99837793 -0.01177215 0.05236468
684.92883785 114.23360673 278.70932565 0.01951974 0.99839368 -0.01163165 0.05190137
683.54983795 114.29845529 278.37722926 0.01986292 0.99840206 -0.01161896 0.05161188
682.01911278 114.25161893 278.01369302 0.02008702 0.99840497 -0.01129009 0.05154180
680.44652624 114.26641789 277.70458443 0.02038947 0.99840315 -0.01087787 0.05154698
679.00671677 114.37558666 277.35700593 0.02004797 0.99841131 -0.01069183 0.05156185
677.59169811 114.35142365 277.12499971 0.02022560 0.99841060 -0.01048524 0.05154856
676.14756340 114.38294249 276.88395807 0.02020588 0.99841378 -0.01037758 0.05151656
674.72259962 114.31825000 276.65857002 0.02068402 0.99841313 -0.00987931 0.05143731
673.36357403 114.30107465 276.27709873 0.02094040 0.99840480 -0.00975342 0.05151923
671.87280306 114.31383621 275.93588042 0.02080503 0.99841923 -0.00970012 0.05130402
670.40388008 114.38293622 275.68578711 0.02065702 0.99843191 -0.00958288 0.05113871
668.99596108 114.46630591 275.41832597 0.02017579 0.99845127 -0.00968261 0.05093380
667.66511097 114.46802971 275.17510105 0.02012405 0.99846079 -0.00970112 0.05076379
666.26334970 114.48773788 274.94909318 0.01993159 0.99847338 -0.00979145 0.05057447
664.88125151 114.48073872 274.75096420 0.02001090 0.99848610 -0.00957668 0.05033248
663.59141224 114.44456692 274.43605534 0.01997168 0.99849245 -0.00954160 0.05022870
662.17866309 114.46204458 274.08034245 0.01997698 0.99850261 -0.00919484 0.05008908
660.75546479 114.52376967 273.72381953 0.02006041 0.99850743 -0.00882197 0.05002665
659.42655905 114.63055228 273.32958058 0.01962173 0.99851894 -0.00863803 0.05000306
658.09825497 114.66262194 273.01966069 0.01960945 0.99852515 -0.00843176 0.04991886
656.75153381 114.72308670 272.72336673 0.01946756 0.99853401 -0.00834575 0.04981153
655.40524510 114.74426005 272.42776210 0.01978506 0.99853880 -0.00798490 0.04964932
654.13336176 114.76579957 271.96508454 0.01974058 0.99853971 -0.00786895 0.04966720
652.49002319 114.82483106 271.65482114 0.01985458 0.99851041 -0.00762043 0.05024619
650.84348216 114.94506713 271.35530281 0.01985857 0.99847731 -0.00727499 0.05094877
649.35096921 115.12620880 270.97700351 0.01930924 0.99845229 -0.00714340 0.05166373
647.87286252 115.20373659 270.72904790 0.01925060 0.99841464 -0.00704172 0.05242165
646.38011108 115.30398272 270.44675355 0.01918016 0.99837992 -0.00703975 0.05310464
644.85592023 115.29525133 270.21230422 0.01953182 0.99834590 -0.00650700 0.05368091
643.37793642 115.36927427 269.75350572 0.01974251 0.99830279 -0.00646542 0.05440559
641.60198049 115.51938124 269.37139547 0.02001341 0.99826896 -0.00649488 0.05492135
639.80728229 115.72567936 269.01122966 0.02009073 0.99823180 -0.00649928 0.05556428
638.16377179 115.98289995 268.64689046 0.01969208 0.99820297 -0.00664134 0.05620452
636.56490709 116.16937228 268.30533561 0.01973904 0.99815749 -0.00687999 0.05696188
634.98912957 116.35738770 267.93942279 0.01986574 0.99811668 -0.00704575 0.05760903
633.41973643 116.47203933 267.64581158 0.02031338 0.99807741 -0.00682505 0.05815734
631.88019358 116.69899212 267.15383179 0.02076183 0.99802792 -0.00704129 0.05881866
630.78215237 116.69284481 266.87176582 0.02089270 0.99803038 -0.00697955 0.05873783
629.60595796 116.65789765 266.59239851 0.02090823 0.99803276 -0.00682814 0.05870980
628.51973551 116.60790913 266.35382877 0.02080083 0.99803909 -0.00688154 0.05863391
627.52791962 116.57479174 266.14905382 0.02092953 0.99803610 -0.00681898 0.05864646
626.54990724 116.54511705 265.89738540 0.02106623 0.99803232 -0.00684046 0.05865919
625.53068652 116.45784578 265.73355780 0.02132882 0.99803371 -0.00660727 0.05856737
624.56490614 116.42810787 265.42442255 0.02168138 0.99802513 -0.00661884 0.05858288
623.27195223 116.43852194 265.11531638 0.02176326 0.99803940 -0.00649819 0.05832231
621.93235669 116.44166510 264.81064751 0.02186243 0.99805174 -0.00625869 0.05809985
620.64471081 116.47597437 264.50165559 0.02148836 0.99807386 -0.00633371 0.05785072
619.46010327 116.49613187 264.23580722 0.02155293 0.99808438 -0.00630897 0.05764751
618.31995998 116.48085188 263.95718505 0.02150935 0.99809721 -0.00630315 0.05744196
617.12844761 116.42928875 263.76970135 0.02178739 0.99811036 -0.00602731 0.05713739
615.98431525 116.46139863 263.37596505 0.02201264 0.99811220 -0.00608124 0.05701322
614.79619118 116.56117751 263.17016425 0.02226108 0.99809174 -0.00609931 0.05727230
613.58725153 116.66759154 262.91341558 0.02237651 0.99807137 -0.00592359 0.05759988
612.47101902 116.81595726 262.67800180 0.02196316 0.99806083 -0.00612866 0.05791929
611.35399718 116.91326171 262.46393878 0.02198552 0.99804018 -0.00624383 0.05825337
610.33651362 116.95022218 262.24081506 0.02192811 0.99802151 -0.00640204 0.05857672
609.27779400 116.95140865 262.10541807 0.02230421 0.99800412 -0.00614294 0.05875858
608.25068506 117.05729528 261.73641577 0.02252901 0.99797522 -0.00629493 0.05914616
607.12861897 117.18027071 261.55785625 0.02287884 0.99796597 -0.00640433 0.05915634
605.96747052 117.27566665 261.36213927 0.02303044 0.99795975 -0.00639292 0.05920361
604.91463899 117.37348991 261.24241405 0.02286958 0.99796197 -0.00662448 0.05920306
603.87166592 117.44573339 261.10642775 0.02307819 0.99795020 -0.00672780 0.05930871
602.90776159 117.46444758 260.95898737 0.02322803 0.99793887 -0.00685191 0.05942663
601.92972032 117.52095333 260.86068414 0.02360470 0.99793463 -0.00658363 0.05937963
600.97408614 117.60402136 260.65120252 0.02410186 0.99791515 -0.00671685 0.05949229
599.97865151 117.84808750 260.49670990 0.02438090 0.99788436 -0.00675152 0.05988992
598.94640661 118.01236037 260.29720179 0.02441648 0.99785471 -0.00666064 0.06037759
598.01660131 118.22166743 260.17921098 0.02430405 0.99783352 -0.00662999 0.06077521
597.05524814 118.41924567 260.10908744 0.02434691 0.99780416 -0.00653992 0.06124804
596.12156127 118.55526240 259.96642468 0.02446746 0.99777249 -0.00665815 0.06170141
595.14849578 118.74207299 259.82496808 0.02470736 0.99774801 -0.00635340 0.06203298
594.21355046 118.93467481 259.54396033 0.02504794 0.99771226 -0.00641647 0.06246346
593.58204043 118.99794691 259.41848724 0.02531400 0.99772309 -0.00649378 0.06217451
592.85225360 118.97332806 259.16320310 0.02537502 0.99774023 -0.00652284 0.06187082
592.16327577 118.94000056 258.97661369 0.02555447 0.99775804 -0.00654644 0.06150610
591.45605076 118.98026332 258.87018124 0.02577219 0.99777147 -0.00649913 0.06120171
590.78849574 119.00592855 258.66800235 0.02598097 0.99778103 -0.00655462 0.06095121
590.13737107 119.07302941 258.47847953 0.02607786 0.99779796 -0.00655312 0.06063192
589.52625891 119.11078538 258.26949581 0.02635208 0.99780747 -0.00659380 0.06035174
589.15895752 119.22235737 258.26478330 0.02662528 0.99779281 -0.00679735 0.06045163
588.79943006 119.27940751 258.23462099 0.02678732 0.99777985 -0.00704343 0.06056570
588.58712397 119.40556132 258.23747873 0.02689532 0.99777196 -0.00723580 0.06062505
588.29894769 119.54192810 258.27155103 0.02701527 0.99776271 -0.00740685 0.06070334
588.04392700 119.64191233 258.25441623 0.02713184 0.99775061 -0.00761739 0.06082407
587.81161963 119.81243523 258.27697570 0.02729331 0.99774309 -0.00771448 0.06086294
587.54951932 119.95645905 258.22743525 0.02751533 0.99772972 -0.00780762 0.06097012
587.34157289 119.94515758 258.17392754 0.02792662 0.99769864 -0.00786209 0.06128391
587.11071368 119.94998096 258.02297679 0.02820835 0.99766577 -0.00789778 0.06168413
587.07385177 119.97445833 257.92889819 0.02820676 0.99764202 -0.00806780 0.06204593
586.95454938 119.99250616 257.92373159 0.02832705 0.99761234 -0.00825677 0.06244213
586.96962430 119.97499642 257.85794276 0.02850651 0.99758161 -0.00834485 0.06283850
587.03678881 119.96225634 257.89983006 0.02885320 0.99755476 -0.00824761 0.06311876
587.00715793 119.97387229 257.72135101 0.02912637 0.99751981 -0.00834234 0.06353182
586.89698295 120.04895465 257.71089775 0.02903196 0.99751630 -0.00829342 0.06363642
586.80389548 120.07602899 257.57990350 0.02904702 0.99750655 -0.00830388 0.06378095
586.84434943 120.12932514 257.49725950 0.02899408 0.99750246 -0.00821915 0.06387982
586.76359792 120.26167903 257.48750183 0.02890611 0.99749579 -0.00827542 0.06401639
586.71860021 120.37933490 257.41459378 0.02882658 0.99749046 -0.00819087 0.06414613
586.75525453 120.49155459 257.35676057 0.02866957 0.99748852 -0.00819340 0.06424626
586.74845092 120.58060898 257.30463185 0.02858706 0.99748282 -0.00814794 0.06437709
587.07446761 120.65907617 257.33699570 0.02853198 0.99748135 -0.00796674 0.06444702
587.40565614 120.74609774 257.31845414 0.02861445 0.99747173 -0.00788330 0.06456945
587.75370223 120.82648495 257.27681625 0.02866133 0.99746663 -0.00769402 0.06465024
588.03978712 120.95631029 257.33920180 0.02858580 0.99746227 -0.00759849 0.06476219
588.30079629 121.09098393 257.37744784 0.02858673 0.99745920 -0.00740056 0.06483188
588.61632241 121.20632596 257.38444875 0.02854510 0.99745612 -0.00730639 0.06490833
588.91466149 121.28871374 257.40512021 0.02854252 0.99745132 -0.00714702 0.06500091
589.03720244 121.42657828 257.43903296 0.02845867 0.99744264 -0.00710945 0.06517474
589.17435139 121.58410238 257.44651491 0.02844866 0.99742853 -0.00721543 0.06538299
589.31383830 121.72218712 257.42570213 0.02845368 0.99741714 -0.00717426 0.06555893
589.42082453 121.92187880 257.48483334 0.02835487 0.99740499 -0.00722197 0.06578090
589.45079338 122.11051823 257.48928423 0.02832377 0.99739318 -0.00719788 0.06597581
589.57654783 122.27663871 257.47161213 0.02818885 0.99738504 -0.00725901 0.06614967
589.68185066 122.44495585 257.48876357 0.02812368 0.99737507 -0.00723209 0.06633045
589.88145827 122.31708816 257.47454089 0.02796596 0.99738083 -0.00712300 0.06632230
589.99558690 122.16702883 257.39836831 0.02793006 0.99738391 -0.00700889 0.06630334
590.21927961 121.96442947 257.39819521 0.02781105 0.99739028 -0.00689420 0.06626944
590.43725728 121.76035735 257.36738251 0.02776455 0.99739255 -0.00690744 0.06625350
590.72444043 121.60458779 257.35621032 0.02765451 0.99739504 -0.00686839 0.06626600
591.04286774 121.39520144 257.33481289 0.02751268 0.99740065 -0.00684733 0.06624274
591.32544443 121.20324586 257.31027327 0.02732864 0.99740596 -0.00676479 0.06624757
591.40693872 121.26758090 257.32663746 0.02727224 0.99743098 -0.00684746 0.06588455
591.47905075 121.26538976 257.30778223 0.02730513 0.99745676 -0.00695434 0.06546814
591.61468916 121.30638794 257.33619245 0.02736832 0.99748346 -0.00701311 0.06502719
591.72779386 121.36025971 257.41912037 0.02736444 0.99751250 -0.00708227 0.06457425
591.76183682 121.41765037 257.45272670 0.02736981 0.99753736 -0.00710792 0.06418403
591.90091135 121.47788645 257.43799703 0.02732777 0.99756542 -0.00729177 0.06374372
592.01410882 121.53080940 257.43736980 0.02722738 0.99759202 -0.00730325 0.06336791
591.79913876 121.73594220 257.38354302 0.02733108 0.99758515 -0.00737155 0.06342352
591.54892670 121.98180718 257.32913562 0.02751876 0.99756942 -0.00751955 0.06357224
591.46816455 122.16049607 257.31911641 0.02741312 0.99756217 -0.00782004 0.06369530
591.35258859 122.35415212 257.30187040 0.02737085 0.99755062 -0.00811898 0.06385675
591.26569632 122.55798858 257.24819119 0.02742255 0.99753992 -0.00823065 0.06398728
591.24744259 122.74835983 257.31024831 0.02757440 0.99753359 -0.00822807 0.06402093
591.15847473 122.90750472 257.22874145 0.02769179 0.99751756 -0.00834948 0.06420411
591.38640416 122.93772567 257.28254859 0.02766502 0.99749590 -0.00822519 0.06456721
591.62018944 122.99434391 257.30343459 0.02766200 0.99746921 -0.00822007 0.06498009
591.89268761 122.99972164 257.30447838 0.02764362 0.99744628 -0.00810349 0.06535348
592.11049250 123.02084200 257.38583164 0.02754397 0.99742150 -0.00809899 0.06577300
592.30089472 123.05957761 257.41722890 0.02752910 0.99739620 -0.00805353 0.06616729
592.53616421 123.08045362 257.43050249 0.02743680 0.99737521 -0.00797260 0.06653075
592.76284144 123.08335901 257.43324749 0.02739441 0.99735248 -0.00788493 0.06689852
592.72792627 123.24320575 257.42136260 0.02744777 0.99734035 -0.00786710 0.06705927
592.70142472 123.38142959 257.38706040 0.02753273 0.99732522 -0.00801632 0.06723160
592.73985010 123.53415545 257.36333941 0.02766854 0.99731153 -0.00796754 0.06738465
592.72131440 123.72001457 257.39166691 0.02771146 0.99729794 -0.00804841 0.06755827
592.63418283 123.91278898 257.35878288 0.02781193 0.99728224 -0.00803868 0.06774965
592.61562447 124.04531319 257.30001257 0.02778654 0.99727232 -0.00808706 0.06790018
592.59251991 124.18005384 257.26364383 0.02784039 0.99726156 -0.00801154 0.06804487
592.65909776 124.31167940 257.26821863 0.02786846 0.99725896 -0.00793976 0.06807987
592.72277710 124.43429715 257.24571234 0.02801888 0.99725044 -0.00798561 0.06813759
592.85519557 124.53646900 257.25104332 0.02810838 0.99724577 -0.00794301 0.06817404
592.97644744 124.66568184 257.28202698 0.02815021 0.99724029 -0.00801309 0.06822869
593.04318587 124.80695536 257.26850788 0.02822816 0.99723471 -0.00793935 0.06828671
593.16839023 124.88096293 257.26377995 0.02824355 0.99723305 -0.00792121 0.06830674
593.27126966 124.97654350 257.23101004 0.02827599 0.99722977 -0.00781845 0.06835297
593.26999534 125.11784999 257.22219816 0.02842192 0.99721476 -0.00776757 0.06851700
593.26930172 125.24505735 257.20960866 0.02859670 0.99719652 -0.00787768 0.06869698
593.34149657 125.37167858 257.21033193 0.02878833 0.99718007 -0.00783868 0.06886000
593.37497029 125.52875679 257.23506648 0.02889524 0.99716315 -0.00789923 0.06905309
593.37045242 125.68900078 257.22713498 0.02907054 0.99714471 -0.00784332 0.06925187
593.39958123 125.79048042 257.20233936 0.02915011 0.99713215 -0.00784740 0.06939860
593.40828055 125.90390088 257.17317479 0.02928212 0.99711781 -0.00777106 0.06955741
593.36494009 126.06082172 257.14867543 0.02938050 0.99709664 -0.00782757 0.06981268
593.29825232 126.21969774 257.11252390 0.02948868 0.99707310 -0.00806368 0.07007583
593.31114866 126.37321715 257.09743390 0.02964641 0.99705055 -0.00812499 0.07032272
593.28909070 126.55950902 257.11493040 0.02971504 0.99702689 -0.00829412 0.07060888
593.20890291 126.76154377 257.07509625 0.02986065 0.99700115 -0.00837933 0.07090020
593.19195734 126.89496979 257.00603344 0.02988483 0.99698203 -0.00852523 0.07114107
593.14956341 127.05589182 256.94797299 0.02997434 0.99696182 -0.00855172 0.07138297
593.17356054 127.16923369 256.94117236 0.03000712 0.99694747 -0.00852154 0.07157301
593.18688026 127.27808371 256.90382460 0.03007157 0.99693022 -0.00865952 0.07176945
593.26005556 127.37809897 256.90233579 0.03023005 0.99691292 -0.00861620 0.07194820
593.30897977 127.52083719 256.93623439 0.03027759 0.99689588 -0.00868704 0.07215547
593.29098214 127.67332696 256.91489506 0.03039557 0.99687625 -0.00868600 0.07237686
593.33840412 127.76331046 256.85614573 0.03036755 0.99686322 -0.00876979 0.07255777
593.37811716 127.87375331 256.81053341 0.03039432 0.99685032 -0.00870716 0.07273114
593.52203521 127.84831436 256.80506149 0.03045084 0.99684686 -0.00848867 0.07278070
593.61805629 127.81815838 256.75614909 0.03060120 0.99683976 -0.00838968 0.07282632
593.79632229 127.78425653 256.77438746 0.03078469 0.99683296 -0.00816171 0.07286795
593.95009391 127.76689524 256.79430691 0.03090413 0.99682649 -0.00802850 0.07292070
594.07684308 127.75605153 256.79619978 0.03104724 0.99681837 -0.00781421 0.07299415
594.26197367 127.69226785 256.76992284 0.03105901 0.99681545 -0.00772537 0.07303850
594.41105113 127.66242360 256.75087328 0.03109613 0.99681273 -0.00746382 0.07308702
594.43011679 127.75495211 256.73438991 0.03113855 0.99680136 -0.00735968 0.07323434
594.42484306 127.85108354 256.68360676 0.03123745 0.99678660 -0.00744403 0.07338448
594.47014939 127.94414992 256.67509765 0.03139628 0.99677213 -0.00735662 0.07352192
594.48992616 128.08898999 256.69007918 0.03145905 0.99675816 -0.00736851 0.07368319
594.44543828 128.23878666 256.65786703 0.03158353 0.99674212 -0.00728985 0.07385453
594.47944220 128.33753892 256.60206626 0.03156789 0.99673251 -0.00731434 0.07398835
594.48407554 128.45257709 256.56031958 0.03160326 0.99672195 -0.00718877 0.07412770
594.61789856 128.52281919 256.55326498 0.03160088 0.99671403 -0.00715315 0.07423860
594.74665610 128.58484260 256.51208306 0.03165425 0.99670315 -0.00725911 0.07435156
594.93894001 128.64264547 256.51994395 0.03172158 0.99669351 -0.00723915 0.07445392
595.09400785 128.70885732 256.54198488 0.03173521 0.99668329 -0.00733810 0.07457513
595.20482384 128.79468343 256.54860617 0.03179927 0.99667089 -0.00733686 0.07471359
595.36569454 128.83373863 256.51576281 0.03173971 0.99666426 -0.00741411 0.07481963
595.51582084 128.90759674 256.48399507 0.03171422 0.99665800 -0.00734714 0.07492032
595.60670640 129.04441163 256.47906531 0.03169060 0.99664980 -0.00737750 0.07503641
595.68260609 129.16868681 256.45286682 0.03171702 0.99663827 -0.00756150 0.07515993
595.82684610 129.29721432 256.46357640 0.03176279 0.99662838 -0.00760486 0.07526725
595.94701063 129.43641047 256.49131140 0.03172302 0.99661794 -0.00778274 0.07540402
596.01804663 129.59005533 256.48740037 0.03176309 0.99660522 -0.00785124 0.07554804
596.12830349 129.71362701 256.44898499 0.03168452 0.99659909 -0.00799076 0.07564711
596.18834177 129.82663287 256.41153252 0.03163519 0.99659293 -0.00814979 0.07573200
596.26708584 129.93402183 256.37246111 0.03163362 0.99658728 -0.00823546 0.07579759
596.32500209 130.01551196 256.36648031 0.03155483 0.99658277 -0.00845914 0.07586508
596.33764063 130.13928283 256.37871480 0.03156761 0.99657289 -0.00863943 0.07596927
596.39424865 130.22935457 256.31480774 0.03141473 0.99656902 -0.00894630 0.07604779
596.44332654 130.36060687 256.26330471 0.03126406 0.99656954 -0.00900191 0.07609648
