704.56926470 117.52159230 280.73489880 0.01920498 0.99894089 -0.00001101 0.04181308
704.61290827 117.45720502 280.78412829 0.01910154 0.99893892 0.00024709 0.04190592
704.65595040 117.35893556 280.73834382 0.01911837 0.99893442 0.00047078 0.04200356
704.76778728 117.23998136 280.75296435 0.01898025 0.99893282 0.00061120 0.04210225
704.81111093 117.18620632 280.80445067 0.01889965 0.99892980 0.00073880 0.04220792
704.92592019 117.15861181 280.76380391 0.01878246 0.99892745 0.00092265 0.04231207
705.06961506 117.08324632 280.79310689 0.01873577 0.99892355 0.00115502 0.04241904
705.16749628 117.04407037 280.77498732 0.01860797 0.99891963 0.00136833 0.04256107
705.24316656 117.07188654 280.78845867 0.01828221 0.99892535 0.00141910 0.04256642
705.32528325 117.07612461 280.72222314 0.01805741 0.99892928 0.00138036 0.04257142
705.45303064 117.06512471 280.74964781 0.01774060 0.99893470 0.00132554 0.04257901
705.54356937 117.09724006 280.76666792 0.01746662 0.99893867 0.00118493 0.04260329
705.65969486 117.15079963 280.71665263 0.01718722 0.99894299 0.00112226 0.04261750
705.83787637 117.16460526 280.71904933 0.01691678 0.99894691 0.00106404 0.04263525
705.95594688 117.21276270 280.69638169 0.01659598 0.99895070 0.00109771 0.04267155
706.05094294 117.13795233 280.72686993 0.01650389 0.99894902 0.00108162 0.04274699
706.13737576 117.04711591 280.72379265 0.01641157 0.99894756 0.00095701 0.04281958
706.25647588 116.91912101 280.79639192 0.01629994 0.99894693 0.00083547 0.04287948
706.37806858 116.81238522 280.82528901 0.01621577 0.99894469 0.00069301 0.04296595
706.53586201 116.71889492 280.79842011 0.01605762 0.99894293 0.00054076 0.04306846
706.73304775 116.63375494 280.82575230 0.01594674 0.99894147 0.00046574 0.04314431
706.87955776 116.52814245 280.84193771 0.01580995 0.99893899 0.00040935 0.04325248
707.05183455 116.10966313 280.90286040 0.01579123 0.99894051 0.00056004 0.04322245
707.28509846 115.72005015 280.95827289 0.01584401 0.99894196 0.00069818 0.04316752
707.50495495 115.29099727 281.05962174 0.01582948 0.99894325 0.00084010 0.04314052
707.70207485 114.98647877 281.21702721 0.01596670 0.99894244 0.00098968 0.04310550
707.94682976 114.71414157 281.28262260 0.01586829 0.99894302 0.00107812 0.04312630
708.19476085 114.46354771 281.36156831 0.01581212 0.99894434 0.00111548 0.04311540
708.44120029 114.19923375 281.49889899 0.01570942 0.99894573 0.00123296 0.04311743
708.39659457 114.29827455 281.45046484 0.01559645 0.99893882 0.00126933 0.04331712
708.35699259 114.38669105 281.33493781 0.01553895 0.99892963 0.00124021 0.04354998
708.39407223 114.47381667 281.31396417 0.01535783 0.99892319 0.00112260 0.04376446
708.37415755 114.60745799 281.32204294 0.01524592 0.99891459 0.00099828 0.04400240
708.40151788 114.76680458 281.24810230 0.01510893 0.99890633 0.00095588 0.04423739
708.46799360 114.85622832 281.21178725 0.01501262 0.99889863 0.00093584 0.04444409
708.48521385 115.00598111 281.10382681 0.01489547 0.99888887 0.00093015 0.04470220
708.63508038 115.10155624 281.12839037 0.01456500 0.99889588 0.00103351 0.04465220
708.78729722 115.17602129 281.07928530 0.01437375 0.99890053 0.00100245 0.04461078
708.97582807 115.22635097 281.11179023 0.01405428 0.99890711 0.00097039 0.04456585
709.13099467 115.33657934 281.14096601 0.01377384 0.99891181 0.00086105 0.04455045
709.30931580 115.46118587 281.11744342 0.01351893 0.99891760 0.00086836 0.04449841
709.55021704 115.53401271 281.13964249 0.01326317 0.99892310 0.00087482 0.04445185
709.73211905 115.64896527 281.11562733 0.01295342 0.99892776 0.00093889 0.04443721
709.63262478 116.01532887 281.14041290 0.01245678 0.99893955 0.00084072 0.04431596
709.59335329 116.31982696 281.02442975 0.01215803 0.99894585 0.00063487 0.04426015
709.57051002 116.63341218 281.00397200 0.01156621 0.99895728 0.00041536 0.04416340
709.50587783 116.95544809 281.00143766 0.01109494 0.99896617 0.00004319 0.04408509
709.45415271 117.27877445 280.95134011 0.01064127 0.99897679 -0.00018632 0.04395557
709.40799108 117.55231426 280.92041162 0.01033434 0.99898548 -0.00026645 0.04383080
709.34697970 117.84758895 280.82084077 0.00997237 0.99899226 -0.00049815 0.04375813
708.78124682 117.88619149 280.73604977 0.01026947 0.99893746 -0.00084026 0.04491970
708.24145014 117.96382503 280.64217622 0.01015104 0.99887676 -0.00107966 0.04627114
707.80830399 118.06785899 280.49865757 0.00965509 0.99881793 -0.00164477 0.04761118
707.45195868 118.04969697 280.46712380 0.00945541 0.99874807 -0.00215510 0.04907382
707.16887367 118.04141645 280.37080196 0.00940486 0.99867977 -0.00273013 0.05042637
706.83075503 117.97170594 280.37584411 0.00964064 0.99861732 -0.00264087 0.05160949
706.48139034 117.93411524 280.14419559 0.00985712 0.99854426 -0.00316220 0.05293585
705.77595096 117.99133290 280.10243660 0.01034398 0.99847579 -0.00306509 0.05412677
705.08508650 118.08015768 280.02782460 0.01052907 0.99840085 -0.00305713 0.05545754
704.50618185 118.11995709 279.98964547 0.01065100 0.99832804 -0.00298461 0.05673419
703.87404602 118.20160217 280.05062498 0.01083033 0.99824720 -0.00293294 0.05810878
703.27781136 118.30152016 279.96125195 0.01108555 0.99816719 -0.00303210 0.05941529
702.66775074 118.38681003 279.89566799 0.01144556 0.99809297 -0.00263500 0.06060090
702.03416115 118.46283346 279.72590937 0.01197153 0.99801202 -0.00266997 0.06181875
701.52025367 118.46695769 279.70620957 0.01215570 0.99795376 -0.00248376 0.06272452
701.00544153 118.45193163 279.66278687 0.01215601 0.99789045 -0.00240262 0.06372679
700.58093647 118.39504288 279.68614922 0.01213058 0.99783003 -0.00222278 0.06467727
700.14191478 118.37038376 279.73246534 0.01216480 0.99776239 -0.00212859 0.06570928
699.72311855 118.38081121 279.66369633 0.01221891 0.99769648 -0.00211877 0.06669286
699.29381503 118.33239759 279.63850937 0.01235739 0.99763451 -0.00174677 0.06759905
698.81029549 118.30324369 279.57336033 0.01259884 0.99756911 -0.00165716 0.06851562
697.27637335 118.15420516 279.31272147 0.01289917 0.99759753 -0.00196865 0.06803604
695.70425812 117.92393699 279.16273219 0.01301493 0.99762646 -0.00242557 0.06757347
694.19410428 117.78908710 279.05168624 0.01328367 0.99765612 -0.00291397 0.06706198
692.72821843 117.54275207 278.82918904 0.01357020 0.99767991 -0.00329256 0.06663183
691.26028422 117.34551085 278.64040396 0.01388271 0.99770803 -0.00353342 0.06613218
689.87915669 117.27030321 278.57287784 0.01424785 0.99773138 -0.00365885 0.06569409
688.56344670 116.97188161 278.47642017 0.01473496 0.99775189 -0.00393815 0.06525743
687.38180969 116.87632164 278.17373755 0.01501117 0.99777363 -0.00390590 0.06486290
686.07915842 116.78774148 277.86844150 0.01525439 0.99779371 -0.00384561 0.06449987
684.85680642 116.73042343 277.50904884 0.01513004 0.99781946 -0.00405759 0.06411656
683.73986600 116.64195014 277.27786398 0.01528938 0.99784397 -0.00402176 0.06369833
682.60186518 116.59809650 277.00270785 0.01532677 0.99786659 -0.00412218 0.06332748
681.47118436 116.47295973 276.78722231 0.01568881 0.99789010 -0.00403999 0.06287193
680.33458691 116.41691577 276.40184853 0.01583604 0.99790317 -0.00408339 0.06262431
678.94845353 116.51538041 276.21773385 0.01604611 0.99785033 -0.00406302 0.06340924
677.46916469 116.64109178 276.03651006 0.01599829 0.99779356 -0.00398850 0.06431293
676.12428048 116.78141107 275.81567483 0.01554248 0.99774367 -0.00406990 0.06518763
674.83881573 116.87940738 275.70395554 0.01543745 0.99768374 -0.00416331 0.06611741
673.55061086 116.97739114 275.51318155 0.01535145 0.99762382 -0.00437589 0.06702157
672.22908107 116.99401654 275.33531223 0.01559630 0.99757004 -0.00403954 0.06778237
670.90703197 117.09076788 274.97753514 0.01583845 0.99750545 -0.00420327 0.06866115
669.63071519 116.94682078 274.74190108 0.01587557 0.99747990 -0.00399299 0.06903527
668.33386971 116.77690439 274.60771516 0.01576862 0.99745217 -0.00386039 0.06946662
667.17310777 116.63552556 274.48755257 0.01554634 0.99742691 -0.00370149 0.06988682
666.06600458 116.40914305 274.34316613 0.01557362 0.99739189 -0.00359245 0.07038442
664.87636703 116.20670009 274.17374309 0.01557141 0.99736294 -0.00355247 0.07079601
663.72176344 115.98299032 274.03576137 0.01577479 0.99733296 -0.00312459 0.07119243
662.64578491 115.72239714 273.86767983 0.01595055 0.99730102 -0.00301437 0.07160422
661.13942456 115.66299342 273.56045243 0.01614597 0.99728062 -0.00290684 0.07184856
659.68499646 115.64641080 273.30148095 0.01617127 0.99725873 -0.00282806 0.07214929
658.28723997 115.66448668 273.04134358 0.01589595 0.99724062 -0.00286812 0.07245850
656.94403175 115.59662632 272.78924964 0.01601652 0.99721308 -0.00292337 0.07280789
655.56627111 115.54325379 272.55640994 0.01603287 0.99719107 -0.00294469 0.07310438
654.24730243 115.50748427 272.36912426 0.01631716 0.99717002 -0.00263700 0.07333990
652.99465314 115.45043771 272.05705667 0.01646355 0.99714325 -0.00262582 0.07367090
651.79393138 115.24915294 271.80913465 0.01650795 0.99710729 -0.00232514 0.07415618
650.62050871 115.05092898 271.62964660 0.01635951 0.99706721 -0.00210265 0.07473237
649.56030575 114.87544590 271.47772200 0.01601988 0.99703188 -0.00191273 0.07528041
648.52084182 114.61175769 271.31858237 0.01599990 0.99698653 -0.00183185 0.07588482
647.43671616 114.37232008 271.10296270 0.01589219 0.99694623 -0.00174708 0.07643694
646.41885130 114.10616416 270.94177252 0.01601037 0.99690744 -0.00128283 0.07692585
645.41664884 113.81193102 270.74474631 0.01606623 0.99686559 -0.00116926 0.07745642
644.00143246 113.72321593 270.42196783 0.01622141 0.99678072 -0.00097312 0.07851192
642.61632100 113.63017785 270.18747331 0.01606240 0.99668900 -0.00092995 0.07970050
641.34560316 113.59251754 269.98605449 0.01570193 0.99660241 -0.00090324 0.08084724
640.11851122 113.49780420 269.79229335 0.01570801 0.99649772 -0.00094943 0.08212587
638.87235845 113.41072167 269.54928732 0.01565281 0.99640046 -0.00099711 0.08330743
637.69190663 113.32143126 269.32374019 0.01582569 0.99630554 -0.00052028 0.08440706
636.51563170 113.19094667 269.01860497 0.01603445 0.99620709 -0.00045576 0.08552270
635.47764042 113.17731204 268.83049475 0.01583172 0.99617568 -0.00035904 0.08592582
634.42374193 113.12140904 268.63256649 0.01551880 0.99613726 -0.00037556 0.08642673
633.44072868 113.05595407 268.45979637 0.01508251 0.99610697 -0.00039249 0.08685193
632.48838420 113.03596019 268.35387644 0.01491548 0.99606383 -0.00043996 0.08737385
631.57485819 113.00766121 268.16833443 0.01467184 0.99602395 -0.00050621 0.08786790
630.61284483 112.93458501 267.98662843 0.01450304 0.99598945 -0.00029184 0.08828701
629.69444249 112.92578038 267.79227376 0.01443888 0.99595135 -0.00028739 0.08872624
628.40652012 112.99043985 267.40679711 0.01439908 0.99591635 -0.00023291 0.08912482
627.12234667 113.05677529 267.01026998 0.01418226 0.99587246 -0.00008033 0.08964878
625.93065025 113.12223149 266.65998809 0.01355947 0.99583821 -0.00024713 0.09012403
624.80580304 113.16934514 266.34915129 0.01342916 0.99578843 -0.00038187 0.09069129
623.69441654 113.17641095 266.01295754 0.01324988 0.99574340 -0.00052596 0.09120989
622.54654812 113.08140150 265.74165715 0.01344383 0.99570698 -0.00012977 0.09157982
621.46553213 113.12025410 265.31671012 0.01363320 0.99565686 -0.00018282 0.09209520
620.36008340 113.17214949 265.12061628 0.01355110 0.99559768 -0.00011253 0.09274490
619.22770090 113.17348876 264.86533845 0.01334153 0.99552697 -0.00005890 0.09353097
618.18104674 113.16602466 264.67532541 0.01271472 0.99546538 -0.00020686 0.09427075
617.15814359 113.16917393 264.50305876 0.01255370 0.99539105 -0.00036219 0.09507332
616.22858241 113.12199878 264.25390091 0.01223577 0.99532320 -0.00052455 0.09582134
615.20938973 113.02587799 264.11209595 0.01225531 0.99526269 -0.00016351 0.09644662
614.24736369 113.02026146 263.81858342 0.01228691 0.99519302 -0.00020395 0.09715887
613.28711300 112.94147726 263.65744842 0.01263490 0.99508943 -0.00009872 0.09817015
612.24500532 112.82615863 263.46182873 0.01277598 0.99497223 -0.00000615 0.09933300
611.30930977 112.73949389 263.29829834 0.01244508 0.99486402 -0.00013678 0.10045241
610.37818757 112.61576297 263.21385366 0.01250005 0.99474171 -0.00022663 0.10164955
609.59313107 112.49070114 262.99565118 0.01246216 0.99462233 -0.00034172 0.10281540
608.76256123 112.29387716 262.88564635 0.01274301 0.99451636 0.00011867 0.10380184
607.86236465 112.16704711 262.52307235 0.01313783 0.99439439 0.00010432 0.10491514
607.22690152 111.97939115 262.50338931 0.01334234 0.99432523 0.00039033 0.10554222
606.49584631 111.65106850 262.46738367 0.01336906 0.99425021 0.00038098 0.10624330
605.92197009 111.34267644 262.50639069 0.01345777 0.99418034 0.00063654 0.10688278
605.27319487 111.07987427 262.58080896 0.01366449 0.99409739 0.00075738 0.10762472
604.73404590 110.82749032 262.52650441 0.01376721 0.99401815 0.00093452 0.10833979
604.19511882 110.58274331 262.55062146 0.01387334 0.99394497 0.00138519 0.10899085
603.61110875 110.30054041 262.54897661 0.01428993 0.99387243 0.00160684 0.10959388
603.54836737 110.36356885 262.46147654 0.01425528 0.99386511 0.00138728 0.10966774
603.45741500 110.42950758 262.30066463 0.01422994 0.99385261 0.00114929 0.10978697
603.49349664 110.47538719 262.30255944 0.01389517 0.99384513 0.00071807 0.10990120
603.57344411 110.53054874 262.21587083 0.01373006 0.99383278 0.00024893 0.11003558
603.67508146 110.53127741 262.12885087 0.01363809 0.99382201 -0.00005049 0.11014448
603.75651650 110.52904114 262.14708937 0.01370524 0.99381691 -0.00014338 0.11018206
603.84779938 110.54258071 262.06177211 0.01371328 0.99380090 -0.00040276 0.11032474
603.96473995 110.56108642 262.14911261 0.01354490 0.99380973 -0.00031044 0.11026627
604.11759130 110.56864062 262.13854955 0.01353691 0.99381430 -0.00030382 0.11022610
604.27627374 110.60501101 262.16676561 0.01333848 0.99382226 -0.00033819 0.11017840
604.36502678 110.70951643 262.23905428 0.01318776 0.99382962 -0.00044679 0.11012980
604.50334814 110.81021707 262.26672242 0.01302219 0.99383791 -0.00039960 0.11007484
604.67762809 110.89563900 262.30035579 0.01291058 0.99384815 -0.00039430 0.10999552
604.82475289 111.00920884 262.30859534 0.01268351 0.99385257 -0.00036824 0.10998206
604.95023373 111.25307343 262.36216616 0.01242783 0.99382421 -0.00035114 0.11026728
605.09617923 111.47279444 262.35379494 0.01230254 0.99378583 -0.00040099 0.11062644
605.26700088 111.69493681 262.41156868 0.01206591 0.99375509 -0.00037515 0.11092833
605.37375343 111.97097614 262.52779251 0.01176597 0.99371704 -0.00044393 0.11130050
605.47413344 112.19832748 262.54175119 0.01151831 0.99368607 -0.00046038 0.11160244
605.62240487 112.36865072 262.54480823 0.01129880 0.99365603 -0.00031943 0.11189250
605.77069009 112.55308166 262.52872146 0.01119978 0.99362207 -0.00041752 0.11220324
605.90458130 112.64243095 262.57367686 0.01111553 0.99361146 -0.00040458 0.11230560
606.07137821 112.72276574 262.54020911 0.01111283 0.99359885 -0.00047724 0.11241706
606.24110048 112.78755118 262.57777187 0.01105681 0.99358953 -0.00045481 0.11250509
606.36250023 112.93198523 262.62250669 0.01098269 0.99357737 -0.00059361 0.11261902
606.45181279 113.06047390 262.59261987 0.01091739 0.99356658 -0.00063392 0.11272031
606.60313986 113.15904968 262.59861613 0.01085414 0.99355694 -0.00065377 0.11281122
606.72914357 113.26818387 262.56532867 0.01078963 0.99354619 -0.00067004 0.11291195
606.94425498 113.33261216 262.63296704 0.01062507 0.99356085 -0.00061589 0.11279879
607.21812566 113.33248007 262.61331648 0.01063384 0.99357270 -0.00061873 0.11269349
607.47628711 113.38526576 262.65938057 0.01053788 0.99358801 -0.00059875 0.11256758
607.68886609 113.51181685 262.71633790 0.01046000 0.99360240 -0.00063542 0.11244754
607.88736481 113.61602362 262.73817616 0.01031551 0.99361756 -0.00055780 0.11232727
608.13650571 113.72200698 262.77795081 0.01015897 0.99363393 -0.00055776 0.11219666
608.40840872 113.81977518 262.80822411 0.01001220 0.99364538 -0.00046935 0.11210885
608.44256446 113.87086609 262.78695724 0.01001842 0.99362806 -0.00031611 0.11226222
608.45825115 113.89026058 262.67954191 0.01011858 0.99360764 -0.00022271 0.11243412
608.54149456 113.91472761 262.66523823 0.01017036 0.99359011 -0.00006416 0.11258442
608.57963776 114.00276760 262.66783396 0.01020424 0.99356911 -0.00001308 0.11276652
608.61074018 114.07189514 262.60813650 0.01025227 0.99354857 0.00011258 0.11294301
608.68210396 114.09661693 262.57446188 0.01026985 0.99353085 0.00025693 0.11309691
608.72419931 114.16166000 262.50185277 0.01031973 0.99351062 0.00043827 0.11326943
608.84596158 114.04980635 262.54766348 0.01017900 0.99350505 0.00070820 0.11332958
608.95685184 113.89054727 262.49005560 0.01018723 0.99349763 0.00092077 0.11339241
609.13517751 113.73594890 262.52602145 0.01013493 0.99349214 0.00117364 0.11344284
609.25301021 113.64390697 262.58046481 0.01010912 0.99348611 0.00133812 0.11349607
609.42992135 113.52868828 262.58090848 0.01002793 0.99347850 0.00155442 0.11356717
609.63643261 113.40057419 262.61732570 0.00992848 0.99347257 0.00174066 0.11362504
609.80999270 113.29813848 262.62962148 0.00981885 0.99346524 0.00200209 0.11369429
609.91718279 113.37961187 262.65688637 0.00980722 0.99346285 0.00210204 0.11371440
610.04002234 113.44028003 262.60616905 0.00992535 0.99345866 0.00211773 0.11374047
610.19897461 113.50198631 262.62815412 0.00996714 0.99345546 0.00220475 0.11376313
610.31407088 113.61602960 262.65926981 0.00999475 0.99345108 0.00216760 0.11379965
610.41656212 113.72037325 262.64616758 0.01003043 0.99344693 0.00224930 0.11383112
610.56114829 113.78174162 262.65960137 0.01005483 0.99344442 0.00228357 0.11385020
610.68766389 113.88383315 262.62364573 0.01006223 0.99343933 0.00240159 0.11389156
610.76602463 113.88935002 262.63242114 0.00994253 0.99342282 0.00253314 0.11404311
610.84213849 113.85324899 262.57871130 0.00990306 0.99340524 0.00254526 0.11419933
610.96781627 113.81957334 262.59843516 0.00985085 0.99338987 0.00268544 0.11433421
611.05505101 113.85246613 262.62147189 0.00977969 0.99337207 0.00270878 0.11449435
611.15069698 113.86608049 262.59800766 0.00972193 0.99335330 0.00277435 0.11466040
611.29429604 113.83617684 262.59502394 0.00960614 0.99333696 0.00284360 0.11480992
611.41350527 113.84949452 262.56475115 0.00949091 0.99332126 0.00298525 0.11495168
611.45833497 113.91115825 262.56089951 0.00940379 0.99329425 0.00301352 0.11519123
611.49861729 113.95439067 262.48308564 0.00934952 0.99326611 0.00292704 0.11544028
611.58713450 113.99242935 262.47865769 0.00928000 0.99323850 0.00297585 0.11568193
611.63478861 114.08952743 262.49747027 0.00921317 0.99320751 0.00285926 0.11595600
611.67065699 114.19071718 262.47700665 0.00917050 0.99317698 0.00279085 0.11622222
611.76156403 114.23079287 262.43289309 0.00907774 0.99314907 0.00273531 0.11646901
611.81602360 114.34483958 262.37364149 0.00900279 0.99312182 0.00273538 0.11670695
611.89256505 114.43828330 262.35880283 0.00899698 0.99310846 0.00273795 0.11682103
611.99811621 114.50893019 262.26326831 0.00905511 0.99309570 0.00264536 0.11692709
612.12145125 114.59570054 262.25819639 0.00908830 0.99308321 0.00266013 0.11703022
612.20565334 114.72773858 262.24992374 0.00910030 0.99306913 0.00254028 0.11715136
612.27566636 114.86062281 262.20028826 0.00912836 0.99305478 0.00251335 0.11727133
612.40469565 114.95001861 262.15745564 0.00912359 0.99304250 0.00247168 0.11737652
612.50754878 115.09215144 262.08591266 0.00911674 0.99302860 0.00248886 0.11749424
612.56106954 115.19691743 262.06478717 0.00912199 0.99301025 0.00253577 0.11764778
612.62829987 115.27186173 261.95945471 0.00919628 0.99299224 0.00247558 0.11779521
612.73714043 115.36304571 261.94773706 0.00926578 0.99297467 0.00253397 0.11793659
612.79689098 115.50344499 261.93201321 0.00930777 0.99295489 0.00245351 0.11810136
612.82922917 115.62431028 261.87641148 0.00927960 0.99294461 0.00245047 0.11819000
612.89004906 115.67945620 261.81728095 0.00925995 0.99293687 0.00236598 0.11825833
612.96190349 115.78967332 261.75281098 0.00925343 0.99292903 0.00241583 0.11832363
613.00139581 115.87569212 261.75147061 0.00917845 0.99293178 0.00230010 0.11830869
612.98796886 115.97146398 261.70359125 0.00915793 0.99293151 0.00224340 0.11831362
613.03291506 116.02032658 261.65762732 0.00903509 0.99293254 0.00210062 0.11831706
613.04698843 116.09341391 261.60674097 0.00889175 0.99293652 0.00214969 0.11829361
