0.02710672 0.20951616 -0.00738158 -0.00401669 0.00472993 -0.02257007
0.12340764 0.16639043 0.02681028 -0.00015547 0.00209159 -0.01723695
0.09515997 0.11839290 -0.01809172 -0.01349276 0.00345982 -0.01431771
0.09227438 0.15363533 -0.08250894 -0.00990356 0.00172350 -0.02910584
0.15962821 0.18735597 0.08230431 -0.00854318 0.00327310 -0.01744864
0.06132384 0.21665480 0.06077155 -0.00778248 0.00046524 -0.01561870
0.12786381 0.20753141 0.03675901 0.00528207 0.00434197 -0.02172499
0.05248622 0.18021135 -0.00382667 -0.01000945 0.00275127 -0.01406434
0.13335431 0.13573222 0.01627082 -0.00587324 -0.00001149 -0.00912303
0.08783264 0.07310414 -0.02838334 -0.01728046 0.00202009 -0.00597333
0.10291927 0.12297068 -0.07172258 -0.01434115 -0.00030463 -0.02173550
0.16723458 0.15184546 0.07364292 -0.01313019 0.00135263 -0.01139803
0.07296016 0.18673867 0.03968757 -0.01155701 -0.00193568 -0.00852641
0.13587834 0.16900111 0.04434002 -0.00067225 0.00322889 -0.01761595
0.05893964 0.12677568 0.00513774 -0.01646984 0.00164333 -0.00217810
0.12839742 0.08992970 0.00111751 -0.01346276 -0.00137523 -0.00040427
0.05950241 0.02939733 -0.04565887 -0.02195992 0.00114436 0.00158208
0.08877177 0.09834644 -0.05775257 -0.02089622 -0.00123730 -0.01175498
0.15794240 0.07877149 0.05334569 -0.01830347 0.00059403 -0.00449421
0.06137483 0.14024419 0.02066768 -0.01861410 -0.00377657 0.00161125
0.12112178 0.11537609 0.03048706 -0.00668528 0.00233237 -0.00710969
0.04501542 0.25841171 -0.00193606 -0.00200100 0.00556978 -0.03366212
0.14382262 0.22056505 0.05018706 0.00358257 0.00259130 -0.02510795
0.13733678 0.17254066 -0.00479271 -0.01424218 0.00299085 -0.01971226
0.11740712 0.18760655 -0.09744398 -0.00787466 -0.00007928 -0.03586421
0.16028915 0.25122428 0.09563541 -0.00750584 0.00399065 -0.02130129
0.09310015 0.25647266 0.10216789 -0.00458621 0.00226820 -0.02392321
0.15357250 0.26283104 0.04036852 0.01077005 0.00376789 -0.03007585
-0.07390952 -0.01879563 -0.06091508 -0.01118451 0.00677571 0.00302893
-0.04142439 0.01340159 0.02545150 -0.00987250 0.00571314 0.00548669
-0.01958670 -0.06512103 -0.00918909 -0.01805500 0.00565796 0.00374726
-0.10251740 -0.00631773 -0.00138431 -0.01824656 0.00349091 -0.00240060
-0.02137968 -0.04857552 -0.00658460 -0.01177457 0.00561222 0.00212059
-0.12019345 0.01726513 -0.02446576 -0.01668047 0.00117294 0.00684032
-0.03853471 0.02880785 0.05722490 -0.00538441 0.00661703 0.00058646
0.09568763 0.15992286 0.01092534 -0.01188082 0.00200082 -0.00732854
0.15763400 0.12331241 0.03184448 -0.00644675 -0.00056936 -0.00580710
0.12454927 0.08236132 -0.03429262 -0.01906283 0.00094571 -0.00100285
0.13227471 0.14008558 -0.06170895 -0.01721106 -0.00216730 -0.01512851
0.16573694 0.14033642 0.06857238 -0.01470919 0.00098310 -0.00586181
0.10091915 0.17499840 0.05991080 -0.01345874 -0.00226061 -0.00261033
0.14866027 0.17358121 0.03262944 -0.00125191 0.00229122 -0.01236630
0.94829857 -0.06944057 0.09998862 0.00103146 0.02636754 0.04141314
0.92599235 -0.10434918 0.04606494 0.01015029 0.03316998 0.02911947
0.97274870 -0.04991724 0.07096943 -0.00260471 0.02902156 0.04424945
1.05418071 -0.12193927 0.10811724 -0.00017872 0.03127117 0.03266968
0.98850295 -0.06157798 0.03555416 0.00114027 0.03004248 0.04241397
0.94255216 -0.05452506 0.04395694 0.00076567 0.02592364 0.02642011
0.88572405 -0.07435459 0.02167837 -0.00830878 0.03187098 0.04105669
0.54351874 -0.45127474 -0.00701541 -0.01987058 0.00846176 0.09195912
0.33265784 -0.36636531 0.04516637 -0.01068869 0.00827341 0.07648982
0.35444789 -0.36061138 0.01252666 -0.03572983 0.00384739 0.10394534
0.37441481 -0.32269504 0.09146042 -0.02734237 0.00827968 0.08645051
0.39081290 -0.38741328 0.06770722 -0.02150833 0.00892159 0.09087067
0.33740547 -0.28330585 0.04549549 -0.00820817 0.00157877 0.07952813
0.41830052 -0.29583056 0.04634998 -0.03559949 0.00711649 0.08483214
1.07192084 -0.14882756 0.07677736 -0.00666256 0.02317703 0.05770063
0.97822838 -0.15928036 0.04229623 -0.00116920 0.03076494 0.04479951
1.03581049 -0.09881260 0.06898999 -0.01542206 0.02690840 0.06178566
1.12543955 -0.14583171 0.08598717 -0.00803046 0.02974993 0.04581679
1.08612895 -0.13665246 0.05727874 -0.00947048 0.02987570 0.05965094
0.98825410 -0.10311393 0.03289678 -0.00818640 0.02377229 0.04274009
0.95778227 -0.12148106 0.03090280 -0.01998096 0.02995513 0.05160250
1.04676947 -0.05837440 0.10422982 0.00647620 0.02843354 0.03944011
0.99937283 -0.09455308 0.04977789 0.01407788 0.03650084 0.02951649
1.06144883 -0.03376805 0.07809239 0.00200414 0.03234660 0.04335932
1.15099400 -0.10078386 0.11204526 0.00508854 0.03508178 0.03033747
1.08942986 -0.05498139 0.04985659 0.00600414 0.03355606 0.04231159
1.02621935 -0.05047152 0.04370430 0.00478746 0.02920443 0.02594746
0.96357137 -0.07292344 0.02864807 -0.00703661 0.03506287 0.03967809
1.05013028 -0.06459652 0.10729602 0.00729488 0.02843975 0.03971258
0.99918306 -0.09866714 0.04975950 0.01482988 0.03623139 0.02989333
1.06251091 -0.03594808 0.08056704 0.00311842 0.03217720 0.04315895
1.14945151 -0.10273754 0.11435829 0.00543986 0.03499367 0.03132662
1.08679615 -0.05714996 0.04482870 0.00731575 0.03322970 0.04267097
1.02998279 -0.04798838 0.04785601 0.00616405 0.02906483 0.02559298
0.96641891 -0.07320784 0.03050274 -0.00563360 0.03470013 0.04023521
1.08957365 -0.06379908 0.10226911 0.00605305 0.02870395 0.04152244
1.02992497 -0.09840302 0.04522730 0.01283869 0.03693684 0.03107995
1.09349042 -0.03556577 0.07879440 0.00107542 0.03293328 0.04517119
1.18816242 -0.10286520 0.10777528 0.00510062 0.03584209 0.03159305
1.12824388 -0.06122527 0.05039953 0.00524848 0.03427414 0.04492995
1.06071711 -0.05384685 0.04233764 0.00372543 0.02977477 0.02701370
0.99895224 -0.07547091 0.03277645 -0.00779501 0.03570508 0.04078867
1.05756037 -0.05468829 0.10509202 0.00218545 0.02662704 0.04174635
1.01307921 -0.08768011 0.04961303 0.00980873 0.03455394 0.03048035
1.07347220 -0.03477250 0.07440146 -0.00160517 0.03027191 0.04488598
1.16553344 -0.09403336 0.10964531 0.00137039 0.03255924 0.03227611
1.09639890 -0.05080672 0.04373478 0.00267272 0.03173470 0.04360299
1.04262821 -0.04480076 0.04356275 0.00008010 0.02695202 0.02849545
0.97596347 -0.06531280 0.02785527 -0.00955674 0.03335877 0.04065306
0.94158746 -0.10309182 0.09556118 -0.00200762 0.02441917 0.04622756
0.90600133 -0.12933660 0.04755685 0.00711822 0.03058430 0.03375959
0.95752433 -0.07503388 0.07213956 -0.00651423 0.02668094 0.04954481
1.03175633 -0.13200087 0.10674374 -0.00428179 0.02898453 0.03787676
0.97380854 -0.09007846 0.03582011 -0.00263021 0.02800718 0.04699809
0.91984928 -0.06589758 0.04482596 -0.00145982 0.02344839 0.03139541
0.87241791 -0.09440257 0.02171926 -0.01116528 0.02948144 0.04425107
0.94653107 -0.10874704 0.08675292 0.00110182 0.02638728 0.04548443
0.90297200 -0.14000610 0.04023280 0.00982853 0.03297589 0.03408954
0.95058039 -0.08091840 0.07464338 -0.00485946 0.02929638 0.05011533
1.03064805 -0.14403154 0.10129700 -0.00073155 0.03206485 0.03672942
0.98104134 -0.09946473 0.04471150 -0.00078571 0.03042658 0.04785313
0.91081381 -0.08340255 0.03805337 0.00121783 0.02623774 0.03057298
0.87202966 -0.10578769 0.02273527 -0.01059036 0.03190478 0.04440939
1.07561938 -0.08170765 0.09981589 0.00608031 0.02827711 0.04297563
1.00984432 -0.11085268 0.04500498 0.01296404 0.03632109 0.03310673
1.07313603 -0.04843053 0.08143222 0.00057116 0.03221482 0.04673930
1.16333686 -0.10867649 0.10748843 0.00451625 0.03531307 0.03423021
1.10803947 -0.07265879 0.05010249 0.00547622 0.03377085 0.04683587
1.04047805 -0.05940989 0.04390974 0.00462975 0.02917262 0.02919053
0.98314293 -0.08238766 0.03396080 -0.00755010 0.03489785 0.04256164
0.91140971 -0.13725311 0.08785710 0.01012053 0.02874113 0.04389921
0.84790498 -0.16832994 0.04683445 0.01932360 0.03565837 0.03491641
0.90262793 -0.09672289 0.08932812 0.00259141 0.03116046 0.04913309
0.96431911 -0.15927937 0.11665590 0.00647011 0.03476281 0.03783610
0.92821732 -0.11600386 0.05196472 0.00871188 0.03220478 0.04826756
0.85883088 -0.10006436 0.04804632 0.01142443 0.02855687 0.02992082
0.81873119 -0.12073882 0.02564657 -0.00332133 0.03317624 0.04625683
0.93037836 -0.19341148 0.07177077 -0.00747911 0.02198431 0.06125436
0.85155584 -0.20106461 0.04085680 0.00038728 0.02748903 0.04847305
0.89554027 -0.14692661 0.06815819 -0.01609910 0.02405240 0.06673016
0.96472524 -0.19116700 0.09454852 -0.01078303 0.02684484 0.05279427
0.92864543 -0.17101429 0.04765345 -0.01036587 0.02615411 0.06309555
0.85049018 -0.12738949 0.04315247 -0.00489649 0.02104731 0.04608847
0.83597727 -0.15191754 0.02795104 -0.01930643 0.02642532 0.05662144
0.54642156 0.17788285 0.05483565 -0.01203617 0.01146061 0.00769427
0.61619319 0.15480444 0.09636427 -0.00598593 0.01201258 0.00240935
0.62134583 0.12152317 0.00508348 -0.01755214 0.01086892 0.01302990
0.65899216 0.14924020 -0.01665497 -0.01744189 0.00784106 -0.00184758
0.58158997 0.20861877 0.05727903 -0.01192879 0.01406875 0.01264171
0.58468316 0.17357927 0.08897176 -0.01371711 0.00924500 0.00078072
0.52570775 0.16177237 0.01011869 0.00271429 0.01137869 0.00160692
-0.49556039 -0.14952254 -0.08355539 -0.02360474 0.01076260 0.01992230
-0.38610950 -0.06746453 0.04513326 -0.03427086 0.01080834 0.01260327
-0.33536311 -0.08320923 0.07441899 -0.03862448 0.00780378 0.00884281
-0.49225431 -0.04349510 -0.01966765 -0.04264267 0.00680485 0.01854728
-0.42692587 -0.05941722 -0.09036726 -0.03638458 0.00740172 0.00986426
-0.47957931 -0.05374865 0.03511470 -0.03550810 0.00778600 0.02803792
-0.41912727 0.03248830 -0.02458969 -0.02347273 0.00543283 0.01614020
-1.02519132 -0.03080364 -0.00537329 0.00975623 0.00650750 -0.02899449
-0.94889551 -0.02575768 0.00526230 -0.00264584 0.00933092 -0.03307577
-0.92411183 -0.02554357 0.04449639 -0.01497440 0.00200282 -0.03802105
-1.03060104 -0.04734739 0.00809183 -0.00962684 0.01075387 -0.03446842
-0.96376479 0.02748625 0.00281305 -0.00427410 0.00632744 -0.03565080
-0.98219402 -0.03352790 0.03232405 -0.01471910 0.00854486 -0.02037104
-1.00461550 0.02823836 -0.03670868 0.00328641 0.00121672 -0.02259320
-1.37160376 0.03160157 0.00784518 0.00185850 -0.04899072 -0.04399227
-1.20897010 -0.01277442 -0.06594896 0.00871943 -0.04421898 -0.04924091
-1.24609940 -0.00520447 -0.05790333 -0.00736509 -0.05405055 -0.04861408
-1.27425298 -0.08678596 -0.05445627 -0.00624142 -0.03975532 -0.05623819
-1.24623448 0.00140360 -0.01479915 0.00119949 -0.05032392 -0.05716518
-1.20704167 -0.05701345 -0.07790661 -0.00922941 -0.04411035 -0.04438972
-1.25988573 0.04968467 -0.13046397 -0.00313049 -0.04928362 -0.04425169
-1.32315785 0.02044687 -0.00183912 -0.00516059 -0.04614704 -0.03736137
-1.16451353 -0.01721416 -0.06115080 0.00675630 -0.04212638 -0.04324959
-1.20468318 -0.00261521 -0.05721673 -0.00978445 -0.05069483 -0.04011562
-1.22710809 -0.08979109 -0.04501946 -0.00816303 -0.03649250 -0.04672211
-1.19152501 -0.00487282 -0.02844077 0.00007535 -0.04550599 -0.04994244
-1.14390872 -0.06332029 -0.08659471 -0.00885769 -0.03942325 -0.03924464
-1.18665658 0.03954514 -0.12552431 -0.00609403 -0.04565358 -0.03911487
-1.28866300 0.02199663 0.01114456 -0.00217428 -0.03933999 -0.03646680
-1.12926364 -0.01835837 -0.05779865 0.01504712 -0.03417228 -0.04413679
-1.16775855 -0.00100950 -0.03759953 -0.00865843 -0.04291323 -0.04229548
-1.18998714 -0.10744707 -0.02080175 -0.00361862 -0.02815315 -0.04560521
-1.13538481 -0.00887528 -0.01890180 0.00472274 -0.03600335 -0.05108851
-1.09690093 -0.08023355 -0.08212480 -0.00419948 -0.03108200 -0.03949707
-1.13699391 0.04616582 -0.11678962 -0.00029149 -0.03813729 -0.03650007
-1.33212477 0.01276842 -0.01112788 -0.01736478 -0.06015943 -0.03158053
-1.13574624 -0.02683330 -0.06970739 0.00338908 -0.05536087 -0.03903597
-1.19173840 -0.00266552 -0.05886324 -0.01272268 -0.06440573 -0.03613262
-1.19516052 -0.12561803 -0.04762004 -0.01236892 -0.04995606 -0.04063378
-1.16433404 -0.02825873 -0.05752467 -0.00256562 -0.05903878 -0.05033428
-1.10775456 -0.08744575 -0.12803280 -0.00988749 -0.05089706 -0.03575901
-1.13308109 0.04285784 -0.15368441 -0.01366549 -0.05862941 -0.03688181
-1.30906850 -0.00666245 0.00414519 -0.01537666 -0.04079610 -0.02632988
-1.14441827 -0.03343473 -0.05294321 -0.00158812 -0.03697578 -0.03514403
-1.18776411 -0.02478358 -0.04107117 -0.01925562 -0.04488396 -0.03046566
-1.19577654 -0.11369023 -0.03149432 -0.01091362 -0.03077648 -0.03461518
-1.15871310 -0.01149627 -0.02658069 -0.00839946 -0.03776731 -0.03899930
-1.10283844 -0.08338199 -0.08149795 -0.01679990 -0.03110032 -0.02604709
-1.14382781 0.03024586 -0.10090576 -0.01419476 -0.03828017 -0.02726819
-1.29712984 0.03218152 -0.00452704 -0.02912710 -0.06105089 -0.02661409
-1.11259401 -0.01226278 -0.07690175 -0.00549479 -0.05763908 -0.03454105
-1.16313644 0.00379663 -0.07332942 -0.02387309 -0.06679088 -0.03158890
-1.15996286 -0.11757077 -0.04410163 -0.01511563 -0.05098136 -0.03631486
-1.13780908 -0.01270345 -0.04307562 -0.00803929 -0.06019190 -0.04538826
-1.07563660 -0.07612883 -0.12070048 -0.01746484 -0.05037134 -0.03376177
-1.09740756 0.04434709 -0.15476700 -0.02533007 -0.05856913 -0.03328821
-1.26929224 0.02672877 -0.00508382 -0.01449319 -0.05362202 -0.03450557
-1.07208826 -0.01140585 -0.06449639 0.01088494 -0.04929712 -0.04214907
-1.12928420 0.01507916 -0.04955935 -0.00802057 -0.05738265 -0.04020253
-1.12447217 -0.11691763 -0.03463300 -0.00521090 -0.04275551 -0.04141508
-1.08659878 -0.02007190 -0.05841287 0.00480293 -0.05078223 -0.05452850
-1.03642367 -0.08820136 -0.13543157 -0.00158838 -0.04233304 -0.03882405
-1.04896709 0.05023304 -0.15135434 -0.00880578 -0.05136658 -0.03797612
-1.25903234 0.01943383 0.00759417 -0.01399607 -0.04747321 -0.03180873
-1.08007498 -0.02287434 -0.05906175 0.01303481 -0.04281320 -0.03908202
-1.12800643 0.00352504 -0.04088260 -0.00862234 -0.05121265 -0.03733384
-1.12853713 -0.13121908 -0.01733194 -0.00330235 -0.03646268 -0.03935784
-1.07947826 -0.02572688 -0.03961285 0.00658854 -0.04356723 -0.05057276
-1.03496723 -0.09837571 -0.11535536 -0.00201385 -0.03675716 -0.03555174
-1.05277374 0.04139356 -0.13146393 -0.00688355 -0.04512405 -0.03314123
-1.29463136 0.02561568 -0.00910581 -0.01826409 -0.05377935 -0.03387340
-1.11818783 -0.01385750 -0.07028513 0.00191857 -0.05075636 -0.03997192
-1.17508896 0.00065057 -0.07017592 -0.01622577 -0.05875387 -0.03693434
-1.17367052 -0.10339436 -0.04813729 -0.00971692 -0.04343634 -0.04106095
-1.14692107 -0.01132656 -0.03829557 -0.00224890 -0.05275778 -0.04847956
-1.08956970 -0.06802666 -0.11099136 -0.01164749 -0.04339068 -0.03742476
-1.11146085 0.04282997 -0.13928067 -0.01554102 -0.05205141 -0.03829074
-1.21499486 0.04861614 -0.00734944 -0.01380575 -0.05677097 -0.03890696
-1.05112359 -0.00066961 -0.08686260 0.00820537 -0.05391505 -0.04301318
-1.10851541 0.02386446 -0.09147292 -0.01293483 -0.06239739 -0.04276955
-1.10527739 -0.09607659 -0.05303773 -0.00551455 -0.04633077 -0.04322914
-1.08267732 -0.01295390 -0.03119243 0.00585030 -0.05652577 -0.05482702
-1.03025317 -0.05490890 -0.12145343 -0.00432485 -0.04538299 -0.04537933
-1.04086265 0.03920901 -0.15813751 -0.01044215 -0.05541155 -0.04456811
-1.22662015 -0.02617236 0.00680535 -0.00433876 -0.03231977 -0.02227776
-1.07514307 -0.05612432 -0.04522956 0.00373915 -0.02762075 -0.03210803
-1.11564621 -0.04743227 -0.02052916 -0.01446855 -0.03522149 -0.03077107
-1.13713108 -0.12698214 -0.01481044 -0.01377255 -0.02259444 -0.03200500
-1.07439503 -0.03904426 -0.01144092 -0.00865258 -0.02891792 -0.03895874
-1.04900315 -0.10427993 -0.06486557 -0.01310040 -0.02582449 -0.02267737
-1.08945131 0.03044317 -0.07605949 -0.00383173 -0.03202468 -0.02358127
-1.07758485 0.05938962 0.01094887 0.01235320 -0.02385383 -0.03995259
-0.94174258 0.02634657 -0.03386547 0.02645358 -0.01873240 -0.04392257
-0.97028479 0.04087347 -0.01921135 0.00316533 -0.02621257 -0.04358459
-1.01285540 -0.04592733 -0.02054356 0.00281291 -0.01350191 -0.04861344
-0.92027247 0.01239184 -0.02357705 0.01179677 -0.01922116 -0.05639367
-0.91359682 -0.05555335 -0.07678845 0.00675694 -0.01894542 -0.04107352
-0.93311526 0.05933261 -0.09596854 0.01471729 -0.02328937 -0.03764708
-0.12719955 0.10034108 -0.03643624 -0.00866121 0.00917964 -0.00777234
-0.04318495 0.13155730 0.08109899 -0.00932117 0.00871903 -0.00567632
0.00969965 0.12095370 0.01805557 -0.02179479 0.00759617 -0.00588821
-0.08957122 0.15554352 -0.06192517 -0.01997965 0.00588377 -0.01355352
-0.04303767 0.16691802 -0.02319917 -0.01606055 0.01013931 -0.00612601
-0.11492158 0.15713597 0.08012235 -0.02012479 0.00685106 -0.00313745
-0.05292060 0.20395212 -0.00411501 0.00230381 0.00788393 -0.00854812
-0.63157208 -0.08427449 -0.04750180 0.00326784 0.01956737 -0.00841104
-0.55690348 -0.03936760 0.04282726 -0.00921472 0.02052227 -0.01153454
-0.49838390 -0.02692030 0.06963117 -0.01805296 0.01596153 -0.01906969
-0.65566339 -0.00320364 -0.00842300 -0.01910587 0.01892606 -0.01087533
-0.56508794 0.01246827 -0.04958824 -0.01025976 0.01779295 -0.01634925
-0.62478740 -0.01309553 0.05362940 -0.01512334 0.01691446 0.00257445
-0.59300408 0.04846291 -0.03092685 0.00295602 0.01280626 -0.00381995
-0.13986701 0.22754466 -0.01335957 0.01040680 0.01323217 -0.04142552
-0.03252345 0.20513598 0.04295560 0.00943104 0.01086087 -0.03622230
-0.02028144 0.22157062 0.00219593 -0.00816239 0.01056725 -0.03409065
-0.06742205 0.21156538 -0.09153727 -0.00304686 0.01060296 -0.04382880
0.02472799 0.24948282 0.06151047 0.00175243 0.01087319 -0.03378329
-0.07718473 0.24482392 0.11291079 -0.00226888 0.00977340 -0.03043882
-0.01257835 0.25884122 -0.00372367 0.01837224 0.00894395 -0.03129037
0.20646475 0.08214319 0.03715687 -0.01117053 0.00556105 0.00190217
0.23440374 0.05254280 0.02326350 -0.00628594 0.00371962 0.00203829
0.16182140 0.01184967 -0.04637207 -0.01533658 0.00473368 0.00272802
0.20931667 0.09948049 -0.02955032 -0.01803807 0.00212945 -0.00674579
0.22373214 0.03214343 0.03669921 -0.00978781 0.00472539 -0.00016413
0.18503264 0.08781186 0.00896588 -0.01530169 -0.00111592 0.00296773
0.18644957 0.06788768 0.01491508 -0.00133157 0.00497846 -0.00030136
0.09278608 0.12824880 0.01805962 -0.01359498 0.00266669 -0.00202384
0.13263205 0.08774378 0.00011508 -0.01069588 -0.00042477 0.00029837
0.05885871 0.02339338 -0.04617601 -0.01817423 0.00228754 0.00111338
0.09856567 0.10014276 -0.04999837 -0.01835225 -0.00079859 -0.01077169
0.13348196 0.05211363 0.04705668 -0.01433819 0.00033837 -0.00336205
0.06412434 0.11450590 0.01804346 -0.01562677 -0.00359103 0.00168919
0.11886714 0.10105268 0.03658128 -0.00443727 0.00219275 -0.00589541
0.02463522 0.07217340 0.01046397 -0.00762738 0.00533805 -0.00785127
-0.13444319 0.01124200 -0.02676410 -0.01401531 -0.00376068 0.00552823
-0.09917359 -0.05404352 -0.10138953 0.00441425 0.00182351 -0.00788526
-0.12183805 0.08677498 0.00738395 -0.00500627 0.00255319 -0.00074047
-0.01708777 -0.07386948 0.04143060 0.00687693 -0.00046571 -0.00192600
-0.07693191 -0.00021915 -0.06310097 -0.00133129 -0.00232015 -0.00380846
-0.00093254 -0.08902672 0.00965425 -0.00730690 0.00712746 -0.00973477
0.56460015 -0.12424119 0.05715789 -0.01097382 0.01436900 0.03667807
0.54943241 -0.11380441 0.02657046 -0.00333160 0.01581683 0.02686259
0.54296296 -0.10742839 0.01747870 -0.01892945 0.01292634 0.03744683
0.59818801 -0.08592994 0.04650788 -0.02066802 0.01279506 0.03037462
0.55496376 -0.10844316 0.01381880 -0.01447898 0.01451738 0.03345332
0.53028636 -0.05759305 0.02555481 -0.01315610 0.00820767 0.02717512
0.50053544 -0.08761615 0.00478302 -0.00765103 0.01526475 0.03262983
0.08691140 0.31293839 0.01648014 0.01737353 0.00754250 -0.06413429
0.15830373 0.27383201 0.09611485 0.02721741 0.00755415 -0.05003259
0.18930731 0.20979885 -0.01750909 0.01001633 0.00454823 -0.04494887
0.16316550 0.20931944 -0.07818628 0.01479284 0.00234807 -0.05216337
0.17097849 0.35470672 0.14056649 0.01808379 0.00948572 -0.04199561
0.14646062 0.30149763 0.10198196 0.01574166 0.00731070 -0.04826401
0.16148206 0.29434800 0.07479366 0.03418560 0.00703932 -0.05204257
-0.09431684 0.01890911 -0.02990655 0.00819470 0.00870234 -0.01251742
-0.12100102 0.00150499 0.00814811 0.00506165 0.00493594 -0.00424455
-0.05548740 0.01669533 -0.00729405 0.00895320 0.00699369 -0.01671899
-0.15120539 0.03277163 -0.02312996 0.00401125 0.00612896 -0.00969965
-0.04326622 0.00205812 -0.01661953 0.01423796 0.00620857 -0.00904665
-0.11037604 0.03209579 -0.00829574 0.01037317 0.00502112 -0.00692375
-0.07089874 0.02551937 -0.01735879 0.01254417 0.00641695 -0.01080519
0.06656396 0.14761377 0.01457626 0.00258840 0.00532750 -0.01708558
0.10031587 0.09836219 0.00941291 0.00491519 0.00390329 -0.00967733
0.04974220 0.01203190 -0.04204450 -0.00261766 0.00506949 -0.01170343
0.06357428 0.10590534 -0.03410206 -0.00191049 0.00282099 -0.02019903
0.08936569 0.06370550 0.04454660 0.00328689 0.00258981 -0.01413286
0.03336490 0.09694360 0.00214471 -0.00201821 -0.00026625 -0.01137588
0.08526789 0.08706328 0.07051827 0.00683050 0.00538498 -0.01637139
