0.04483764 0.15053678 0.00492135 -0.01212048 0.00203992 -0.01018521
0.12311809 0.10607950 0.00276927 -0.00832979 -0.00056088 -0.00612109
0.06955971 0.04235818 -0.04765933 -0.01687014 0.00193414 -0.00405544
0.08995945 0.09790914 -0.05127204 -0.01500307 0.00021650 -0.01804252
0.16476795 0.10675771 0.05905604 -0.01292053 0.00140049 -0.01095741
0.06640553 0.15712466 0.01049247 -0.01293418 -0.00287131 -0.00414897
0.12542404 0.12352214 0.04276779 -0.00366264 0.00366203 -0.01264460
0.05581242 0.15188764 0.00204362 -0.01382037 0.00189054 -0.00696600
0.13192510 0.11104079 0.00712235 -0.01082100 -0.00130208 -0.00384291
0.07178025 0.04597234 -0.03940554 -0.01963910 0.00134922 -0.00183306
0.09476094 0.10813766 -0.06317602 -0.01809374 -0.00103037 -0.01597998
0.16052365 0.10944387 0.05804995 -0.01599667 0.00052423 -0.00772910
0.06556598 0.16074909 0.02457344 -0.01555938 -0.00326305 -0.00203722
0.12645355 0.13628346 0.03794388 -0.00473516 0.00255012 -0.01150538
0.04546718 0.15698161 -0.00498272 -0.01611368 0.00125001 -0.00658903
0.13757616 0.11196060 0.00825771 -0.01277150 -0.00186200 -0.00392547
0.08691609 0.05584951 -0.03922046 -0.02221998 0.00065614 -0.00034659
0.10533690 0.11267306 -0.06274907 -0.01966869 -0.00157056 -0.01555245
0.17964896 0.12813533 0.06390589 -0.01836354 0.00035963 -0.00688139
0.07285847 0.17630661 0.03149053 -0.01765593 -0.00360029 -0.00172811
0.13672062 0.15333029 0.03420412 -0.00652027 0.00233568 -0.01165187
0.29774787 0.03506230 0.01474447 -0.02814103 0.00414508 0.02863564
0.35659552 0.01103570 0.01078040 -0.02812971 0.00403522 0.01783550
0.30291831 -0.00684546 0.00349764 -0.03746397 0.00402681 0.02615308
0.33351306 0.03777463 -0.05816469 -0.03721582 0.00047109 0.01433454
0.31017017 0.00524858 0.00242768 -0.03503029 0.00394756 0.02368057
0.27699284 0.06064914 0.03535735 -0.03528500 0.00001582 0.02205828
0.27654061 0.05358339 0.00000316 -0.01549329 0.00426601 0.01602399
0.85378297 -0.19137673 0.04681716 -0.02097939 0.01614664 0.06319346
0.78725904 -0.17833021 0.02256587 -0.01354012 0.02048143 0.04949343
0.81505701 -0.15666408 0.04503615 -0.03052736 0.01727002 0.06668829
0.88150986 -0.16292565 0.06164110 -0.02675533 0.01842639 0.05292394
0.85091792 -0.17485410 0.03707426 -0.02539769 0.02004474 0.06120279
0.77254310 -0.11422427 0.02553615 -0.02076085 0.01364892 0.04814064
0.75884603 -0.14088115 0.02324383 -0.02436766 0.02014477 0.05380552
0.31662330 -0.38645931 -0.02987237 -0.05047723 -0.00227918 0.09024969
0.17291214 -0.31018157 0.01679045 -0.04312260 -0.00411857 0.07727379
0.14716217 -0.35271131 -0.02891394 -0.06713986 -0.00619830 0.09914318
0.15682202 -0.27887512 0.03707991 -0.05896619 -0.00526012 0.08268984
0.17473336 -0.36528744 0.05326240 -0.05554711 -0.00101108 0.08340061
0.14372552 -0.25029097 0.02192683 -0.04249811 -0.00915221 0.08027262
0.21849528 -0.25291461 0.03656237 -0.05248702 -0.00242833 0.07776695
-0.83902724 -0.09668127 -0.03686917 -0.01366996 0.00684398 0.00829846
-0.78442372 -0.07739202 -0.01869134 -0.03351963 0.00759490 -0.00452659
-0.79735547 -0.04425259 -0.00067534 -0.04343473 0.00193939 0.00077670
-0.88664092 -0.02675305 -0.04482023 -0.04201433 0.00847794 -0.00008150
-0.80274954 -0.01464211 -0.03633832 -0.03783953 0.00720080 0.00070887
-0.79959340 -0.02387103 0.05890478 -0.04049405 0.00583212 0.01117344
-0.84082022 0.00554237 -0.06053743 -0.01758092 0.00392271 0.00603133
-1.39595956 0.06349853 0.00739272 -0.01369368 -0.05926140 -0.03824190
-1.20722622 0.00882469 -0.07535457 0.00219460 -0.05322614 -0.04686897
-1.25073314 0.01375767 -0.06862106 -0.02052732 -0.06333299 -0.04425427
-1.27305791 -0.07974389 -0.06427371 -0.01397993 -0.04768392 -0.05268900
-1.23589620 0.01024456 -0.03398355 -0.00989752 -0.05874489 -0.05574322
-1.19899325 -0.05190585 -0.10985868 -0.01814736 -0.05107168 -0.04392512
-1.23855241 0.07288607 -0.15768327 -0.01504830 -0.05772288 -0.04341958
-0.61101280 -0.08389845 -0.01155704 -0.01188438 0.00574186 0.01280425
-0.55030994 -0.04952489 0.00801902 -0.01710369 0.00556718 0.00555275
-0.54355338 -0.04689719 -0.01234119 -0.03529248 0.00167752 0.01107090
-0.60788710 -0.03966120 -0.03151889 -0.03150412 0.00620484 0.00491399
-0.55713426 -0.03871713 -0.03029950 -0.02686682 0.00693454 0.00561205
-0.54856643 -0.02648478 0.02746123 -0.02862925 0.00189618 0.01211751
-0.58163755 0.01331465 -0.02304325 -0.01026993 0.00624790 0.01095047
-0.39035745 -0.17451707 0.04156884 0.04112504 0.03020182 -0.02097627
-0.46172433 -0.16361216 0.03250727 0.03396561 0.03310091 -0.01794294
-0.40789329 -0.11318929 0.06778155 0.01109441 0.02622840 -0.02266684
-0.53082958 -0.10264927 0.08895269 0.01241275 0.03178325 -0.01959285
-0.39794814 -0.09379317 0.06099084 0.02689204 0.02949684 -0.02567095
-0.46257824 -0.07931812 0.08120850 0.01916472 0.02496601 -0.00890372
-0.48178241 -0.08263432 0.02735374 0.03481075 0.02193487 -0.00305859
-1.29328221 0.03384570 0.00993689 0.01234006 -0.02965221 -0.04419830
-1.15091920 -0.00683288 -0.04816052 0.01732903 -0.02475263 -0.04959195
-1.17301024 -0.00596519 -0.03154830 -0.00535232 -0.03334725 -0.05147310
-1.22624151 -0.07451330 -0.02631687 0.00064442 -0.01833800 -0.05564116
-1.16218314 0.01027627 0.00068648 0.00534407 -0.02743595 -0.05632598
-1.15290053 -0.05221537 -0.05658733 -0.00430587 -0.02333984 -0.04363151
-1.19751759 0.06221657 -0.09860278 0.00788025 -0.03040831 -0.04108566
-1.29679829 0.03060182 0.00146310 -0.00035375 -0.04338465 -0.04221074
-1.12362504 -0.01002638 -0.05929841 0.01414165 -0.03896177 -0.04789711
-1.17159262 0.00070884 -0.04313204 -0.00538910 -0.04712558 -0.04766680
-1.18489936 -0.09373250 -0.04056447 -0.00219959 -0.03268565 -0.05057620
-1.14613593 -0.00357415 -0.02706738 0.00391167 -0.04130293 -0.05733732
-1.10125206 -0.07048720 -0.10204399 -0.00378974 -0.03470149 -0.04173587
-1.13560922 0.05123493 -0.11951022 -0.00062896 -0.04285733 -0.04197484
-1.26285553 0.01846403 0.00268107 0.00823663 -0.03340419 -0.03779683
-1.11818343 -0.02156623 -0.05743086 0.01338615 -0.02864665 -0.04399406
-1.15581468 -0.01337397 -0.04643199 -0.00823962 -0.03699290 -0.04381565
-1.19750716 -0.08189282 -0.03723069 -0.00594222 -0.02245232 -0.04825769
-1.13278106 -0.00694275 -0.00985305 0.00081113 -0.03061092 -0.05184193
-1.11148417 -0.05973879 -0.06778435 -0.00663888 -0.02680137 -0.03859550
-1.15421884 0.05090089 -0.10499533 0.00505912 -0.03365926 -0.03702272
-1.33799136 0.03145698 -0.01460894 -0.01294820 -0.05968133 -0.03855465
-1.14757478 -0.01129002 -0.07606009 0.00369015 -0.05577002 -0.04380125
-1.20413154 0.00037557 -0.07948378 -0.01264553 -0.06449331 -0.04214742
-1.21025056 -0.10118426 -0.06277585 -0.01048873 -0.04921069 -0.04684803
-1.18829042 -0.01787811 -0.05124692 -0.00266100 -0.05960988 -0.05432359
-1.13136224 -0.06678081 -0.12631132 -0.01042868 -0.05042166 -0.04168530
-1.15701757 0.05019946 -0.15359815 -0.01258504 -0.05857954 -0.04318754
-1.20393805 -0.02125720 -0.00859876 0.00172429 -0.04019938 -0.02728606
-1.05071433 -0.05812701 -0.06277618 0.00512240 -0.03522261 -0.03380237
-1.09657064 -0.04555091 -0.04601672 -0.01148550 -0.04323762 -0.03343969
-1.13430329 -0.11582726 -0.03662314 -0.01664576 -0.03166297 -0.03697988
-1.07060298 -0.05043841 -0.02808923 -0.00734973 -0.03853481 -0.04444312
-1.04728453 -0.08772755 -0.07882585 -0.01058142 -0.03546181 -0.02852777
-1.08086430 0.03446946 -0.10252892 0.00071358 -0.04115881 -0.02970105
-1.22158267 0.01152388 -0.00426596 -0.00006847 -0.03056664 -0.02492368
-1.09318823 -0.01908319 -0.05483318 -0.00291401 -0.02518777 -0.03493013
-1.12589262 -0.01491963 -0.05004215 -0.02463848 -0.03451259 -0.03256998
-1.18333019 -0.07018368 -0.04616220 -0.01822152 -0.02076790 -0.03927661
-1.10996552 0.00074480 0.00407183 -0.01485822 -0.02795078 -0.03800803
-1.10943414 -0.04265777 -0.03172230 -0.02328826 -0.02518604 -0.02978984
-1.15714319 0.05886412 -0.10174708 -0.00310578 -0.03126419 -0.02729582
-1.17010050 0.04625227 0.00593885 0.01154404 -0.02656247 -0.04225222
-1.02072969 0.00554793 -0.04101153 0.02156180 -0.02204143 -0.04694505
-1.06018029 0.02099429 -0.02232668 -0.00106009 -0.02894832 -0.04649292
-1.09713256 -0.06441244 -0.02938183 0.00097844 -0.01598102 -0.05048900
-1.01798922 0.01194648 -0.01500636 0.00712717 -0.02269849 -0.05620367
-1.00480452 -0.05283217 -0.07053300 0.00198188 -0.02069341 -0.04149336
-1.03438057 0.06471532 -0.09174711 0.01186506 -0.02686001 -0.03941798
-1.18887879 -0.05797811 -0.02457442 -0.01111325 -0.03161696 -0.01044861
-1.07019141 -0.06790217 -0.05580716 -0.02365612 -0.02715672 -0.02109178
-1.10408157 -0.06063422 -0.05141936 -0.03481475 -0.03659236 -0.01798625
-1.16909482 -0.10256818 -0.04499953 -0.03778790 -0.02573316 -0.02302203
-1.11413501 -0.04255266 -0.02109413 -0.03106946 -0.03080981 -0.02267437
-1.09669156 -0.06866824 -0.02420971 -0.03739425 -0.02940529 -0.01428562
-1.14708133 0.01914519 -0.10314908 -0.01649325 -0.03325587 -0.01506002
-1.24468960 -0.04415439 -0.01010490 -0.00826716 -0.03944849 -0.01768432
-1.09427318 -0.06977482 -0.06224475 -0.00928866 -0.03475316 -0.02778739
-1.13782063 -0.06399519 -0.04934059 -0.02435377 -0.04331490 -0.02358289
-1.17758878 -0.12829297 -0.03750152 -0.02701163 -0.03199053 -0.02896140
-1.12468749 -0.05542768 -0.02428568 -0.02152237 -0.03819975 -0.03206325
-1.08923011 -0.09722814 -0.06108574 -0.02557690 -0.03586218 -0.01906839
-1.13936923 0.02495819 -0.09514249 -0.00975509 -0.03966961 -0.02171077
-0.76040663 -0.14977977 -0.01415520 -0.03411533 -0.00941330 0.03657122
-0.64431198 -0.13435191 -0.02207033 -0.03784037 -0.00813750 0.01826561
-0.70430897 -0.13863069 0.00219210 -0.05626468 -0.01074520 0.02813466
-0.73710784 -0.13084236 -0.01902237 -0.05465280 -0.00807700 0.02782681
-0.63770995 -0.11775883 -0.02896996 -0.05096337 -0.00504384 0.01966150
-0.64246573 -0.11754495 -0.00267548 -0.04708751 -0.00761682 0.03838084
-0.65136291 -0.02012872 -0.00890064 -0.03052895 -0.00856026 0.02719024
-0.75825281 -0.04184935 0.00399611 -0.00791162 -0.01622141 -0.00311510
-0.63498870 -0.05814971 -0.01389924 -0.00024209 -0.01320630 -0.00926188
-0.67959450 -0.05059865 0.00312248 -0.01699491 -0.01740414 -0.00737528
-0.71002372 -0.08435463 -0.00952364 -0.02231991 -0.01305072 -0.01054263
-0.60565762 -0.07130668 -0.02575701 -0.01001372 -0.01322612 -0.02152745
-0.62688284 -0.09990099 -0.05576763 -0.01147951 -0.01588436 -0.00025904
-0.61294116 0.01159674 -0.04651533 -0.00093124 -0.01669262 -0.00486370
-0.92765816 -0.09834468 -0.00329217 -0.01923804 -0.01714074 0.01176128
-0.83193921 -0.09562438 -0.04015192 -0.02435797 -0.01454552 -0.00245426
-0.86370088 -0.07921476 -0.02923001 -0.04199869 -0.02117507 0.00516793
-0.91866709 -0.10873367 -0.03635183 -0.04208897 -0.01430750 -0.00018006
-0.84022254 -0.07166079 -0.01527090 -0.03635160 -0.01589124 0.00048481
-0.83555706 -0.08615408 0.00048149 -0.03880729 -0.01865985 0.00783497
-0.87721959 0.01336963 -0.06567462 -0.01615339 -0.01752443 0.00612399
-1.24233998 -0.07718617 -0.02670336 -0.02944379 -0.05330246 -0.00016081
-1.08115345 -0.08357240 -0.06334553 -0.03426091 -0.04864068 -0.01171338
-1.13007300 -0.07672087 -0.06978410 -0.03828198 -0.05927251 -0.00489312
-1.17024966 -0.12573683 -0.07044569 -0.04805914 -0.05036553 -0.01394967
-1.13825969 -0.06630604 -0.06130526 -0.03958547 -0.05575848 -0.01557442
-1.09882914 -0.09341641 -0.07195188 -0.04370649 -0.05394442 -0.00424752
-1.14689924 0.01190332 -0.13913177 -0.03003837 -0.05367323 -0.00991766
-0.48395090 -0.07543385 -0.05981870 -0.01505546 0.01358521 0.00422739
-0.37327461 -0.01051136 0.03444185 -0.02566784 0.01286920 -0.00188707
-0.33725221 -0.02785732 0.05449647 -0.03327300 0.01028958 -0.00555747
-0.45966141 0.01344950 -0.03137886 -0.03323385 0.01097977 0.00179768
-0.39394263 0.00539884 -0.05297418 -0.02713604 0.01180139 -0.00218100
-0.44830393 -0.00071748 0.03992589 -0.02998264 0.01070823 0.01389745
-0.39664708 0.06584571 -0.02439556 -0.01182402 0.00821863 0.00563529
-0.36334224 0.01481814 -0.05398379 -0.03141799 0.00352194 0.02347721
-0.23675788 0.04665490 0.01469900 -0.03898525 0.00203213 0.01175286
-0.25507890 0.06124053 0.01052540 -0.04968311 0.00237228 0.01574056
-0.30953420 0.10316495 -0.08218592 -0.04904497 0.00199491 0.01520298
-0.23569431 0.06619181 -0.03027678 -0.04433869 0.00292542 0.01341999
-0.30372253 0.08117699 0.08558836 -0.04230644 0.00137648 0.02489131
-0.24169838 0.13854773 -0.04308556 -0.02470000 0.00224767 0.01408982
-0.22419689 -0.09342894 -0.11221280 -0.00066109 0.01034672 -0.00293637
-0.20236939 -0.00021968 0.06833662 -0.00826862 0.00650231 -0.00156935
-0.10443633 -0.04156816 0.02849733 -0.01091008 0.00525268 -0.00895429
-0.28015725 -0.07337707 0.01091445 -0.00843715 0.00419938 -0.00445656
-0.20190321 -0.10258356 -0.07588983 -0.00282220 0.00652132 0.00146745
-0.27570857 -0.01541916 -0.05604445 -0.01316828 0.00645745 0.00306175
-0.16788689 0.01124564 0.07952143 0.00000101 0.00871952 -0.00625181
0.18309632 -0.03251653 0.03991521 -0.00619790 0.00738628 0.00996139
0.14309227 -0.03767244 0.01133655 0.00138835 0.00665573 0.01014118
0.09438235 -0.07187010 -0.04168062 -0.00963644 0.00623332 0.00933212
0.13157572 0.01250777 0.01817206 -0.01500497 0.00483264 0.00532433
0.15573136 -0.08201066 0.01641147 -0.00359278 0.00546287 0.00540606
0.12201876 0.00773589 -0.00626175 -0.00978530 -0.00031152 0.01202021
0.12581908 -0.02837092 0.03092724 0.00032790 0.00726274 0.00811573
0.22795018 0.00748710 0.02490912 -0.02205530 0.00296736 0.02060555
0.22695808 -0.00506525 0.00605511 -0.01664863 0.00111308 0.01669295
0.16353361 -0.05410205 -0.04313177 -0.02602780 0.00180698 0.01913506
0.20982839 0.04088693 -0.01769454 -0.02892016 -0.00057447 0.01037790
0.21541269 -0.04765478 0.01974098 -0.02193673 0.00218560 0.01464498
0.17560473 0.03149984 -0.00091789 -0.02500164 -0.00367446 0.01892132
0.18819002 0.01198677 0.01664032 -0.01216993 0.00358715 0.01134073
0.01434232 0.19605240 -0.01724863 -0.00938743 0.00380029 -0.01917776
0.12560914 0.15949538 0.03364393 -0.00536579 0.00156272 -0.01539063
0.10972207 0.11857790 -0.01705024 -0.02028550 0.00203589 -0.01021220
0.09132659 0.14701642 -0.07669199 -0.01572219 -0.00046694 -0.02588570
0.15586660 0.20090381 0.07995868 -0.01453724 0.00296150 -0.01367989
0.06876984 0.22297340 0.07328532 -0.01241097 0.00038107 -0.01284101
0.12556382 0.22060778 0.03039407 0.00189042 0.00357503 -0.01961359
-0.20666515 -0.01130411 -0.03140230 -0.03043401 0.00481852 0.02255699
-0.09725459 0.01054522 0.01268094 -0.03634945 0.00356874 0.01276983
-0.11584776 0.02080400 0.01282087 -0.04314414 0.00369228 0.01274242
-0.15703423 0.05657442 -0.07032653 -0.04553441 0.00153241 0.01419220
-0.08947206 0.00270314 -0.02951814 -0.04027613 0.00205466 0.01325752
-0.17882012 0.04617440 0.05102642 -0.03883350 0.00117097 0.02768380
-0.10213893 0.09839599 -0.03796557 -0.02328416 0.00142336 0.01556242
-0.19442173 0.00280580 -0.04832229 -0.02917396 0.00530615 0.02026404
-0.07568173 0.02710710 0.02645544 -0.03134083 0.00407839 0.01321341
-0.08715007 0.03373416 0.02108445 -0.03919223 0.00438963 0.01297466
-0.14597776 0.07371978 -0.07396741 -0.04116043 0.00158921 0.01240539
-0.08573984 0.02424645 -0.04064455 -0.03438861 0.00251617 0.01200378
-0.16779209 0.05332795 0.05247524 -0.03423358 0.00116374 0.02339027
-0.08278804 0.12002909 -0.03031471 -0.02022751 0.00253390 0.01304526
0.11415258 0.07854419 0.03486763 -0.01034397 0.00493757 -0.00106090
0.13485188 0.05012191 0.01107224 -0.00419705 0.00264863 0.00093220
0.05541209 0.00199253 -0.05235631 -0.01363741 0.00426366 0.00094107
0.09016960 0.09043806 -0.03002550 -0.01602620 0.00200506 -0.00823573
0.12362531 0.01306182 0.03971600 -0.00836096 0.00333672 -0.00362830
0.07767156 0.08034992 0.00145631 -0.01232587 -0.00196562 0.00276573
0.10516210 0.05196425 0.02824276 -0.00147304 0.00436639 -0.00184829
0.03108952 0.16909989 -0.00328447 -0.00980699 0.00315079 -0.01107633
0.11907480 0.12535054 0.00772620 -0.00667284 0.00030670 -0.00771323
0.07411885 0.07313566 -0.03023380 -0.01636586 0.00282789 -0.00558225
0.08679789 0.12054865 -0.06557208 -0.01472218 0.00073556 -0.01918505
0.15838463 0.12888899 0.06464165 -0.01250154 0.00159271 -0.01038455
0.05275108 0.17890031 0.03735949 -0.01179688 -0.00194464 -0.00555382
0.12009444 0.16259719 0.03587215 -0.00136011 0.00327837 -0.01344865
-0.02864584 0.10831149 -0.01713644 -0.01440340 0.00344367 -0.00120137
0.06698770 0.08584678 0.01439621 -0.01265524 0.00105753 -0.00087367
0.03387399 0.05325084 -0.02057970 -0.02140588 0.00291644 -0.00149958
0.02179350 0.09863780 -0.05613989 -0.02178900 0.00067450 -0.01029152
0.09208456 0.07536121 0.03077938 -0.01738100 0.00161517 -0.00455004
-0.01248931 0.13684729 0.02989442 -0.01830493 -0.00148892 0.00324128
0.06503724 0.14108364 0.01468153 -0.00635643 0.00303142 -0.00456384
0.02932508 0.16529039 -0.00175134 -0.00927647 0.00356368 -0.01216100
0.11312062 0.12572795 0.01099022 -0.00623742 0.00074132 -0.00916431
0.06761198 0.07781192 -0.03059446 -0.01652782 0.00291953 -0.00708275
0.07937328 0.12718695 -0.06818133 -0.01439176 0.00095838 -0.02055677
0.14885836 0.12388954 0.06338635 -0.01216319 0.00186046 -0.01167684
0.04571293 0.17537190 0.04073341 -0.01226265 -0.00160754 -0.00628308
0.11420242 0.16337745 0.02997807 -0.00074791 0.00349076 -0.01400058
0.03569455 0.17954350 -0.00069158 -0.00742687 0.00413571 -0.01595051
0.11817588 0.13318330 0.01253884 -0.00373394 0.00162255 -0.01170988
0.06932473 0.07885623 -0.03180957 -0.01431263 0.00354302 -0.00941718
0.08413062 0.12397427 -0.06926304 -0.01185777 0.00185108 -0.02375049
0.15440228 0.13817275 0.07101608 -0.00998700 0.00289829 -0.01432610
0.05547634 0.18115636 0.03606878 -0.00988911 -0.00076857 -0.01034588
0.11844514 0.16196948 0.03951693 0.00088281 0.00452097 -0.01723680
0.04190699 0.16554547 -0.00493485 -0.01302738 0.00220048 -0.00963698
0.12628211 0.11954119 0.00781230 -0.00914031 -0.00058257 -0.00611354
0.08176517 0.06048455 -0.03232787 -0.01941007 0.00189715 -0.00328868
0.09565474 0.11217620 -0.06337410 -0.01715006 -0.00037354 -0.01818327
0.16589921 0.12993554 0.06643117 -0.01532963 0.00105301 -0.00906308
0.06561193 0.17657800 0.03114705 -0.01394922 -0.00254295 -0.00467025
0.12926887 0.15537190 0.04168400 -0.00392861 0.00302294 -0.01363923
0.04513228 0.16083173 -0.00220321 -0.01331719 0.00194986 -0.00920983
0.13121987 0.11569027 0.00690917 -0.00964288 -0.00101419 -0.00579412
0.08089395 0.05587104 -0.03741051 -0.01941325 0.00137037 -0.00265127
0.09720847 0.11192854 -0.06362332 -0.01681162 -0.00061462 -0.01746372
0.17114989 0.12539035 0.06452292 -0.01528659 0.00086916 -0.00926304
0.06836457 0.17439276 0.02624094 -0.01488937 -0.00298486 -0.00400913
0.13186873 0.14939359 0.03925001 -0.00412813 0.00309802 -0.01325380
0.05695592 0.18344440 -0.00352757 -0.01088342 0.00292494 -0.01275843
0.13969397 0.14235282 0.01724978 -0.00717947 0.00001987 -0.00908279
0.09529967 0.08233738 -0.02516568 -0.01895925 0.00192991 -0.00580169
0.10715619 0.13301412 -0.07845246 -0.01595999 -0.00055900 -0.02131572
0.16340675 0.15209666 0.07204580 -0.01438057 0.00162584 -0.00986016
0.07411893 0.18629493 0.05080922 -0.01367112 -0.00172137 -0.00811482
0.13970256 0.18051192 0.03798397 -0.00124476 0.00299794 -0.01646652
0.04803511 0.15857305 0.00050072 -0.01277998 0.00235486 -0.00973253
0.12777736 0.11593185 0.00747875 -0.00934801 -0.00067159 -0.00615272
0.07233685 0.05435521 -0.03948219 -0.01878551 0.00177399 -0.00337749
0.09388587 0.10988405 -0.06439267 -0.01631702 -0.00029953 -0.01835903
0.16644754 0.12008881 0.06387847 -0.01469556 0.00111519 -0.00960487
0.06578323 0.16780755 0.02716347 -0.01435430 -0.00267583 -0.00430790
0.12917742 0.14286187 0.03875519 -0.00353187 0.00326923 -0.01340305
0.02109098 0.16286425 -0.00635281 -0.00964445 0.00385762 -0.01364150
0.10734697 0.11794789 0.01143744 -0.00581692 0.00137258 -0.00988764
0.06267266 0.06581650 -0.03021532 -0.01645936 0.00332407 -0.00833206
0.07376784 0.11480177 -0.06666228 -0.01470928 0.00122975 -0.02159115
0.14110666 0.12107899 0.06406792 -0.01199662 0.00245494 -0.01261709
0.11865644 0.11440256 0.02395492 -0.01667225 0.00012717 0.00278961
0.14788699 0.09227307 0.01829949 -0.00903891 0.00128454 -0.00015030
0.12527166 -0.07112107 -0.05894121 -0.02268339 0.00134458 0.01601928
0.16280578 0.04781400 -0.00861065 -0.02300478 -0.00303009 0.00485615
0.17928507 -0.02418809 0.03716279 -0.01648467 -0.00079554 0.01130789
0.14327168 0.03553116 -0.02431733 -0.02167966 -0.00540948 0.01252619
0.16587051 0.00889827 0.06358502 -0.01332164 0.00244720 0.00317350
