0.04421969 -0.10482352 0.01535678 -0.00658027 0.02891514 0.01310193
0.04139884 -0.06272259 -0.02520999 -0.02738247 0.03136144 0.01430289
0.07764773 -0.06085743 0.00356166 -0.00746951 0.02819920 0.00892995
0.04358762 -0.09700056 0.01885938 -0.01830447 0.03204601 0.01689357
0.02215708 -0.10221844 -0.00464406 -0.01459910 0.03253474 0.01010829
0.03965819 -0.05981632 -0.01166207 -0.01412682 0.02912150 0.02342170
0.03264019 -0.07810603 -0.02313922 -0.00386638 0.02652112 0.01270566
0.08857974 -0.04581122 0.02535045 0.00943388 0.01853465 0.01711002
0.08340029 0.00452987 -0.00356358 -0.01093700 0.01975482 0.01327885
0.11920695 0.00327841 0.01524493 0.00904615 0.01710983 0.00826286
0.09390382 -0.04082937 0.04203108 -0.00270074 0.02051406 0.01528135
0.07838469 -0.02027590 0.00007508 0.00115498 0.02099247 0.01049656
0.10279873 0.01177480 0.01141802 -0.00383538 0.01935129 0.02496780
0.10241010 -0.00810724 0.01272083 0.01119264 0.01571959 0.01631167
0.01562546 -0.04370240 0.02770657 0.00472432 0.02722541 0.02285706
0.00430591 0.00962112 -0.00942128 -0.01672488 0.03027528 0.01959523
0.05925381 0.02118154 0.01063724 0.00305415 0.02643032 0.01701718
0.03529454 -0.02763774 0.05532698 -0.00625486 0.02903581 0.02135482
0.02430710 -0.02493453 0.00160186 -0.00565321 0.03066206 0.02015134
0.04078399 0.02332190 0.00878263 -0.00389823 0.02803673 0.03211669
0.05876641 0.00236857 -0.00174063 0.00606733 0.02504070 0.02139703
0.01426633 -0.00415470 -0.03529945 0.01636236 -0.02287503 -0.00276820
0.02434168 0.04327291 -0.13126985 0.01742425 -0.02402696 -0.01043726
0.08154101 0.02155072 -0.01174703 0.01914550 -0.02893875 -0.01755974
0.06356640 -0.04711657 -0.02207697 0.02022792 -0.02499515 -0.01337568
0.07601110 -0.01386320 -0.05089798 0.02754683 -0.02369915 -0.01537067
0.11856385 0.00261898 -0.06997123 0.01277878 -0.02503569 -0.00289487
0.10433034 0.00177001 -0.07256771 0.02170637 -0.02203380 -0.00762611
0.19387223 0.19861333 0.05791844 0.03368578 0.03015812 -0.02311575
0.19926315 0.16038317 0.01452272 0.02944438 0.03285102 -0.03206978
0.21591213 0.19586343 0.01606952 0.03247175 0.02869753 -0.01831858
0.17743271 0.15693186 0.05923781 0.03078582 0.03116582 -0.02973357
0.20309480 0.16188834 -0.00086685 0.03357958 0.03204955 -0.01213840
0.22496158 0.13615740 0.01667959 0.03069665 0.02649496 -0.01417379
0.18429309 0.16880784 0.01531895 0.02970421 0.03111364 -0.01936897
0.12028755 0.06354455 0.00051619 0.05138991 -0.01094104 -0.01558604
0.11418201 0.10572419 -0.07967518 0.04223566 -0.01201224 -0.03406955
0.15312654 0.09641333 -0.01984307 0.05156273 -0.01317796 -0.03358665
0.10354862 0.01796959 -0.00753782 0.04998766 -0.01331262 -0.02642119
0.13531818 0.02490767 -0.02601791 0.05515773 -0.01362020 -0.02490099
0.15411166 0.07281361 -0.05928691 0.03892961 -0.01131474 -0.01732609
0.15326151 0.07053452 -0.04625282 0.05299773 -0.01085464 -0.01966622
0.21126006 0.25380563 -0.01815445 0.04218964 0.05627215 -0.06496750
0.20170739 0.26013203 0.00162131 0.03956376 0.05891717 -0.06876382
0.23542825 0.25037080 0.00440594 0.04272510 0.05589042 -0.06046434
0.21647200 0.28701758 0.03620631 0.04585280 0.06030898 -0.06538770
0.22599405 0.26996145 0.01567553 0.04093356 0.05934418 -0.04468393
0.23884160 0.24678901 -0.01382869 0.05427811 0.05291829 -0.05735245
0.17336313 0.27056973 -0.04685088 0.03770369 0.05661196 -0.06329152
0.15624271 0.07204342 0.00106442 -0.00361632 0.05276787 -0.01882998
0.12934878 0.09454521 -0.01571299 -0.00310626 0.05420132 -0.01663035
0.19016113 0.09565371 0.01807925 -0.00911168 0.05233420 -0.00625970
0.13078156 0.12214532 -0.01292328 -0.00318093 0.05812958 -0.01831857
0.16699541 0.09950570 -0.01041668 -0.00873304 0.05629795 0.00042750
0.17713243 0.06552970 -0.00831710 0.00301250 0.05045126 -0.00851939
0.15505795 0.10675671 -0.02838245 -0.00706335 0.05404781 -0.01751373
0.22415478 0.10215201 0.00515317 0.04415545 0.05945328 0.00982951
0.20744225 0.08847035 -0.03083681 0.04807794 0.06210650 0.00071110
0.20063769 0.07031570 -0.02388151 0.04775465 0.06166964 0.01896635
0.19057594 0.03583755 0.09918121 0.05156320 0.06497124 0.01198759
0.20191677 0.02254227 -0.02988408 0.03791165 0.06253698 0.02073526
0.14402110 0.06898623 0.01465002 0.06063073 0.06057186 0.00433349
0.08811782 0.04576877 -0.01753172 0.03016581 0.06001203 0.00523251
0.08039691 -0.29536445 0.02690673 0.05197735 0.04272906 0.13017254
0.08410631 -0.20375418 0.00659388 0.03335545 0.06364705 0.09133031
0.04858482 -0.20747706 -0.00503825 0.03407916 0.04869355 0.12054052
0.06082666 -0.19089382 0.11432585 0.04288423 0.06025308 0.11891965
0.03604474 -0.13551765 0.00656876 0.01822256 0.05321347 0.12437699
0.02496013 -0.13350364 0.01989227 0.06218009 0.05175162 0.11704847
0.05183213 -0.08690969 -0.01928094 0.02926104 0.05078869 0.08874030
0.26686929 -0.00372839 -0.00517383 0.05024782 -0.01651608 -0.00165090
0.20670060 0.01473690 -0.08428535 0.04357702 -0.01389684 -0.02962785
0.23559500 0.05184581 -0.01734698 0.04605480 -0.01595192 -0.01473667
0.21565262 -0.02604558 -0.00746841 0.04034462 -0.01370932 -0.00719556
0.24758335 0.00589610 -0.02073584 0.04842280 -0.01750888 -0.01210300
0.25738088 0.03320958 0.01285858 0.04711459 -0.01293655 -0.01294317
0.25628865 0.04246272 -0.03344482 0.04244177 -0.01265412 -0.01115385
1.00039773 0.07877540 0.18315133 0.01726288 0.05425793 0.06966754
1.01896018 0.11952637 0.15845452 0.01596570 0.06130049 0.05687395
1.10930428 0.11035069 0.16856793 0.00569958 0.05921436 0.06965442
1.08128265 0.07667902 0.19173712 0.01620203 0.07003636 0.06606066
1.15587361 0.16403036 0.05270136 0.00849674 0.07015244 0.06473867
1.16735101 0.08174340 0.18090310 0.01325143 0.07396195 0.06167532
1.12603761 0.13080674 0.13705938 -0.00637224 0.06773850 0.05279433
0.91048829 -0.02098222 0.13044059 0.01784239 0.06584263 0.06209801
0.91183215 -0.06687107 0.11546538 0.02030643 0.07761758 0.04671182
0.91190308 -0.04977129 0.09494413 0.00898469 0.07441793 0.05755500
0.90197206 -0.03363719 0.13565137 0.01653060 0.08218246 0.06242608
0.97894385 0.01210179 0.01661384 0.01631109 0.08018132 0.05661737
0.91828741 -0.06572759 0.10519798 0.01978938 0.07511241 0.05608056
0.89424290 -0.02590465 0.06858279 0.00825684 0.07598163 0.05132601
0.67997389 0.13075460 0.00366133 0.03755164 0.04297561 0.06038043
0.58942806 0.15388806 0.00219378 0.03840098 0.04894095 0.04536525
0.62931992 0.12285178 0.05064316 0.02979143 0.04665132 0.04798482
0.59503183 0.13803568 0.01152157 0.04415323 0.05349547 0.05364483
0.65291904 0.15631482 -0.05780439 0.03213998 0.05436733 0.05329314
0.62873386 0.16816124 -0.00202334 0.03551307 0.05361077 0.05567675
0.59127685 0.19453565 0.04074080 0.02908977 0.04829267 0.04305231
0.91163166 0.19339943 0.06547217 0.02204745 0.10213102 0.06687135
0.90600394 0.18362384 0.08516456 0.01692984 0.11316682 0.06468432
0.94649956 0.18879805 0.10375019 0.01705312 0.10899189 0.06390437
0.96559495 0.18110834 0.13605312 0.02425421 0.12004430 0.05928214
0.94839804 0.21502322 0.00066715 0.00878476 0.11920153 0.05854967
0.91040999 0.21195499 0.07748168 0.02503994 0.11720814 0.06328470
0.89850225 0.21193171 0.05547162 0.01519868 0.10756972 0.05969521
0.76397277 0.24794487 0.03984733 0.06235139 0.05659557 0.01324307
0.73431239 0.24870720 -0.07604648 0.07145877 0.05788727 0.00380493
0.85494749 0.32596264 -0.05350595 0.06265303 0.06116512 0.02504773
0.82263276 0.31131316 -0.00682286 0.06241999 0.06852716 0.01296688
0.88379391 0.28759843 -0.09932370 0.05690364 0.06657350 0.01324284
0.88125579 0.36174640 -0.02024908 0.07237418 0.07125835 -0.00843603
0.83159730 0.36920886 -0.05387950 0.03492989 0.06555917 0.00276830
0.57651129 0.48374873 -0.04832687 0.09208734 0.08083043 -0.02847009
0.54165468 0.47393296 -0.07327673 0.10098374 0.08662575 -0.04121701
0.59822377 0.47753204 -0.02359236 0.08922096 0.08561111 -0.01442208
0.58336575 0.48306495 -0.00264782 0.09648681 0.08978176 -0.03145540
0.63523844 0.46521127 -0.05379436 0.09199623 0.08886420 -0.01953683
0.57485178 0.52137919 0.00220196 0.10747139 0.08715609 -0.03836142
0.52723657 0.51831376 -0.06407784 0.08337772 0.08893765 -0.03316715
0.52237973 0.20532791 -0.03562260 0.06553235 0.04762140 0.00972575
0.47258005 0.17357327 -0.10764514 0.07216917 0.05092314 -0.00473215
0.46389736 0.17208014 -0.04315987 0.05783859 0.05205016 0.00702173
0.44945862 0.15491205 -0.04947446 0.07070410 0.05576044 0.01084889
0.50889283 0.14853694 -0.11178878 0.06295931 0.05522228 0.00943870
0.46306498 0.15230898 -0.02840839 0.06879309 0.05769812 -0.00349364
0.45183904 0.20909164 -0.04220246 0.04622203 0.05346111 0.00057357
0.64966038 0.21489926 -0.00083954 0.06130803 0.07961291 0.02713655
0.62695347 0.16945563 -0.01466597 0.06283306 0.08777518 0.01250786
0.64294964 0.14590594 0.00111084 0.05765669 0.08635048 0.01847321
0.65469168 0.14465993 0.02966191 0.06986988 0.09221812 0.01949970
0.68727992 0.13101746 -0.07234685 0.06015793 0.09290029 0.02272614
0.62437057 0.16618369 0.01178997 0.06351702 0.09177997 0.01769656
0.61274681 0.19559227 -0.02352641 0.05273486 0.08617528 0.01434856
0.32969188 -0.30197095 0.01467367 0.03992150 0.03569645 0.08533301
0.17492441 -0.27423125 -0.16080771 0.03470880 0.05060204 0.04489892
0.27997930 -0.30785669 -0.05844665 0.03256873 0.04437434 0.05850295
0.21066533 -0.35340119 -0.00745921 0.03577637 0.05671715 0.06849065
0.39917596 -0.36410082 -0.12145692 0.02632917 0.04849632 0.06541527
0.35385460 -0.27570453 -0.09836035 0.04219682 0.05509984 0.06772434
0.34147732 -0.23236535 -0.05609532 0.01662088 0.04515499 0.04338929
0.20283494 -0.05451079 0.03837135 0.03944819 0.07084605 0.04607254
0.14575725 -0.08194990 -0.01583681 0.03727695 0.08239612 0.03279609
0.17311241 -0.07183702 -0.00368289 0.02973638 0.07913309 0.04080181
0.18579736 -0.09820200 0.05629807 0.04045509 0.08903030 0.04440754
0.23602294 -0.07982529 -0.05668812 0.02802785 0.08365542 0.04074498
0.20264050 -0.03277312 -0.00318792 0.04814078 0.08109125 0.03740879
0.19001190 -0.01510893 -0.02600224 0.02056568 0.07636898 0.02465959
0.23384653 -0.12480575 -0.00838792 0.06233481 -0.01147934 0.02007865
0.16269187 -0.11184611 -0.08649156 0.05078794 -0.00335018 -0.01676968
0.14759422 -0.12729835 -0.02804867 0.06681342 -0.00855957 -0.01034285
0.10285707 -0.22156041 0.01633671 0.06151301 -0.00416433 0.00325278
0.14793837 -0.21478450 -0.05533753 0.06489937 -0.01206696 0.00586680
0.16346239 -0.10270515 -0.04845529 0.06130047 -0.00563396 0.00420261
0.21490697 -0.10938019 -0.02241160 0.04954829 -0.00937768 -0.00607100
0.38652226 0.05756971 -0.00914972 0.02771092 0.05539702 0.02523608
0.33447161 0.08589297 -0.06247803 0.01874718 0.06271987 0.01962929
0.34987584 0.06510559 -0.08622449 0.02587884 0.06186312 0.02255682
0.30863430 0.02987849 0.01270524 0.02128418 0.06458222 0.02888776
0.31744368 0.05607875 -0.06493102 0.01665830 0.06385253 0.02332707
0.32410190 0.06397349 -0.03518027 0.02916916 0.06354492 0.02056862
0.34465808 0.07414889 -0.01847569 0.01593028 0.05690089 0.01504197
0.19373029 0.00376526 0.02237946 0.00187986 0.02060671 0.02524015
0.19555876 0.04239401 -0.00832136 -0.00952988 0.02711542 0.01726476
0.21652397 0.00935021 -0.04269464 0.00015957 0.02409273 0.02252756
0.14028879 0.00133269 0.03936219 -0.01018346 0.02652905 0.02819811
0.15602796 0.03427467 -0.02165193 -0.00436269 0.02539737 0.02611409
0.16739469 0.00314721 0.02694057 0.00106605 0.02390224 0.02726190
0.20471342 0.03187447 0.01210828 -0.00505468 0.02200723 0.02327312
-0.08349723 0.04018719 -0.04044792 -0.00754244 0.02787674 0.01461997
-0.09713424 0.09225209 -0.06832113 -0.02656718 0.02927267 0.01715789
-0.00305600 0.08118886 -0.01203213 -0.00327118 0.02644859 0.01103238
-0.05390254 0.03803328 0.00343641 -0.01815637 0.02747408 0.01366790
-0.01584731 0.04451057 -0.04815099 -0.01676459 0.03267085 0.01218252
-0.00181030 0.04333736 -0.02187891 -0.01751454 0.02653665 0.02291002
0.00042056 0.03021926 -0.01999865 -0.00636571 0.02394389 0.02165578
-0.21345790 0.24665520 0.03918902 -0.04454577 0.04461042 0.08886491
-0.23941195 0.26455220 0.06901163 -0.06396194 0.05690623 0.09417641
-0.14309765 0.27895190 0.09281235 -0.08374503 0.05164999 0.12126004
-0.11541179 0.21735106 0.15682004 -0.07887926 0.06034404 0.09018488
-0.02981620 0.24360541 -0.00988708 -0.08592509 0.06086489 0.11326182
0.00537807 0.23902472 0.12478296 -0.06140247 0.04939231 0.10612830
-0.00960878 0.23014866 0.11448241 -0.07110738 0.04920351 0.09513935
-0.00434054 -0.19127220 0.02516537 0.00061148 -0.00155159 0.04033225
0.00617549 -0.14760821 -0.00888817 -0.00565967 0.00887063 0.02423636
0.06391718 -0.20471683 0.03277702 0.00969539 -0.00217056 0.02987586
0.01676535 -0.24065308 0.07963714 0.00048875 0.00811368 0.04370581
0.02389922 -0.17909721 0.01058468 0.00598534 0.00240130 0.03389513
0.03140306 -0.15904622 0.00163547 0.00896499 0.00353152 0.03999960
0.06831956 -0.07067935 0.01234756 -0.00557285 0.00165744 0.01832861
-0.13800543 0.08405711 0.00289889 -0.01995711 -0.00178691 0.01260095
-0.13173452 0.11317492 -0.04780025 -0.02815374 0.00002798 0.00383886
-0.02962369 0.08544496 0.02233209 -0.02177452 -0.00362562 0.01511671
-0.10055593 -0.02600880 0.11581481 -0.02279804 -0.00395088 0.00892328
-0.08076277 0.01800121 -0.00567584 -0.01822020 0.00103254 0.02232258
-0.02136791 -0.01275093 0.05925248 -0.03019803 -0.00430523 0.02295437
-0.05544560 -0.00810729 0.00577604 -0.01385228 -0.00192224 0.01953606
-0.10188160 -0.16397743 0.04745422 -0.00313758 0.01251753 -0.00106096
-0.07830599 -0.13249381 0.01177681 -0.01861475 0.01674072 -0.00942060
-0.01254906 -0.16105765 0.02764923 0.00148005 0.01295018 -0.00861068
-0.07355304 -0.20129826 0.11178940 -0.00827144 0.01625477 0.00051496
-0.09489303 -0.16311629 0.02046197 0.00532690 0.01416811 -0.00559667
-0.07023059 -0.14863226 0.04455344 -0.00211490 0.01250287 0.00541067
-0.09227077 -0.11534051 0.03103015 0.00289063 0.01254560 -0.00565066
-0.04565028 -0.04016927 0.04772409 -0.00900482 0.00857351 0.01795304
-0.02356837 -0.01761769 0.05569598 -0.02908074 0.01301180 0.00945871
0.04894192 -0.01931258 0.06869190 -0.00826471 0.00853132 0.00953522
0.02567206 -0.07922566 0.11367754 -0.01799238 0.01223440 0.01535680
0.02430099 -0.04792531 0.03465161 -0.00870112 0.01264595 0.01206628
0.04830858 -0.02910851 0.06871539 -0.01581745 0.00897013 0.02268724
0.04604624 -0.01580943 0.05460010 -0.00491995 0.00894743 0.01390679
-0.15524011 0.17016094 0.00769428 0.00236797 0.01533797 0.00221545
-0.16445171 0.17861623 -0.03229965 -0.01404233 0.01629600 -0.00060789
-0.07458768 0.17976914 0.01412513 0.00590844 0.01312700 -0.00624416
-0.11948642 0.09781073 0.06643918 -0.00310629 0.01253239 -0.00345000
-0.07229159 0.12264130 -0.02553398 -0.00133526 0.01856227 0.00212305
-0.05906268 0.11433691 0.00792846 -0.00979856 0.01405224 0.01058017
-0.05063018 0.11368731 0.02394136 0.00867855 0.01084455 0.00924828
-0.11107268 -0.10330189 0.01413270 0.00802201 0.01513958 0.00850964
-0.08621886 -0.07664671 0.02373607 -0.00793148 0.01890277 -0.00368173
-0.02275016 -0.09300043 0.01382204 0.01260007 0.01498874 -0.00413645
-0.07119290 -0.15247691 0.05400230 0.00042272 0.01809928 0.00791989
-0.09864795 -0.12974022 -0.00187532 0.00965865 0.01639535 -0.00053451
-0.05547931 -0.10079005 0.02605047 0.00505385 0.01557057 0.01058827
-0.04566601 -0.06277463 0.01393546 0.01187204 0.01400401 0.00388046
-0.16919184 -0.15551670 0.00993678 0.00347455 0.03526194 0.01297874
-0.12883784 -0.11999005 -0.01256258 -0.00959456 0.04254472 0.00733956
-0.09513859 -0.13627043 -0.00004681 0.01062786 0.03613828 0.00733599
-0.14515900 -0.18703341 0.04095578 -0.00608170 0.04290004 0.01742310
-0.15628893 -0.17982647 -0.01091215 0.00446721 0.03845465 0.00710731
-0.12293952 -0.15095210 0.00808060 0.01031641 0.03549491 0.01420908
-0.12171523 -0.09289210 -0.02846338 0.00272456 0.03529308 0.00314349
-0.10973132 -0.17522294 0.04406643 -0.00204689 0.02938772 0.00717599
-0.06185976 -0.10880372 0.00373102 -0.01203541 0.03374088 0.00007050
0.00084070 -0.15304507 0.01272032 0.00794065 0.02910971 -0.00051192
-0.06188924 -0.19345891 0.06006577 -0.00805724 0.03549093 0.00888483
-0.08474552 -0.17928757 0.02374202 0.00167616 0.03160202 -0.00088557
-0.06038342 -0.12835845 0.01487419 0.00178904 0.02957781 0.00936312
-0.05501068 -0.12395316 -0.00909792 -0.00059175 0.02860079 0.00176690
-0.03688791 -0.09080576 0.01576599 0.01554444 0.02588340 0.01017743
-0.02712907 -0.03276625 -0.01716995 0.00146981 0.03156633 0.00031650
0.02502418 -0.05966499 -0.00026813 0.01947275 0.02728160 -0.00177876
-0.02490122 -0.11738001 0.04983774 0.00710543 0.03166727 0.00842766
-0.03085495 -0.10601374 -0.01306680 0.01591730 0.02808776 0.00293012
-0.00498310 -0.06242770 0.00958985 0.01562813 0.02709113 0.01146614
-0.02109708 -0.03359281 -0.01111377 0.01560588 0.02583250 0.00463966
0.01875984 -0.07338357 -0.00622943 0.00621062 0.00873278 0.00845002
0.02551711 -0.02328761 -0.02970746 -0.00862379 0.01093412 -0.00251869
0.08264211 -0.05302161 -0.00013027 0.00992510 0.00930343 -0.00289024
0.03901551 -0.09176990 0.00812593 -0.00382586 0.01089010 0.00450608
0.03997113 -0.06511835 -0.01842161 0.00681932 0.01016649 -0.00152809
0.05592417 -0.04084296 0.00939811 0.00002428 0.00976527 0.00771742
0.04803452 -0.03045213 -0.00973042 0.01185921 0.00855021 0.00802632
0.01761080 -0.05116297 0.00448409 0.00988006 0.00796182 0.01445642
0.01489969 0.00401742 -0.01366572 -0.00326973 0.01077045 -0.00008506
0.06711210 -0.01592631 0.01213838 0.01241681 0.00933692 0.00360554
0.04612604 -0.06706483 0.02935448 -0.00147108 0.01114401 0.00951508
0.04738960 -0.04228191 -0.00418455 0.00928620 0.00946566 0.00321599
0.05616536 0.00133659 0.02483566 0.00303357 0.00999351 0.01248950
0.05331135 0.00016076 0.00615226 0.01427896 0.00847276 0.01197649
0.01922054 -0.07199786 -0.00135985 -0.00090464 0.01033557 0.01351239
0.00762414 -0.01129625 -0.04932559 -0.01340153 0.01214720 0.00152235
0.06146166 -0.02445619 -0.02036080 0.00566394 0.00988185 0.00448087
0.03256144 -0.07559457 -0.00234137 -0.00986053 0.01248562 0.00987719
0.04698553 -0.04579578 -0.00879080 0.00079765 0.01130865 0.00469228
0.04687341 -0.02043152 0.00259188 -0.00604405 0.01144805 0.01123829
0.01774454 -0.02945875 -0.02452398 0.00427213 0.00893166 0.00546711
-0.03288279 0.02922085 0.01597263 -0.01452416 0.00588679 -0.00432536
0.01521540 -0.00623615 -0.03333810 0.01448023 0.00516226 -0.01273277
0.00811108 -0.00092856 0.02522124 0.00080072 0.00456652 -0.00160506
-0.00779966 0.00451059 0.02512180 0.00280560 0.00838825 -0.01120744
-0.01717039 0.02398626 0.01292018 -0.00880270 0.00890198 0.00412614
-0.00713681 0.03055853 0.00965499 0.01258862 0.00267060 0.00760387
