0.02718855 0.03854379 0.03307804 -0.01373632 0.00410162 0.00585563
-0.02436497 -0.00331242 -0.00716334 -0.00602962 -0.00142447 0.01316276
0.00291727 -0.09330012 -0.03295381 -0.00220904 0.00409658 0.00239326
-0.07168667 -0.01428188 0.01088540 -0.01435370 0.00439374 0.00871082
0.08040795 -0.00009042 -0.00856601 -0.00254092 0.00569029 0.00950484
0.00902345 -0.05706491 -0.03554693 -0.00242210 0.00141884 0.00190189
0.00700261 0.02101403 0.01720230 0.00123953 0.00735471 -0.00265084
0.04765826 0.05045713 0.04867283 -0.01148299 0.01065819 -0.00195664
0.00097239 -0.00009752 0.00317929 -0.00158325 0.00480096 0.00781472
0.01041843 -0.07362538 -0.01947556 0.00232329 0.00919372 -0.00381491
-0.06280826 -0.00400729 0.00834893 -0.00902546 0.01127919 0.00279842
0.08915640 0.02809623 -0.01441697 0.00193761 0.01314853 0.00742505
0.01489138 -0.05222872 -0.02858049 0.00074035 0.00756127 -0.00392560
0.00809145 0.04510700 0.00967693 0.00669852 0.01257879 -0.00793408
0.05129904 0.07046391 0.02891845 -0.00629400 0.00547819 0.00331329
-0.00244327 0.02190230 -0.00431461 0.00198143 0.00067778 0.00969360
0.02710948 -0.05162120 -0.03143273 0.00369813 0.00546711 0.00062369
-0.04103731 0.02270610 0.01011761 -0.00750948 0.00570381 0.00662298
0.10273444 0.03506632 -0.01181650 0.00509872 0.00669457 0.00663418
0.02962405 -0.02016159 -0.02787837 0.00218400 0.00292729 -0.00079326
0.03002781 0.04357757 0.01418260 0.00594902 0.00880221 -0.00306076
0.02720844 0.04627628 0.03713171 -0.01388784 0.00431042 0.00450480
-0.02319183 0.00239259 -0.00896257 -0.00612347 -0.00122039 0.01213122
-0.00068792 -0.07276612 -0.02030555 -0.00258210 0.00345626 0.00124517
-0.06810727 -0.01068224 0.00245915 -0.01382988 0.00444719 0.00782520
0.06772391 0.00657428 -0.00111695 -0.00400605 0.00590793 0.00947876
0.00940482 -0.05678519 -0.02567356 -0.00258805 0.00069253 0.00160867
0.00940566 0.02998120 0.01498268 0.00060109 0.00667337 -0.00472444
0.03925941 0.04617515 0.03349189 -0.01335140 0.00588605 0.00575384
-0.00897618 -0.00229380 -0.00396957 -0.00495933 0.00027254 0.01316471
0.01725955 -0.07891003 -0.03285034 -0.00300063 0.00525379 0.00342119
-0.05160868 0.00069843 0.00891609 -0.01508070 0.00578087 0.00907601
0.09307405 0.01207131 -0.01167003 -0.00256237 0.00721268 0.00991843
0.01805515 -0.05066457 -0.03363456 -0.00202852 0.00308492 0.00203322
0.01880470 0.03035636 0.01273762 0.00086969 0.00900783 -0.00113130
0.01577188 0.04417018 0.03471885 -0.01273885 0.00397699 0.00793821
-0.03527848 -0.00257236 -0.00414407 -0.00705860 -0.00108802 0.01439378
-0.01061086 -0.08341846 -0.03244799 -0.00335623 0.00426787 0.00481334
-0.07408911 -0.00779747 0.00705657 -0.01545720 0.00446222 0.01156910
0.05969785 -0.00341910 -0.00494311 -0.00406345 0.00533075 0.01028337
-0.00088668 -0.04871185 -0.02642517 -0.00362318 0.00132758 0.00376262
0.00037332 0.02056367 0.02339077 -0.00067904 0.00742267 -0.00008247
0.03189192 0.10066712 -0.01610809 -0.00089385 -0.00158591 0.00746637
-0.03327671 0.05364246 -0.02906173 0.00353251 -0.00359816 0.00783251
0.01610466 0.00535281 -0.04175727 0.00240154 0.00121500 -0.00076885
-0.01615822 0.08013114 -0.00300670 -0.00463113 -0.00227883 0.00629168
0.09114966 0.01178879 0.00002041 0.00633829 -0.00199674 -0.00027252
0.02645073 0.02215608 -0.00945525 0.00329016 -0.00269376 -0.00100041
0.05637928 0.01823067 0.01113643 0.00135340 0.00356574 0.00107783
-0.02555103 0.10187337 -0.01368902 -0.01514439 -0.00443180 0.01386972
-0.06108160 0.05997594 -0.00824150 -0.00966154 -0.00646132 0.01474404
-0.01933559 0.00803398 -0.03998235 -0.01268567 -0.00065369 0.00573563
-0.03994567 0.09067349 -0.01410290 -0.01987624 -0.00442064 0.00975281
0.05833788 0.01384817 0.00119067 -0.01111427 -0.00327218 0.00311083
-0.01278616 0.00852084 -0.00866312 -0.01060595 -0.00306004 0.00318262
0.03706384 0.03935994 0.01720068 -0.01048599 0.00171030 0.00509614
0.02302283 -0.02675635 0.02763816 -0.01708163 0.00818752 0.01977447
-0.02145323 -0.06838142 0.00528306 -0.01199837 0.00344116 0.02555898
0.00675369 -0.15029356 -0.03153227 -0.00519133 0.00983803 0.01619470
-0.09067790 -0.09386833 0.01196397 -0.01854894 0.01036363 0.02620344
0.08236330 -0.06612559 -0.04305867 -0.00638717 0.01152484 0.02542534
0.01423972 -0.11787421 -0.04574806 -0.00404688 0.00563024 0.01590013
-0.01216185 -0.04440518 0.01875471 -0.00183919 0.01235466 0.00786176
0.69231167 0.10354018 0.03329074 0.01800682 0.00838364 0.03546546
0.77019669 0.06232286 -0.01161796 0.02802567 0.01144054 0.03694443
0.73589854 0.14211597 0.03023666 0.01449659 0.00925834 0.02889042
0.72604448 0.06693520 -0.01049320 0.00949527 0.00539908 0.02937737
0.70511155 0.10064865 -0.01129944 0.02156617 0.00386075 0.03032914
0.71900994 0.09116064 0.03590637 0.01608293 0.00726734 0.02324323
0.67188501 0.11135738 -0.01582920 0.01209664 0.01091958 0.03708721
-0.00062111 0.03168829 0.01719045 -0.00171256 0.00672127 0.00558945
-0.05044097 -0.00316570 0.00052606 0.00051062 0.00331438 0.01147284
-0.01997390 -0.06496013 -0.05463169 0.00356072 0.00832413 0.00197957
-0.06734742 0.01816963 0.01127286 -0.00600647 0.00788866 0.00894665
0.03893899 -0.02400798 -0.03223413 0.00569916 0.00733953 0.00721674
-0.01428506 -0.02426739 -0.03012051 0.00245041 0.00512304 0.00120896
0.00020928 0.00989019 0.01988603 0.00285394 0.01122341 0.00163413
-0.05577710 0.23389893 -0.04771522 -0.00789670 -0.00234409 0.00745659
-0.08807629 0.21206580 0.00018347 -0.00490584 -0.00267769 0.00207577
0.00199907 0.19219680 -0.01315775 -0.00985373 0.00220420 -0.00608112
-0.05028912 0.22244982 0.00285737 -0.01504433 -0.00423419 -0.00257852
0.02128436 0.16923122 0.04999909 -0.00915476 -0.00284662 -0.01834998
-0.06053782 0.13773023 0.02730325 -0.00663424 -0.00054187 -0.00639370
0.04044759 0.16235702 0.01758444 -0.00781475 0.00096917 -0.00255417
0.15953533 0.23998095 -0.04316923 -0.02006747 -0.00867137 0.02695759
0.16298544 0.18140169 -0.04761809 -0.01196166 -0.00771439 0.01867687
0.26869170 0.27416117 0.02495055 -0.02396421 -0.00480352 0.01068564
0.26176041 0.25050234 -0.05338714 -0.02906706 -0.01208618 0.01236360
0.28965376 0.21378361 0.03078969 -0.02099391 -0.00988930 -0.00016432
0.22931354 0.14485833 -0.01568208 -0.01576200 -0.00661616 0.01253706
0.26320385 0.16504092 -0.06502872 -0.02019617 -0.00368914 0.01626414
0.01719644 -0.01560883 -0.02194171 -0.01266757 -0.00390936 0.02042834
-0.05102433 -0.04298518 -0.01736022 -0.00937086 -0.00677452 0.02181027
0.00517194 -0.12682732 -0.07638821 -0.00630926 -0.00172378 0.01368869
-0.05114166 -0.04649921 0.00025014 -0.01554354 -0.00421129 0.02138217
0.05632181 -0.08802384 -0.03880562 -0.00252097 -0.00433463 0.01840453
0.00995515 -0.08226682 -0.03396243 -0.00636813 -0.00574493 0.01396795
0.01230128 -0.06456948 0.01650546 -0.00685592 0.00201944 0.01230281
-0.07511980 -0.21843154 -0.01504154 -0.00146199 0.01550051 0.02948533
-0.09615281 -0.24382971 -0.01345759 0.00080940 0.01627819 0.03241937
-0.08047421 -0.26065012 -0.05124607 -0.00224717 0.01882324 0.02933145
-0.05738641 -0.23157533 -0.02951627 -0.00682478 0.01801476 0.03253093
-0.06859364 -0.28671211 -0.06524518 0.00008526 0.01772881 0.03259645
-0.00057531 -0.21769198 -0.03250387 -0.00351116 0.01686598 0.02347670
-0.05392679 -0.25413955 -0.04210810 -0.00226502 0.02062195 0.02394551
0.65296859 -0.08667567 0.04232964 0.01461322 0.02377288 0.05027631
0.76791368 -0.14586788 -0.00749104 0.02165975 0.03019527 0.05373963
0.70522651 -0.08300385 0.03439034 0.01175993 0.02958051 0.05106973
0.68802759 -0.14354366 -0.00129871 0.01037622 0.02789892 0.04690825
0.68106644 -0.10011133 -0.03173540 0.01576745 0.02517839 0.05145791
0.70390001 -0.09324477 0.03222724 0.01518168 0.02776339 0.04254898
0.63458376 -0.08164641 -0.01892886 0.01113090 0.02938218 0.05269004
0.96356630 -0.00540771 0.07660422 0.01113292 0.03822362 -0.01223521
0.95065646 -0.03146451 0.06132089 0.01483107 0.04257590 -0.01070050
0.93508326 -0.04513412 0.05668455 0.01293912 0.04412649 -0.00400396
0.85864834 0.02258285 0.07435667 0.01600084 0.04144109 -0.01850973
1.01855591 -0.01377907 0.05821515 0.03010898 0.04119685 -0.01106999
0.95811963 -0.02500831 0.00264851 0.01815057 0.04238118 -0.01015753
0.90416826 -0.02154834 0.01235962 0.02217583 0.04046747 -0.00441446
0.81924163 0.01768189 0.08671946 0.01222293 0.03456431 0.01703841
0.86886846 -0.00096048 0.04710008 0.01744092 0.03692950 0.02096760
0.84235013 0.02367817 0.08417291 0.01186111 0.03706638 0.01969709
0.77239491 0.01221140 0.05394121 0.01045994 0.03524672 0.01174775
0.85303612 0.02920228 0.03833988 0.02217410 0.03372003 0.01624897
0.84841363 0.00377886 0.05312137 0.01143009 0.03500896 0.01407608
0.77181049 0.01465354 0.00560723 0.01435255 0.03623176 0.02191654
0.98311804 -0.06484344 0.09005995 0.00137009 0.03773983 0.01099357
0.99737227 -0.07826529 0.07188613 0.00418665 0.03973045 0.01538337
0.96914873 -0.07931497 0.07164394 0.00136800 0.04201509 0.02063380
0.90024613 -0.01717527 0.07633978 0.00285975 0.03937328 0.00625935
1.03797294 -0.04263791 0.06722153 0.01661541 0.03864382 0.00936360
0.99803783 -0.06077028 0.02264053 0.00975043 0.03982295 0.01435835
0.93924977 -0.04893535 0.01203413 0.01075693 0.04104314 0.01710638
1.04639620 0.06063055 0.03585289 0.01100451 0.02438568 0.02385317
1.06050938 0.05586282 0.03872780 0.01229104 0.02905831 0.02310909
1.06174864 0.09267831 0.06192257 0.00446117 0.02947871 0.02131854
1.01794533 0.04701424 0.04782064 0.00314094 0.02351223 0.01130298
1.07786313 0.06615359 0.01918058 0.02689930 0.02454937 0.01620948
1.05480760 0.05882335 0.05126116 0.01493458 0.02792540 0.01837208
0.98954208 0.08870877 0.02298775 0.01017149 0.02762531 0.02597395
0.88006794 -0.14210896 0.18040888 -0.02372707 0.04862743 0.00753675
0.93597054 -0.17098075 0.13806950 -0.01704105 0.04902702 0.02128422
0.87350719 -0.15875371 0.09475113 -0.02284976 0.04916667 0.02510771
0.72649479 -0.07593573 0.11637639 -0.01600257 0.04986944 0.00653699
0.94986409 -0.10597493 0.11321688 -0.01839411 0.04863520 0.01514889
0.89441232 -0.14880759 0.03608744 -0.01943469 0.05190822 0.01704075
0.84749579 -0.16730757 0.00795558 -0.01249389 0.05072903 0.01984907
0.87147973 -0.17270654 0.14198346 -0.04609469 0.02663668 0.02059009
0.92834942 -0.19547947 0.11837176 -0.03662674 0.02367747 0.03017437
0.84400862 -0.19000847 0.09518762 -0.04655301 0.02482956 0.03569533
0.72072744 -0.12395595 0.09558411 -0.04463513 0.02426302 0.01722056
0.94437987 -0.14103021 0.12477479 -0.04156796 0.02265615 0.02543277
0.86101368 -0.19339094 0.01233544 -0.04019142 0.02789390 0.03007257
0.86250596 -0.20791365 -0.02230210 -0.03605635 0.03015693 0.02801950
1.03658020 -0.16510557 0.10318550 -0.05375892 0.00263502 0.01745920
1.05013795 -0.16996479 0.04522052 -0.04212904 -0.00229609 0.02139260
1.00075364 -0.20080861 0.08146550 -0.06240018 0.00089694 0.03345176
0.93946561 -0.19143336 0.10984240 -0.06170083 -0.00131332 0.01346480
1.18498638 -0.17422650 0.10672994 -0.04830253 -0.00416396 0.02396347
1.01867229 -0.21076815 -0.05259304 -0.03922221 0.00411871 0.02475268
1.07771464 -0.20540206 -0.04203077 -0.04071065 0.00836181 0.02408242
0.89479081 -0.13413644 0.10819682 -0.05021064 0.01430104 0.01841044
0.92768908 -0.15387410 0.07790664 -0.03991325 0.01027057 0.02471218
0.86921550 -0.16049715 0.10023826 -0.05404821 0.01217826 0.03242693
0.77881895 -0.12492874 0.08084754 -0.05308996 0.01015539 0.01499068
0.99112146 -0.13526544 0.12420539 -0.04512183 0.00893342 0.02174366
0.88462539 -0.18688742 -0.00684611 -0.04216121 0.01527719 0.02620259
0.90642221 -0.18727489 -0.04417419 -0.03938426 0.01904372 0.02524148
0.90988621 -0.09640955 0.13327653 -0.02871999 0.02874802 0.00977553
0.95132396 -0.10791807 0.10280859 -0.02316023 0.02653385 0.02034265
0.88984914 -0.11430655 0.09159188 -0.02967806 0.02752972 0.02179429
0.78380898 -0.05754919 0.09584939 -0.02750382 0.02669960 0.00745197
0.98045863 -0.08264993 0.11661559 -0.02186232 0.02573882 0.01457971
0.90863593 -0.12846288 0.01241783 -0.02382845 0.02869600 0.01747400
0.89666478 -0.12536183 -0.00900999 -0.02184771 0.03121412 0.01744092
0.81937797 -0.05089077 0.04588142 -0.01613577 0.01267648 0.00416459
0.79714544 -0.09912781 0.04692818 -0.00763527 0.01021635 0.00177660
0.73904410 -0.11598678 0.04711648 -0.00967735 0.01608107 0.01067028
0.71572617 -0.03457463 0.05090540 -0.01683632 0.01381257 0.00229458
0.88384442 -0.09701155 0.09545416 -0.00579645 0.01085689 0.00652744
0.79852819 -0.10821435 -0.02743194 -0.00172484 0.01326993 0.00684012
0.82690768 -0.10615126 -0.01323806 -0.01012889 0.01868585 0.00479561
0.92281476 -0.12205635 0.10404108 -0.03607971 0.01559687 0.01006410
0.94679691 -0.14386157 0.07761406 -0.02654755 0.01315031 0.01547044
0.86499028 -0.15930573 0.07820723 -0.03659293 0.01549428 0.02112406
0.78265354 -0.11884148 0.08444461 -0.03629950 0.01420461 0.00715726
0.98580487 -0.12810505 0.12171246 -0.02954866 0.01250207 0.01436409
0.89821011 -0.17438676 -0.01813891 -0.02833014 0.01743566 0.01827849
0.91627769 -0.16842380 -0.02823829 -0.02719497 0.02034212 0.01595521
1.05027862 -0.09179763 0.05864529 -0.02258122 0.00430932 0.01815176
1.05651863 -0.09312056 0.02743795 -0.01784040 0.00276613 0.01490467
1.00801244 -0.11638567 0.05766541 -0.02395329 0.00710213 0.02106026
0.97508177 -0.09904652 0.06565916 -0.02770347 0.00300669 0.00946649
1.12758994 -0.10314983 0.07913129 -0.00883785 0.00164247 0.01530734
1.05064966 -0.11859466 -0.01947341 -0.00924020 0.00503823 0.01837090
1.04724996 -0.09953126 -0.00317258 -0.01786032 0.01034421 0.01650222
1.05293386 0.15435332 -0.04074554 0.00820455 0.00431286 0.03746573
1.09434120 0.14112400 -0.00422361 0.00665328 0.01298521 0.03032374
1.16411284 0.22152163 0.00694715 -0.00049575 0.01209041 0.01961825
1.12766907 0.12451535 0.01755741 -0.00519551 0.00208539 0.01476079
1.13719441 0.14696067 -0.04216431 0.02326683 0.00581632 0.01288792
1.12891033 0.16404284 0.04845791 0.01188587 0.00987119 0.02441648
1.03890136 0.17953373 -0.00643146 0.00231480 0.01095877 0.03466053
0.43733824 0.53027317 -0.10747902 -0.05676707 -0.01816693 0.01751176
0.40745907 0.55175204 -0.05655148 -0.03333258 -0.01635504 -0.03828047
0.75581402 0.62291756 -0.02115641 -0.05487241 -0.01006474 -0.02977694
0.51959213 0.55353787 -0.01576405 -0.06716711 -0.02812012 -0.02764986
0.58299910 0.53291321 0.10163272 -0.05193440 -0.02709513 -0.07558883
0.49462397 0.49803846 0.05462632 -0.03465682 -0.01191775 -0.03154835
0.55610090 0.40159281 -0.10581960 -0.02198288 -0.02572074 -0.01372062
0.88773213 0.11637884 0.03742743 0.00938026 0.01214729 0.03648749
0.94162278 0.09987189 0.00833444 0.01657167 0.01536975 0.03946002
0.94121806 0.17615136 0.05641745 0.00373846 0.01401765 0.02949787
0.91262549 0.07806800 0.00678571 0.00067380 0.01000877 0.02838289
0.92998259 0.10773323 0.01094012 0.01854855 0.00916094 0.02991823
0.91191225 0.11041672 0.06436803 0.01228164 0.01320880 0.02682985
0.86395532 0.15122846 0.00924771 0.00527138 0.01541141 0.03678278
1.02658615 0.10395283 0.01674660 0.01538299 0.01576752 0.03758768
1.08967818 0.09231584 0.01928560 0.01823321 0.02172914 0.03880516
1.08702801 0.17422130 0.03515950 0.00736065 0.02089779 0.02971897
1.04916051 0.08019238 0.01540016 0.00378414 0.01420908 0.02316176
1.06473714 0.12159012 0.00044520 0.02729112 0.01497237 0.02645928
1.05965599 0.11880353 0.06538993 0.01723568 0.01975333 0.02762570
0.99661201 0.17506782 0.01974514 0.00851693 0.02000577 0.03865855
0.85021041 0.18064750 0.03067722 0.01542512 0.00456098 0.03885872
0.91457255 0.14081338 -0.01346559 0.02542776 0.00706464 0.03677680
0.90317495 0.23198022 0.05652496 0.01008012 0.00549028 0.02749310
0.91527410 0.12778657 -0.01049218 0.00321202 -0.00045721 0.02903124
0.89748330 0.16167082 -0.01056042 0.01891359 -0.00147424 0.02678565
0.88887319 0.15022165 0.04697097 0.01504887 0.00342976 0.02380554
0.85069932 0.17525028 -0.01846826 0.00851313 0.00730572 0.03821869
-0.10271366 0.31352736 -0.04446605 -0.01643404 0.00531168 -0.00109028
-0.13007389 0.32020412 0.01963075 -0.00920592 0.00583071 -0.01281945
0.06073468 0.28030772 0.00996587 -0.01349923 0.01120742 -0.01567471
-0.10314769 0.28050831 0.02873519 -0.01860462 0.00340408 -0.01500731
-0.00217381 0.26725093 0.12335666 -0.01198237 0.00592789 -0.03807964
-0.09932695 0.19895758 0.08956519 -0.00941517 0.01188173 -0.02182711
0.06990016 0.25060154 0.05723493 -0.00519627 0.00461018 -0.00608441
-1.03314191 -0.07482766 -0.01215220 -0.04108719 -0.06377207 -0.02363605
-1.08563215 -0.10212928 -0.05785800 -0.04449258 -0.06279683 -0.02829576
-1.07161157 -0.07510883 -0.00995412 -0.03888665 -0.06867747 -0.02815301
-1.05977133 -0.09404068 -0.03170807 -0.05155851 -0.07123073 -0.02774306
-1.09901384 -0.10137614 0.02191010 -0.05186986 -0.07164207 -0.03694133
-1.06361307 -0.08027495 -0.05941349 -0.04090607 -0.06853672 -0.02842274
-1.01528101 -0.05100946 -0.04388697 -0.03769947 -0.06664150 -0.02571400
-0.46887983 -0.12283328 0.03772802 0.00649748 0.00886997 0.01241190
-0.45793086 -0.15599465 -0.01430247 0.00592825 0.00909120 0.02085070
-0.41775081 -0.14793018 0.01724084 0.00663483 0.01097171 0.01775282
-0.38285423 -0.20247679 0.00209722 0.00513557 0.01314093 0.01742096
-0.40591795 -0.18658256 -0.00629256 0.00914409 0.01141502 0.02068916
-0.32903567 -0.15491177 0.00755873 -0.00059891 0.01073341 0.01157963
-0.39712779 -0.14977284 -0.02338201 0.00126044 0.01486332 0.00693411
0.02984184 0.01456260 0.04088876 -0.02228126 0.00465206 0.01230832
-0.01879214 -0.02564026 -0.00240272 -0.01374009 -0.00151885 0.01960679
-0.00485402 -0.11497710 -0.02368774 -0.00961527 0.00430618 0.00890452
-0.07837183 -0.04410834 0.00540645 -0.02298797 0.00482280 0.01592270
0.06701658 -0.02096225 -0.00885923 -0.01164337 0.00683562 0.01680013
0.00545478 -0.08423709 -0.03275236 -0.00747964 0.00183243 0.00911244
-0.00020340 0.00354840 0.01606999 -0.00477925 0.00787002 0.00218909
0.02972554 0.04030359 0.04104966 -0.01686438 0.00655335 0.00590118
-0.02547358 -0.00686078 -0.00328701 -0.00769403 0.00125497 0.01221622
-0.00031067 -0.08706275 -0.03165463 -0.00401177 0.00632151 0.00220697
-0.07259983 -0.00925221 0.00770687 -0.01611775 0.00709794 0.00908269
0.07489247 0.00195377 -0.01331371 -0.00425854 0.00891971 0.01109316
-0.05021070 -0.08226748 -0.01366604 -0.01426725 0.00517129 0.00753737
-0.03489572 -0.05402013 0.01271788 -0.00878627 0.00494611 0.00940401
-0.07901208 -0.17184963 -0.00935605 -0.01330082 0.00407467 0.00935087
-0.15113908 -0.15832245 -0.02209522 -0.02602572 0.00596504 0.01943717
-0.12423508 -0.15129155 -0.05520076 -0.01558238 0.00636498 0.02460466
-0.07189875 -0.19863643 -0.01574790 -0.01032534 0.00130702 0.01390944
-0.12232046 -0.11065600 -0.00359531 -0.00916409 0.00805225 0.00354672
