0.06945589 -0.01754050 0.00788468 0.01828077 0.01851048 0.00621679
0.08179225 0.00487022 -0.05273891 0.00863606 0.01922713 -0.00242022
0.11973434 -0.00231186 -0.01913021 0.01984039 0.01739556 0.00174031
0.06428746 -0.05994932 0.01138453 0.00917807 0.02189092 0.00498246
0.07583739 -0.03842182 -0.04258978 0.01617845 0.02105386 0.00023507
0.10412848 -0.01338081 -0.02139561 0.01284288 0.01783298 0.00833016
0.06899917 -0.01065680 -0.02865316 0.01986758 0.01929101 0.00576467
0.06727709 -0.08564695 -0.00234785 0.00019813 0.02841905 0.01519274
0.09440268 -0.04065599 -0.06773618 -0.01247095 0.02788892 0.01507182
0.13494602 -0.03670025 -0.03999254 0.00469247 0.02616758 0.01461483
0.08349943 -0.08558683 0.00715165 -0.01083035 0.03059046 0.01626676
0.08104403 -0.07403169 -0.04003086 -0.00549790 0.03025575 0.01023720
0.12018459 -0.04068146 -0.03238949 -0.00463827 0.02644803 0.01987975
0.07364326 -0.07614542 -0.05116898 0.00448028 0.02568154 0.01760722
0.02928149 -0.03783867 -0.00506005 0.02470824 0.03196872 -0.01410486
0.02967707 -0.02047635 -0.08657980 0.01135601 0.03434937 -0.01636508
0.10868718 -0.01287947 -0.04126408 0.02817469 0.03133674 -0.01844602
0.03208580 -0.05993266 -0.01416855 0.01819320 0.03546375 -0.01068712
0.05917606 -0.06827763 -0.03810862 0.02279920 0.03532502 -0.01944636
0.09709386 0.00226135 -0.04382929 0.02314798 0.03021689 -0.00965218
0.05723287 -0.03682522 -0.08383306 0.02802612 0.03137842 -0.01593770
0.05005140 -0.04030610 0.00168332 0.02599826 0.02808275 0.00627551
0.05305879 0.02318386 -0.04443997 0.01362957 0.03023062 0.00071124
0.11239211 0.01631417 -0.01800638 0.02821513 0.02688462 0.00066858
0.05923789 -0.03323098 0.01466002 0.01848588 0.03091562 0.00398463
0.05857287 -0.00732825 -0.03526193 0.02013135 0.03144055 0.00268679
0.10684842 0.03172335 -0.01362932 0.02256793 0.02700477 0.00772518
0.06783094 0.00366152 -0.03652463 0.03059849 0.02783161 0.00376182
0.06853322 -0.00235288 -0.00243396 0.02966923 0.02145022 0.00306324
0.06591910 0.03316069 -0.06555649 0.01761253 0.02221703 -0.00250204
0.13227132 0.04615429 -0.01828799 0.03100297 0.02008170 -0.00182706
0.09640899 0.00245826 0.00726115 0.01953292 0.02404229 -0.00097234
0.09742745 0.02512853 -0.02379218 0.02460114 0.02402427 -0.00412464
0.12415722 0.04202898 -0.01321727 0.02154501 0.02130770 0.00454131
0.10454084 0.02278282 -0.02254870 0.03349119 0.02132098 0.00332214
0.02273963 0.26015572 -0.00663160 0.03768993 0.01813937 -0.00143549
0.00087025 0.31129871 -0.04247219 0.03740546 0.01729763 -0.00476772
0.10995670 0.32405622 0.01012979 0.03597037 0.01567081 -0.00972111
0.02467647 0.27520049 0.01267960 0.03287682 0.01823271 -0.00911454
0.14381588 0.28592316 -0.02584252 0.02680788 0.02352599 0.00351759
0.18812312 0.31208273 -0.01362219 0.02262684 0.01712671 0.00047697
0.14262320 0.28227910 0.00672915 0.03189306 0.02019386 0.00505255
-0.15927505 -0.07458833 -0.01583624 0.01317066 0.02635835 -0.01506661
-0.20252153 -0.07604567 -0.11136779 0.00889956 0.02752923 -0.02625448
-0.08165624 -0.09022665 -0.04116878 0.01725652 0.02603153 -0.01287006
-0.19082129 -0.15249826 0.01024605 0.00955170 0.02737350 -0.00925666
-0.12775300 -0.10449513 -0.05855612 0.01398018 0.02782418 -0.01343681
-0.07145770 -0.07248002 -0.05493665 0.01554476 0.02427704 -0.01614878
-0.12118029 -0.11011054 -0.06479501 0.01799016 0.02775865 -0.01916225
0.21350406 0.14644380 -0.00715386 0.02758965 0.02878294 0.01423127
0.24472570 0.15116216 -0.05830315 0.02656386 0.03080296 0.00863472
0.27022183 0.17892007 -0.00544705 0.02481387 0.02934609 0.01650917
0.23021886 0.13166714 -0.00536285 0.02103164 0.03432040 0.01352002
0.28138772 0.14200587 -0.03417666 0.02460820 0.03330775 0.01595651
0.31983830 0.13321199 0.00792423 0.02230260 0.02933851 0.01654229
0.27196415 0.13213236 -0.01464295 0.02601435 0.03210088 0.01666456
0.31758159 -0.01246710 0.03387068 0.00502551 0.04833511 0.04183462
0.34610804 -0.02221102 -0.02019824 0.00401183 0.05307023 0.03330126
0.37183609 -0.02974917 0.07418185 -0.00862862 0.05104420 0.04452356
0.34702588 -0.03319114 0.01356089 -0.00092765 0.06070905 0.04111303
0.42400915 -0.01794272 -0.03010717 -0.00166507 0.05832335 0.03873917
0.42604066 -0.03064615 0.02171814 0.00269210 0.05252679 0.03751525
0.38541581 -0.00849408 -0.01618077 0.00053072 0.05467595 0.02764645
0.90331398 0.12287088 -0.00911454 0.01356725 -0.00918077 0.04525236
0.85040040 0.09578056 -0.07233937 0.02274242 -0.00919597 0.03733182
0.91465563 0.17774425 0.00541151 0.00223850 -0.00708234 0.04964942
0.85034549 0.08786852 -0.06482310 0.01758452 -0.00388759 0.04635580
0.92441298 0.02043840 -0.04955052 0.01416362 -0.00045167 0.04768905
0.99272370 0.04701017 -0.02776846 -0.00505953 0.00329608 0.03954869
0.96077926 0.10599600 -0.01752906 -0.00011368 0.00024346 0.04783449
1.30500510 0.12431124 0.06524236 0.03075491 0.11223863 0.03957458
1.35044694 0.08480419 0.07000648 0.01920532 0.12274497 0.04745266
1.38369024 0.14181330 0.06595477 0.03102965 0.11935093 0.03485407
1.36576623 0.09398003 0.10224533 0.04162026 0.13119664 0.04254976
1.38842627 0.10728193 0.00908764 0.02480737 0.12963822 0.03614112
1.39974445 0.12300849 0.01554912 0.03371019 0.12669583 0.03251662
1.34749100 0.12818947 -0.03678773 0.01747844 0.11821366 0.02273306
0.79216935 0.07225555 0.13671719 0.02348582 0.06130714 0.04042454
0.90015531 0.12772423 0.07714151 0.02583809 0.06395541 0.03455933
0.88864408 0.16578048 0.13477560 0.01730874 0.06516609 0.05291472
0.93012847 0.10897852 0.13248454 0.02765068 0.06997335 0.04063353
0.88699736 0.15333793 0.05249036 0.01700926 0.07178258 0.04017068
0.88756308 0.14413204 0.14492719 0.02915679 0.07313936 0.02113454
0.88823996 0.11977067 0.07145383 0.00863185 0.06913518 0.02076059
0.95248386 0.02287057 0.16056886 0.02241147 0.05174666 0.05759163
0.99045008 0.03766157 0.11255526 0.01490711 0.05955607 0.04781168
1.01209693 0.05600183 0.12233031 0.01460689 0.05849063 0.04974368
1.00370191 -0.01325351 0.13316796 0.03154207 0.06706661 0.06003779
1.04822628 0.02115398 0.02973566 0.01943354 0.06684788 0.05545638
1.02057196 -0.01320437 0.13562704 0.02333468 0.06676578 0.05015313
1.01649560 0.02775481 0.09123626 0.01100009 0.06128612 0.03828984
0.84861875 0.06366837 0.10224259 0.02748723 0.04889370 0.06186324
0.86096071 0.10491448 0.07976586 0.02400243 0.05377863 0.04890495
0.87755531 0.11853921 0.14781788 0.02161874 0.05274550 0.05279955
0.85847579 0.06163163 0.10705709 0.03962932 0.06155090 0.05708354
0.93336783 0.07560484 0.03870182 0.02188423 0.06385649 0.05885536
0.90249762 0.07363885 0.12815151 0.02628336 0.06618239 0.05610218
0.86581551 0.08804664 0.11445411 0.01281901 0.05723349 0.04203030
0.67688011 0.01408267 0.16577363 0.02745880 0.01202301 0.04054556
0.66848524 0.11962595 0.07518850 0.03717447 0.01058876 0.02915279
0.70747919 0.10087584 0.11656078 0.02906583 0.01402349 0.04733192
0.76999500 0.08144668 0.14367091 0.03783957 0.01932355 0.04467411
0.71799256 0.13042620 0.01675707 0.02452644 0.02032780 0.04340531
0.68770923 0.18046759 0.15408171 0.03121126 0.02378775 0.02122031
0.67872882 0.12735800 0.09077049 0.00496535 0.01977363 0.02160708
0.12031731 -0.26159225 -0.08491348 0.02798289 -0.05930116 0.08888164
0.07819707 -0.20874057 -0.08806714 0.02036907 -0.04767733 0.03606138
0.24451930 -0.20864204 -0.03022799 0.01782389 -0.05904998 0.07062811
0.16741900 -0.18135237 -0.10115159 0.01443656 -0.04809105 0.07509204
0.27074561 -0.14089723 -0.10696401 0.02119462 -0.05382974 0.06152017
0.28577520 -0.11034809 -0.05691584 0.02803887 -0.05311098 0.05476962
0.28722350 -0.04749450 -0.09108017 0.00908051 -0.04954013 0.04413496
0.25684983 -0.26174398 -0.01450127 0.01974119 0.01347146 0.06276112
0.09170568 -0.14557455 -0.03867663 0.01211923 0.02416433 0.03182632
0.21406405 -0.20469343 0.00819035 0.01836533 0.01816897 0.04427469
0.13467855 -0.23926280 0.00613212 0.02381092 0.02331666 0.05631220
0.24170799 -0.20484541 -0.03086046 0.01327896 0.02123023 0.04748847
0.21320088 -0.13740734 -0.02403460 0.02557473 0.02366446 0.05126958
0.19804813 -0.14318860 0.01604181 0.00378551 0.01611040 0.02655131
0.79799183 -0.03032346 0.03835334 0.00421156 0.06741853 0.07068976
0.71783595 0.05933011 0.02459639 0.00053586 0.07469557 0.06714521
0.79775631 0.01343419 0.06003823 0.00470280 0.07180942 0.06160043
0.76827809 0.00121827 0.05350192 0.01396511 0.08117282 0.06982270
0.80880590 0.02569765 -0.04137945 -0.00169871 0.08210540 0.06385721
0.77246107 0.03678105 0.01841989 0.00684453 0.08110161 0.06640944
0.73720761 0.04849133 0.01841552 -0.00423162 0.07114270 0.05534950
0.92422910 0.05373923 0.04665935 -0.00147446 0.08592589 0.06888169
0.86343586 0.05055549 0.03843050 0.00133911 0.09372372 0.06080611
0.89496225 0.06033822 0.08649835 -0.00762010 0.08967167 0.07259122
0.91676056 0.05961885 0.07680547 -0.00084979 0.10012388 0.06905593
0.94121277 0.07321932 -0.02498685 -0.00802296 0.10042711 0.06176949
0.90624489 0.05259044 0.08230925 0.00797552 0.09725133 0.06206249
0.88962369 0.07385179 0.01677737 -0.01117801 0.09186438 0.06043674
1.05608322 -0.02336119 0.03517145 0.02020831 0.08167934 0.07237232
0.98771811 -0.03775865 -0.01908430 0.01868829 0.09199210 0.05991288
1.02372877 -0.07901192 -0.01565860 0.01652813 0.08927128 0.06214972
1.00326821 -0.09144633 0.03161673 0.02625739 0.09720646 0.07252523
1.08030207 -0.09167596 -0.04202066 0.01825474 0.09682792 0.06023953
1.02040514 -0.06001651 0.00012394 0.02087296 0.09427851 0.05763599
0.97153269 -0.06158891 -0.06255641 0.01044943 0.08918356 0.05713028
0.77484719 -0.00374449 0.01942401 0.02360418 0.02985123 0.06267025
0.67265645 0.00541702 -0.08287576 0.03087332 0.03581393 0.04125775
0.68264671 -0.03829089 -0.08730839 0.01645284 0.03661649 0.05736559
0.65912448 -0.05109876 -0.02356897 0.02179871 0.04074741 0.06306676
0.75465329 -0.02487450 -0.12914092 0.02401971 0.04011261 0.05265093
0.70002109 -0.00189827 -0.03073982 0.02167834 0.04043464 0.04838282
0.66990860 -0.00318758 -0.08171492 0.00856488 0.03813110 0.04774482
0.62653773 -0.14571290 0.06625957 0.01900410 0.03525291 0.10496795
0.56840185 -0.08240584 -0.00399994 0.02502920 0.04619229 0.07255489
0.55453006 -0.14349947 -0.06020168 0.01056540 0.04297502 0.09739211
0.54474533 -0.16162522 0.05218525 0.01316329 0.05014187 0.10070332
0.62034667 -0.10637079 -0.07184695 0.01387007 0.04575668 0.08908638
0.57493970 -0.11516199 0.01576643 0.02275686 0.04551769 0.08857250
0.56764554 -0.07011081 -0.01514791 0.00178253 0.04329681 0.08006443
0.22091713 -0.28820500 0.01303978 0.02447006 0.02301679 0.08763261
0.16602898 -0.17290434 -0.07160717 0.01897156 0.03452336 0.05017918
0.22055939 -0.21578897 -0.07017532 0.01400565 0.03014662 0.07615442
0.17391413 -0.23921998 -0.00590567 0.01129912 0.03890138 0.07791540
0.19314809 -0.18384494 -0.06319106 0.00978356 0.03046712 0.07072631
0.21456404 -0.14227656 -0.05525071 0.03129414 0.03252012 0.06571291
0.25738209 -0.11996632 -0.06484248 -0.00096795 0.02919239 0.05401419
0.21579467 -0.15411941 -0.04288759 0.06197755 -0.02282944 0.04175393
0.14123410 -0.07758882 -0.12101014 0.05377509 -0.01596852 -0.00603820
0.17548189 -0.12676015 -0.07925001 0.05980479 -0.01979556 0.01321164
0.13087580 -0.15386360 -0.01928180 0.05726672 -0.01471396 0.01719768
0.16059490 -0.14425608 -0.08878200 0.05877101 -0.02289527 0.02100171
0.18846950 -0.06636753 -0.08315850 0.06430078 -0.01593205 0.01220402
0.21235801 -0.03761155 -0.06542218 0.04224029 -0.01478453 0.01191661
0.26122700 -0.08975709 -0.02665248 -0.00716803 0.02066354 0.05584077
0.22953486 -0.05703758 -0.08373111 -0.00789748 0.02627660 0.03960718
0.20004127 -0.09383472 -0.05970525 -0.01845702 0.02477100 0.05855029
0.15672568 -0.06599616 -0.01995751 -0.02063454 0.02990738 0.05683069
0.18860217 -0.05579468 -0.09266539 -0.01124402 0.02443184 0.05311316
0.21392511 -0.10437461 -0.05953634 -0.00132212 0.02364370 0.04988423
0.20715717 -0.05310905 -0.06177274 -0.01685201 0.02614609 0.04976865
0.20585500 -0.03522391 0.02700330 0.01555883 -0.00587900 0.01660831
0.18969735 -0.01387783 -0.04346372 0.01028975 -0.00363883 -0.00497274
0.20643365 -0.02066513 0.01437121 0.01507237 -0.00743761 0.00728888
0.16102895 -0.07204729 0.05536196 0.01017466 -0.00503011 0.01192099
0.16556151 -0.06071161 -0.00968534 0.01493606 -0.00825213 0.01123550
0.18126754 -0.08149298 0.00789769 0.01863192 -0.00451348 0.01224765
0.16174834 -0.00512808 0.00371804 0.01346128 -0.00285524 0.01506792
0.02948731 0.14737491 -0.03505026 0.01178187 -0.00512845 -0.00718868
-0.02808143 0.16762611 -0.07344351 -0.00491801 -0.00383222 -0.01505638
0.07144806 0.18028110 0.02964807 0.00329395 -0.00470144 -0.01227921
0.02500854 0.12615477 -0.02502687 0.00015142 -0.00539865 -0.01220824
0.10166588 0.12306250 -0.05879524 0.00902448 -0.00238051 -0.00667428
0.11801435 0.10908779 -0.02503889 0.00331261 -0.00411505 -0.00398948
0.08072128 0.12054354 -0.02507717 0.01360283 -0.00203400 -0.00385013
0.14989861 0.67125767 -0.06669295 0.01179744 -0.05367793 -0.08657266
0.01081352 0.73750094 -0.17927658 0.00243096 -0.05471333 -0.04356790
-0.02737987 0.73988177 -0.00392496 0.00528323 -0.04662822 -0.10903784
0.06749145 0.58023445 0.06832241 0.02312513 -0.04168796 -0.08526668
0.07908877 0.53422354 -0.11048484 0.01424121 -0.03187438 -0.07393375
0.10931892 0.54546393 -0.13226466 -0.00821963 -0.04301072 -0.03620478
0.21961130 0.51624507 0.01110981 0.00121401 -0.04595605 -0.08807477
0.05612655 0.27026769 0.01012619 0.03511610 -0.06311211 -0.05984381
-0.03811450 0.30444831 -0.06111936 0.03839449 -0.06510585 -0.09130405
0.07445463 0.20949554 0.02143221 0.02402627 -0.06277845 -0.06110842
0.02133996 0.13176312 0.07608424 0.04028210 -0.07235971 -0.07065811
0.11034313 0.14066013 0.03651455 0.05886061 -0.06401411 -0.05293120
0.14961759 0.10951906 0.05218951 0.02491705 -0.06736816 -0.06818502
0.11311998 0.10860814 0.00376348 0.03716360 -0.05201841 -0.05329605
-0.21842450 -0.12093022 0.00438974 -0.00786944 -0.01768822 0.02723918
-0.21137290 -0.05938546 -0.03464825 -0.01137162 -0.01069354 0.00397997
-0.16694769 -0.09250546 0.03327710 -0.00866122 -0.01475813 0.03316403
-0.12387189 -0.11720175 0.05432759 -0.01878611 -0.01323847 0.02870629
-0.08848739 -0.07783799 -0.01297035 -0.00347253 -0.01620340 0.01899022
-0.12891875 -0.07706932 0.02892512 0.00079411 -0.01748764 0.01064208
-0.13255228 -0.10533699 -0.03883770 -0.00915659 -0.00961978 0.01526388
0.07059109 -0.01561761 0.05392703 0.02847746 -0.02696191 0.05062159
0.07037208 0.03270412 -0.01267557 0.01652329 -0.02368350 0.02297913
0.07466215 0.00681318 0.04502930 0.03133813 -0.02792042 0.03296413
0.06323055 -0.07316420 0.08482828 0.01800048 -0.02528488 0.03457958
0.04262552 -0.01510552 -0.00040333 0.02530086 -0.02897484 0.03631949
0.06127065 -0.02137534 0.01886465 0.01912934 -0.02359711 0.04265994
0.08498260 0.02103228 0.03395712 0.02576598 -0.02422324 0.04094139
0.08158301 0.03233709 0.04843975 0.02851251 -0.01126920 0.04074900
0.10197386 0.08345682 -0.01384567 0.01601202 -0.00864212 0.02091946
0.09859274 0.10034434 0.04103815 0.03070049 -0.01078228 0.02900940
0.10509124 0.01536591 0.08959143 0.01702724 -0.00867953 0.02690154
0.08900449 0.05741528 -0.00184671 0.02077022 -0.01078578 0.03109578
0.08888477 0.05636273 0.03274681 0.01932174 -0.00737918 0.03505446
0.10842229 0.08487187 0.03265762 0.02552167 -0.00826660 0.03712220
0.01058857 0.04360613 0.00944215 0.01475900 -0.00312365 0.01395245
0.00364446 0.08790466 -0.05639330 0.00030386 -0.00188906 0.00097352
0.05177110 0.09181603 0.00955247 0.01383876 -0.00210502 0.00643463
0.02499699 0.00726833 0.06063272 0.00377714 -0.00270973 0.00818499
0.05278681 0.02854610 0.00203484 0.00820381 -0.00180190 0.00817184
0.06493570 0.04321935 -0.01864831 0.00087456 -0.00128482 0.01318707
0.05851548 0.02353364 -0.00735305 0.01438161 -0.00122566 0.01582215
0.02903675 -0.05002149 0.03600188 0.01226081 0.00213524 0.02041284
0.04433206 -0.00175496 -0.03507393 0.00167026 0.00571690 0.00813434
0.07754049 -0.00033598 0.01251029 0.01436968 0.00401527 0.01725772
0.05529316 -0.06740494 0.04992616 -0.00204057 0.00759009 0.01837741
0.04423195 -0.03522467 -0.01382399 0.00579324 0.00382891 0.01395376
0.06589133 -0.01203749 0.01021525 0.00733939 0.00522279 0.01673075
0.03684576 -0.00688493 -0.00495727 0.00871033 0.00519835 0.01895290
0.05320683 -0.01923661 0.00537088 0.01301554 0.00913354 -0.00128317
0.04190499 0.01828140 -0.06741029 -0.00335739 0.01105804 -0.00824541
0.08099332 0.02059293 0.00755158 0.01420698 0.01053836 -0.00820238
0.03322904 -0.05597760 0.02146583 0.00536129 0.01241131 -0.00130679
0.05155568 -0.03891009 -0.01913819 0.00880802 0.01092935 -0.00639792
0.06827239 -0.01486261 -0.01060464 0.00534636 0.01205882 0.00114300
0.04584393 -0.01090238 -0.01419361 0.01599453 0.01014629 -0.00037313
0.13566938 -0.01336350 -0.00799492 0.01902490 0.00268654 0.02463228
0.13126506 0.05216088 -0.10123891 0.00729436 0.00456664 0.01092321
0.16073138 0.04835454 -0.02433846 0.02145463 0.00395640 0.01751812
0.13742389 -0.02529140 0.00609246 0.00651439 0.00637290 0.01949476
0.14274639 -0.00832622 -0.04937156 0.01029925 0.00347918 0.01433026
0.17063068 0.02753794 -0.04360478 0.00951787 0.00665369 0.01838738
0.13824482 0.00157047 -0.05817759 0.01545663 0.00446364 0.02280505
0.11672738 -0.02586678 0.01076005 0.01280766 -0.00068096 0.02242875
0.12029402 0.01104812 -0.07031525 0.00046930 0.00101158 0.00722056
0.13854478 0.00093899 0.00405109 0.01483135 0.00086955 0.01339069
0.12878928 -0.06693200 0.02544616 0.00141032 0.00232507 0.01571909
0.12461151 -0.04163141 -0.02206372 0.00827106 0.00002344 0.01260389
0.13962520 -0.02260181 -0.01601788 0.00294985 0.00255329 0.01945588
0.11484451 -0.03044087 -0.01304931 0.01434573 0.00150752 0.02114087
0.08784934 0.00073625 0.00714222 0.01646499 -0.00329071 0.03003201
0.08208929 0.06275808 -0.04582621 0.00234727 -0.00040180 0.01594914
0.09793951 0.07238756 0.00528286 0.01770287 -0.00144231 0.02328575
0.11407088 -0.00013530 0.03225186 0.00244510 0.00125968 0.02265280
0.11588356 0.03054833 -0.01304059 0.00654619 -0.00192323 0.01958571
0.11455731 0.05491389 0.01246097 0.00738253 0.00111439 0.02187258
0.09599227 0.04827109 -0.00676355 0.01341195 -0.00107796 0.02840500
0.07415266 0.00878232 0.02046708 0.01433065 0.00527884 0.01069009
0.07511700 0.05151721 -0.05659820 -0.00076631 0.00664917 0.00023112
0.10635464 0.05090347 0.00298313 0.01370844 0.00736127 0.00271748
0.09039978 -0.01428602 0.03780819 0.00274948 0.00899525 0.00542170
0.09986700 0.00265516 -0.00854713 0.00804720 0.00726686 0.00343573
0.10568658 0.03532181 -0.00691140 0.00287004 0.00912474 0.00831008
0.08369644 0.01648718 0.00072147 0.01329563 0.00749673 0.01043716
0.11592877 -0.02159032 -0.01117333 0.01681918 -0.00543786 0.02741338
0.12059188 0.02059218 -0.07684228 0.00175574 -0.00395476 0.01366637
0.13659644 0.02738754 -0.00507687 0.02001803 -0.00495763 0.01819894
0.12866540 -0.05249229 0.02593863 0.00312662 -0.00258000 0.02072093
0.09539328 -0.01604605 -0.04537980 0.01357207 -0.00490679 0.01855384
0.09097145 0.03625097 -0.02406424 0.00184562 -0.00408018 0.01586505
0.09088539 0.03432989 -0.02651522 0.01961187 -0.00483049 0.01569076
0.09298960 0.01888809 -0.01865310 0.00812646 -0.00529013 0.01133152
0.04751121 0.04537872 -0.01509064 0.01113261 -0.00440127 0.00460237
0.06085388 0.06179782 -0.02232607 -0.00043228 -0.00057572 0.01644315
0.04644915 0.06126052 -0.01090731 0.02052676 -0.00728683 0.02255896
