0.09457544 0.01034292 0.00336234 0.01592555 0.00077464 0.01141590
0.07393763 0.04933242 -0.04807139 0.00153560 0.00230365 0.00073487
0.10728317 0.04103350 0.01452121 0.01784590 0.00185423 0.00235796
0.09673147 -0.01678252 0.04225616 0.00622696 0.00465210 0.00574546
0.08391427 0.00108783 -0.00898291 0.01041544 0.00210417 0.00261253
0.10182809 0.04003896 -0.01418808 0.00610553 0.00450449 0.00947051
0.07242587 0.02883575 0.00019078 0.01564267 0.00294213 0.00959881
0.07845447 0.01178067 0.02742215 0.01230487 -0.00140614 0.02331802
0.08160392 0.05592831 -0.02169128 -0.00421864 0.00036091 0.01249095
0.11999025 0.08267780 0.03129933 0.01531892 -0.00081133 0.01607473
0.09530118 0.00437908 0.08504343 -0.00000324 0.00113381 0.01608577
0.09865309 0.01767275 0.01350258 0.00503404 0.00023214 0.01502046
0.11758422 0.04836576 0.02459600 0.00176280 0.00192591 0.02168394
0.09901230 0.03315704 0.02909155 0.01193221 -0.00061611 0.02436520
-0.01480043 -0.07079043 0.02169776 -0.00114667 0.01522804 0.01393030
-0.00790631 -0.03911161 -0.04272527 -0.01476515 0.01808783 0.00724979
0.03999206 -0.02056819 0.01849442 0.00470024 0.01611730 0.01160131
0.01080659 -0.09316785 0.06478860 -0.01066062 0.02069258 0.01402291
0.00845266 -0.07530178 -0.00012216 -0.00583057 0.01751059 0.00803389
0.03392002 -0.04390133 -0.00144220 -0.00321054 0.01769160 0.01140523
0.00943091 -0.05890463 -0.02053195 -0.00065486 0.01700480 0.00964893
-0.07307745 -0.05786332 0.02143597 0.00806663 0.01553754 0.01713037
-0.04733087 -0.02564786 -0.03005888 -0.01021985 0.02083578 0.01086432
-0.01325495 -0.00771630 0.02681837 0.01269072 0.01650048 0.01257593
-0.02838305 -0.08878212 0.08361689 -0.00206958 0.02115576 0.01682265
-0.05170092 -0.07647976 -0.00813987 0.00311433 0.01838634 0.01089274
-0.02024623 -0.03865985 0.00311306 0.00486450 0.01825970 0.01756690
-0.02555138 -0.03907200 -0.00670412 0.00764239 0.01664951 0.01284136
0.08922336 0.02666504 0.01136109 0.01008925 0.00628937 0.02763737
0.06955509 0.08365667 -0.05309918 -0.00420458 0.00837174 0.01578795
0.11339667 0.09860399 0.00134752 0.01104555 0.00819567 0.02152738
0.08852828 0.02139320 0.04060592 -0.00418652 0.01058994 0.02042306
0.12756478 0.03794908 -0.02520964 0.00028314 0.00903984 0.02069613
0.12742551 0.06158898 -0.00652734 -0.00167840 0.00963139 0.02340099
0.10408710 0.04285493 -0.02119116 0.00740470 0.00755221 0.02550269
0.05898518 -0.01910480 0.05861006 0.00810117 0.00569163 0.02842281
0.08211216 0.01748880 0.00989735 -0.00735777 0.00979418 0.01627323
0.09759608 0.03352930 0.04367544 0.00728878 0.00746560 0.02685637
0.07721588 -0.04554564 0.08653513 -0.00667512 0.01139240 0.02468609
0.07830084 -0.00236805 0.00037082 -0.00143696 0.00822145 0.02478992
0.08297855 -0.02193992 0.05287452 0.00100269 0.00855244 0.02696367
0.06820621 0.01579992 0.03076959 0.00512014 0.00825064 0.02808167
0.10048236 0.08667883 0.03670816 0.01981017 -0.00567032 0.01733455
0.10004595 0.11032283 -0.03367097 0.00323918 -0.00540147 0.00474130
0.14155005 0.14412309 0.04123111 0.01747838 -0.00578547 0.00756621
0.10918928 0.06839551 0.05062618 0.00699243 -0.00459752 0.00799272
0.11951744 0.10260172 -0.00315807 0.01298659 -0.00429767 0.01122648
0.14021220 0.07668841 0.01261755 0.00299117 -0.00363315 0.01723938
0.13688042 0.08798943 0.03259885 0.01899682 -0.00451118 0.02156549
0.02234851 0.06407724 -0.00601131 0.02618332 -0.01714432 0.00129892
-0.02763018 0.09428338 -0.10220437 0.01427763 -0.01903239 -0.02053569
0.03922821 0.05319401 -0.01291071 0.02248690 -0.01649605 -0.01297259
-0.01324608 -0.01443548 0.00132021 0.01529934 -0.01779177 -0.00697810
0.04613549 -0.01409394 -0.04555372 0.02793649 -0.01800666 -0.00957653
0.06206103 0.00604298 -0.03465006 0.00874570 -0.01527527 -0.00162778
0.04824206 0.00441004 -0.00052718 0.02971830 -0.01277081 0.00103867
0.20785231 0.01358286 -0.01069791 -0.00750222 0.02122676 0.02714052
0.18306827 0.03366712 -0.05041041 -0.01356556 0.02183120 0.01883226
0.18374503 0.00511556 -0.00249281 -0.01021847 0.02291308 0.02513596
0.15987134 -0.00921989 0.01343514 -0.01993096 0.02666260 0.02276479
0.15316424 -0.01572202 -0.03859702 -0.01637388 0.02499225 0.02281652
0.19294364 -0.03065006 -0.03133309 -0.00928201 0.02384954 0.02653672
0.19708492 0.00351549 -0.02547385 -0.00881755 0.02366361 0.02834209
0.21089651 -0.43783616 -0.03353056 0.06021798 0.03574626 0.19945272
0.02493074 -0.43616064 -0.10942948 0.01697551 0.05901829 0.17964848
0.14159168 -0.53760648 0.08094938 0.06611984 0.04053639 0.15742629
0.05049650 -0.44746310 0.00090648 0.03666980 0.05618169 0.18539138
0.23693260 -0.53758003 0.03286437 0.01625570 0.05465593 0.19461908
0.18285146 -0.44763006 -0.12631495 0.05739398 0.06149456 0.20019798
0.13056149 -0.40716030 0.10050819 0.02748961 0.04026491 0.17494904
0.18970039 -0.27864683 -0.03576191 0.10556535 0.04574943 0.18704053
0.06415431 -0.13546444 -0.00192887 0.09453158 0.06807394 0.12378510
0.26020944 -0.21650292 -0.02746499 0.10247669 0.05532046 0.14953575
0.20036455 -0.16496342 -0.00112160 0.10516908 0.06833744 0.13698641
0.28017918 -0.08613450 -0.02129967 0.07825117 0.06457538 0.14905357
0.22838218 -0.07516503 -0.02043527 0.11972578 0.06925574 0.15096581
0.27883928 0.03591259 0.10478511 0.07843103 0.05700737 0.12442342
0.16483616 -0.05931173 0.04216855 0.01858956 -0.01754394 0.00913387
0.16935389 -0.02160372 -0.04619340 0.00871368 -0.01436202 -0.01677407
0.18153679 -0.05023936 0.02971900 0.01176767 -0.01545286 -0.00126881
0.15316348 -0.09805076 0.05161916 0.00790007 -0.01463052 0.00295725
0.16492337 -0.05799831 -0.01001461 0.01945029 -0.01802113 0.00004005
0.18689943 -0.06758981 0.02201069 0.01723561 -0.01291129 -0.00106002
0.14856546 0.00054213 0.00996838 0.01580097 -0.01281641 0.00307436
0.04893314 0.09940244 0.01191456 0.02121309 -0.01131191 0.00607339
0.00907964 0.15279357 -0.03341874 0.01152352 -0.00983520 -0.01294342
0.05666320 0.13677186 0.02729953 0.01903760 -0.01390050 -0.00436980
0.02481038 0.04348997 0.07198279 0.01978718 -0.01531690 -0.00312800
0.03787193 0.08128628 0.00522057 0.02343665 -0.01263854 0.00289230
0.06901884 0.06069694 0.01263652 0.01314095 -0.01303551 0.00319346
0.05733259 0.05222129 -0.00421161 0.02448402 -0.00984364 0.00542602
-0.34595493 0.27454507 0.02388108 0.03930169 -0.05244082 -0.04568067
-0.37075926 0.33709541 0.04237103 0.03053895 -0.04880807 -0.04538331
-0.31348456 0.32107104 0.03464084 0.04638361 -0.05366359 -0.06042958
-0.35691597 0.29170051 0.10450139 0.05198697 -0.05254972 -0.04930380
-0.38142852 0.33741232 -0.01392260 0.05066773 -0.04695623 -0.05027989
-0.36873110 0.22698738 -0.00140073 0.03396640 -0.04566174 -0.03692973
-0.30251887 0.36570001 0.03288857 0.04444863 -0.04376602 -0.04824128
-0.29678296 0.12261836 0.00900041 -0.01148556 0.02760884 -0.01888161
-0.33073049 0.09095770 -0.01216044 -0.03003879 0.03596951 -0.01791581
-0.24481364 0.05226015 0.09524277 -0.02621809 0.02885599 -0.00385985
-0.22058841 0.02838719 0.11063891 -0.01894884 0.03178602 -0.01327810
-0.24041617 0.03918708 0.02220914 -0.01304734 0.03466410 -0.01004849
-0.21178441 -0.00855490 0.06015588 -0.00358979 0.02735420 -0.00993423
-0.23915213 0.02775996 0.03189251 -0.01346515 0.03193447 -0.01194285
-0.21552812 0.41887891 0.02670108 0.04599375 -0.02265482 -0.04325998
-0.24228165 0.45126636 0.08415021 0.03995583 -0.01691220 -0.04794820
-0.16681068 0.40652499 0.16803481 0.04839810 -0.02322973 -0.04941018
-0.10251955 0.36716301 0.13890739 0.05735643 -0.01895474 -0.05761414
-0.15893184 0.43497358 0.09330276 0.05570531 -0.01308788 -0.03995110
-0.07214598 0.41500483 0.11265872 0.04972525 -0.01695318 -0.03338140
-0.09611437 0.44721752 0.10302934 0.05003304 -0.01601272 -0.04404862
-0.76808080 0.19468267 -0.00701922 0.01562393 -0.01681361 -0.04404679
-0.77203415 0.21176705 -0.04086434 0.02271139 -0.01653992 -0.04129975
-0.69837794 0.13054318 0.03885932 0.01004643 -0.01773468 -0.00890054
-0.67728154 0.12451424 0.04210298 0.01995034 -0.01779994 -0.03978199
-0.62342241 0.15237033 0.02749977 0.01722203 -0.01522888 -0.02744311
-0.61674125 0.14967263 0.10001009 0.03058265 -0.02199008 -0.05271693
-0.62136117 0.14028789 -0.03748768 0.01485216 -0.01054639 -0.03795931
-0.94194904 0.11911599 0.02676835 -0.00519867 -0.04146743 -0.04289411
-0.89102887 0.13753001 0.09631176 -0.01573015 -0.04058802 -0.04101204
-0.86833976 0.05552630 0.02192206 -0.00906344 -0.03996802 -0.02491911
-0.88971637 0.13014525 0.10289722 -0.00697728 -0.04679674 -0.03142448
-0.91368929 0.12889872 0.04525223 -0.00605758 -0.04669161 -0.02147700
-0.88514276 0.08831600 0.09418796 -0.00199501 -0.04231175 -0.04034301
-0.81155382 0.16952353 0.01100786 -0.00805377 -0.03763837 -0.03038121
-1.25208303 0.01055523 0.01082865 -0.00388857 -0.09140496 -0.05242522
-1.25255540 -0.03458816 0.05462809 -0.00619922 -0.09291607 -0.06489587
-1.22989185 -0.08009241 -0.05694083 -0.01367243 -0.09023083 -0.02533514
-1.23535782 -0.00921652 0.07965715 -0.00471247 -0.10299321 -0.04697684
-1.24336474 -0.03292924 0.04151716 -0.00417789 -0.09858650 -0.03024490
-1.17845841 -0.01922566 0.05904419 -0.00972642 -0.09555175 -0.06852604
-1.12265669 -0.00602413 -0.06452232 -0.00835240 -0.08229271 -0.03670595
-0.79679660 -0.02042599 -0.03584009 0.01594889 -0.09956363 -0.01304447
-0.81972040 -0.00706253 -0.01796943 0.01104888 -0.09795790 -0.04190530
-0.74464142 -0.05348629 -0.11541087 0.01512683 -0.09376123 0.00438278
-0.80725953 0.03351704 0.04208704 0.01435644 -0.10690368 -0.01829037
-0.81028797 0.00657134 -0.00413087 0.01512720 -0.10280083 -0.00474249
-0.73336057 0.03516280 -0.02770151 0.00301504 -0.09718758 -0.04384777
-0.72116613 0.06601389 -0.12390776 0.00128040 -0.08462315 -0.00563583
-0.80213040 0.04036354 -0.00470436 -0.00334118 -0.05717103 -0.04884471
-0.79723023 0.01692908 0.07557859 -0.01423151 -0.06106632 -0.05468122
-0.73128417 -0.03060210 0.02911156 -0.00395480 -0.05775298 -0.03752421
-0.75970210 0.02702483 0.06664024 0.00320808 -0.06387121 -0.04998457
-0.71511671 0.03850822 -0.00157564 0.00425568 -0.06177736 -0.03465827
-0.70024244 -0.00337132 0.05813218 -0.00135770 -0.05447816 -0.05621768
-0.64503051 0.06793014 -0.00673672 -0.00654835 -0.05205522 -0.04469118
-0.53642958 0.06584089 0.07010274 -0.02896623 0.02198409 -0.02660522
-0.58980089 0.10676629 0.19393822 -0.07341939 0.02609603 -0.00625642
-0.56071684 0.09563281 0.22680372 -0.03719813 0.02141941 -0.02902088
-0.50352935 0.08019871 0.20751126 -0.04283910 0.03866571 -0.03796670
-0.45653228 0.08365087 0.08621763 -0.01514345 0.03660574 -0.02853757
-0.40250335 -0.03597599 0.19758262 -0.02041399 0.03187292 -0.00176442
-0.34414072 0.04476375 0.26403029 -0.03072789 0.01872756 -0.05144911
0.02247800 0.45571443 -0.05286871 0.03397480 0.14768841 -0.05723781
0.02882287 0.51914811 -0.00114003 0.01916278 0.15589532 -0.03246488
0.10323471 0.52212831 0.11837625 0.01921829 0.15609816 -0.02516806
0.12722283 0.60228549 0.13088145 0.03187048 0.16600437 -0.05200861
0.07992760 0.51148701 0.07361662 0.00635973 0.16236995 -0.01780872
0.11661982 0.66471078 0.02490767 0.05652082 0.14983899 -0.03231836
0.07786226 0.57272941 0.00638156 0.01885391 0.15123848 -0.06449882
-0.85094362 0.11714715 -0.04234524 0.01911305 -0.06049583 -0.03448371
-0.81259206 0.02342068 0.07172943 0.01669726 -0.06019340 -0.05850729
-0.78010827 -0.01754427 -0.00931202 0.00850122 -0.05664121 -0.02633257
-0.75358883 0.04270427 0.07327977 0.01612435 -0.06454003 -0.04563778
-0.73250659 0.11122686 0.00955462 0.02137234 -0.05977234 -0.02650913
-0.73563814 0.08782694 0.08274264 0.00862792 -0.05805045 -0.05610103
-0.65313995 0.12863156 -0.04298621 0.01357862 -0.05095126 -0.03083054
-0.73747583 0.06968084 -0.11244766 -0.01028237 -0.06048592 -0.01084687
-0.75870939 0.07848318 -0.05352459 -0.01852224 -0.05895128 -0.02607304
-0.66015154 0.04576501 -0.03802140 -0.00736050 -0.05302096 0.00773727
-0.69219440 0.07972827 -0.01479886 -0.01723858 -0.06063579 -0.01032149
-0.65815680 0.07948709 -0.09698630 -0.02120754 -0.06218732 0.00646678
-0.62008888 0.11786342 -0.03780682 -0.01616232 -0.05427886 -0.03548698
-0.57081793 0.16750194 -0.09996113 -0.02682034 -0.05132029 -0.00671095
-1.01945594 0.04273124 -0.18340351 0.01043919 -0.07280343 -0.02898315
-1.08900368 0.03509943 -0.13363230 0.00730491 -0.07283797 -0.04164211
-0.96275620 -0.05369670 -0.16296798 0.01415873 -0.06417783 0.00612705
-1.00584827 0.02604721 -0.08891711 0.00711409 -0.07799333 -0.02313831
-0.94765380 -0.03172828 -0.11111797 -0.00624744 -0.07755136 -0.00535750
-0.94108984 0.09247042 -0.09908022 0.00342154 -0.07076070 -0.05993100
-0.91746159 0.05989286 -0.26363663 -0.01322830 -0.06162527 -0.01695831
-1.13673888 -0.04399087 -0.12019848 -0.00479069 -0.08543011 -0.02432995
-1.26552969 -0.02197756 -0.10973585 0.00914101 -0.08836941 -0.03205722
-1.08694859 -0.12429873 -0.13348747 -0.01831212 -0.07818104 0.03074448
-1.11418165 0.01670404 -0.07887224 -0.01863908 -0.08992086 -0.01099253
-1.04121357 -0.04617439 -0.06665011 -0.02419289 -0.08873042 -0.00048706
-1.00982904 0.08945141 -0.05008731 -0.00431907 -0.09350832 -0.06148435
-1.02282695 -0.00199856 -0.23848109 -0.02331401 -0.06704318 -0.01323000
-1.22558102 0.00409647 -0.04895719 -0.01049562 -0.08417574 -0.03907854
-1.25176072 -0.02511905 -0.00028227 -0.00376204 -0.08838281 -0.04472091
-1.20720625 -0.06643021 -0.06121178 -0.01064391 -0.08312176 -0.01813054
-1.18643552 -0.03592626 0.02540964 0.00434640 -0.09123430 -0.04566870
-1.16403580 -0.00788023 -0.00596152 -0.01084774 -0.08730254 -0.02134523
-1.14447437 -0.01380090 0.04411459 -0.01074031 -0.08327442 -0.05148770
-1.08681910 0.02959138 -0.06343899 -0.00957399 -0.07504496 -0.02929986
-0.85444309 -0.29390085 0.04624036 -0.01345060 0.06782453 -0.01479220
-0.92415951 -0.25308922 0.04117238 -0.00034664 0.07710499 0.00766644
-0.79943739 -0.21817662 0.02114685 -0.00462042 0.07558424 0.03961720
-0.75653493 -0.19428741 0.10797401 -0.01661323 0.08103933 0.01982066
-0.77527441 -0.12835896 0.05025753 -0.03115702 0.07585836 0.00357956
-0.75052612 -0.11292004 0.07158007 0.01594605 0.06036478 -0.02568292
-0.81336878 -0.19245423 -0.10359600 -0.02132086 0.07228603 -0.01391791
-0.32592461 -0.04839737 -0.07228613 0.00396821 -0.03204298 0.00288842
-0.40839650 -0.05118426 -0.13206110 0.01086202 -0.03382219 -0.02268489
-0.28255578 -0.10045477 -0.03891922 -0.01141719 -0.02927033 0.02636639
-0.27124897 -0.08863183 -0.05868561 -0.00747594 -0.03548320 0.00338193
-0.13144125 -0.04094551 -0.06045363 -0.00517846 -0.03181439 0.00569208
-0.12962928 0.01303722 -0.01897380 -0.00036931 -0.03567447 -0.02861289
-0.22264093 -0.09808290 -0.13168680 -0.00074143 -0.01921191 0.00538131
-0.31212159 -0.19835997 -0.06389095 -0.01774022 0.01896961 0.00034008
-0.37393425 -0.15839875 -0.11270004 -0.01754553 0.02203823 -0.00613299
-0.24894211 -0.16255539 -0.03439370 -0.01234048 0.01807392 0.00968247
-0.29104874 -0.17730705 -0.01434113 -0.02288445 0.02116764 0.01106424
-0.27939793 -0.14870697 -0.04195685 -0.01930501 0.02240481 -0.00167412
-0.21848185 -0.12152178 -0.03615238 -0.01079064 0.01470469 -0.00646237
-0.30424390 -0.16542591 -0.11275585 -0.01548118 0.02036457 -0.00952178
0.00164977 -0.25594493 -0.03214194 -0.01311137 0.04814848 0.04164288
0.03107217 -0.26714064 -0.09490675 -0.01599588 0.05834581 0.02851572
0.03165687 -0.32637965 -0.03400936 -0.00733382 0.04916661 0.03620238
-0.04080899 -0.36867552 0.04317169 -0.01495561 0.06041687 0.04710320
-0.01468282 -0.35433251 -0.07768632 -0.01804025 0.05328919 0.03963924
0.01144411 -0.32208964 -0.09038014 0.00234986 0.05036966 0.04668560
-0.00312770 -0.30861646 -0.07151534 -0.01618476 0.04870273 0.02571234
0.03421995 -0.10716672 -0.00069170 0.01200747 0.01844169 0.01333188
0.06371423 -0.06507576 -0.05805559 0.00363207 0.02046559 0.00637832
0.10897514 -0.07400978 -0.03572478 0.01465691 0.01657859 0.01089294
0.04535432 -0.10543694 0.02178808 0.00331755 0.01998182 0.01467112
0.04967796 -0.09482742 -0.03485833 0.00823566 0.02000247 0.00950276
0.08503510 -0.04758966 -0.01594375 0.01414683 0.01592712 0.01312217
0.05157077 -0.06072892 -0.04785678 0.01469994 0.01641096 0.01025712
0.02627103 -0.07189472 -0.04231678 0.00037043 0.02206158 0.00607115
0.00325425 -0.03891944 -0.10304176 -0.00931576 0.02041377 0.00461528
0.06346441 -0.05203960 -0.05359845 0.00772951 0.01960277 0.00284720
0.02865436 -0.08891311 -0.02356405 -0.00894232 0.02329042 0.00626294
0.03076995 -0.08555976 -0.05552913 -0.00297178 0.02440822 -0.00100130
0.07658357 -0.02854029 -0.07428167 -0.00837909 0.02120712 0.00909205
0.02925945 -0.07599670 -0.06916505 0.00660478 0.01990721 0.00830658
-0.00835963 -0.07856661 0.00518321 -0.00642859 0.01952031 0.02190505
-0.02102933 -0.06495555 -0.06779096 -0.01588202 0.02001591 0.01636067
0.03693233 -0.05592729 -0.03494000 -0.00383441 0.01860962 0.02317958
0.01526580 -0.11934524 0.01697704 -0.01771818 0.02306986 0.02394081
0.01789900 -0.10517092 -0.05217663 -0.01128949 0.02297506 0.01873181
0.06069809 -0.05349480 -0.01478860 -0.01404164 0.01821901 0.02505000
-0.00052905 -0.09256192 -0.02986571 -0.00506691 0.01993682 0.02435711
-0.01216955 -0.06857776 -0.00280865 0.01634125 0.03943157 -0.00873166
0.00685720 -0.03170274 -0.07036899 0.00391645 0.04196328 -0.00790206
0.06379585 -0.03689780 -0.04379890 0.01806242 0.03920471 -0.01230459
0.00586909 -0.08070758 0.01850473 0.00983229 0.04462518 -0.00382299
0.00014214 -0.07966869 -0.05201355 0.01145975 0.04304544 -0.01095836
0.04383581 -0.02569074 -0.05022041 0.01578275 0.03849796 -0.00275176
0.01069146 -0.05859754 -0.05429590 0.01647536 0.03881996 -0.01186035
-0.02298589 -0.04791604 -0.01703772 0.01177417 0.02685191 0.00049117
-0.05352349 -0.00374353 -0.08875328 0.00161386 0.02659822 -0.00403308
0.01740696 -0.00833600 -0.05066921 0.01613287 0.02569051 -0.00281175
-0.02393140 -0.06158767 -0.01214698 0.00293423 0.02890788 0.00169211
-0.02597485 -0.02585839 -0.06747235 0.01481092 0.01868445 -0.00399274
-0.04560031 0.02008526 -0.05036447 0.00429906 0.01417445 -0.00112140
-0.02529987 -0.00442658 -0.06738706 0.02276886 0.01471841 -0.00768246
-0.03248370 0.02215347 -0.03133038 0.01418079 0.00410375 -0.00594417
-0.04585910 0.04545361 -0.02015137 0.01592297 0.00846445 -0.01493805
-0.04712729 0.06577620 -0.05623148 0.00267786 0.00691524 0.00090181
-0.06161466 0.02933302 -0.03122617 0.02816427 0.00290213 0.00147678
