0.04001892 0.17692426 -0.00062103 -0.00787969 0.00293298 -0.01572230
0.12290169 0.12688395 0.01318610 -0.00398449 0.00051873 -0.01071033
0.07468072 0.07144430 -0.03567211 -0.01414427 0.00260445 -0.00856043
0.09230470 0.11913316 -0.06485902 -0.01211294 0.00084032 -0.02292366
0.16391393 0.14088182 0.07054383 -0.01038656 0.00204162 -0.01422107
0.06130731 0.18070573 0.03040019 -0.00917224 -0.00172334 -0.00936073
0.12511604 0.15753694 0.04251011 0.00013481 0.00396657 -0.01746309
0.04077897 0.18195584 0.00069990 -0.00712596 0.00341059 -0.01632724
0.12403758 0.13853678 0.01815759 -0.00333253 0.00083267 -0.01146154
0.08022139 0.08060657 -0.03058349 -0.01402186 0.00299422 -0.00949175
0.09221670 0.12832193 -0.06819660 -0.01197833 0.00093803 -0.02353431
0.15529432 0.14635066 0.07097238 -0.00995457 0.00202017 -0.01420504
0.06187875 0.18248202 0.04062327 -0.00877139 -0.00134138 -0.00946579
0.12465372 0.16660571 0.04163641 0.00124528 0.00374868 -0.01751765
0.03389106 0.17440505 -0.00096145 -0.00820562 0.00291495 -0.01526903
0.11781001 0.12547627 0.01196617 -0.00409838 0.00055795 -0.01033564
0.07318499 0.07043302 -0.03501877 -0.01398746 0.00280522 -0.00839923
0.08741654 0.11614869 -0.06160894 -0.01226415 0.00117723 -0.02271325
0.16023621 0.13853064 0.06915290 -0.01040783 0.00205928 -0.01458620
0.05975005 0.17866837 0.02736115 -0.00869284 -0.00158005 -0.00852203
0.12182320 0.15414168 0.04367796 -0.00024604 0.00415773 -0.01693565
0.04148006 0.17671254 -0.00889212 -0.01321989 0.00143227 -0.01089336
0.13691757 0.12870647 0.01390369 -0.00886946 -0.00123288 -0.00707900
0.10243502 0.07599394 -0.02971055 -0.02012734 0.00114554 -0.00279163
0.10910559 0.12045147 -0.06273183 -0.01704990 -0.00098307 -0.01892249
0.18464582 0.15939629 0.07177996 -0.01589157 0.00067967 -0.00954931
0.07858734 0.19795027 0.03841216 -0.01380902 -0.00297641 -0.00567731
0.14127489 0.17593049 0.04138612 -0.00387552 0.00270397 -0.01501979
0.13970935 0.23328843 0.02679768 -0.00205259 0.00770259 -0.02216582
0.19091124 0.18677631 0.04764422 0.00246641 0.00524124 -0.01685999
0.15656564 0.15012535 -0.02047839 -0.01057350 0.00595501 -0.01477265
0.18098922 0.18016141 -0.09572327 -0.00706482 0.00325662 -0.02895474
0.16862340 0.18832944 0.06511121 -0.00490279 0.00463639 -0.01307045
0.13380016 0.20235028 0.06084356 -0.00761849 0.00288918 -0.01763438
0.17052839 0.19772105 0.03755519 0.00906605 0.00462801 -0.02232599
1.00998349 -0.27359629 0.04241514 0.01465959 0.02447996 0.06955550
0.82317501 -0.26132595 0.06397831 0.02037406 0.03170725 0.05630154
0.89087829 -0.18036317 0.08653186 -0.00173454 0.02567446 0.07598798
0.97521983 -0.20321798 0.10313804 0.01092244 0.03365847 0.05577216
0.95128462 -0.24498403 0.08190645 0.01177075 0.03093733 0.07521780
0.83430834 -0.19699568 0.03486611 0.02226015 0.02503961 0.05297189
0.86378537 -0.20511538 0.03439987 -0.01340030 0.02926389 0.06593137
0.06769253 0.03511129 0.01750393 -0.03047044 -0.02288876 0.03238413
0.16622998 0.01066175 0.02465542 -0.03127808 -0.02018682 0.01804523
0.16623555 0.03381403 -0.03879692 -0.03818777 -0.02629369 0.03239651
0.14082999 0.00758215 -0.03642935 -0.04933972 -0.02507731 0.01228964
0.12747847 0.05248355 -0.01782775 -0.03905695 -0.02513372 0.01920934
0.09901110 0.05336484 0.00097882 -0.03882675 -0.02742584 0.01223969
0.05099855 0.07088513 -0.08317427 -0.02439935 -0.02452309 0.01582315
0.40000234 0.17791253 0.02729277 -0.01030725 0.00543649 -0.00964869
0.46108104 0.14947992 0.06357142 -0.00545013 0.00516551 -0.01024811
0.46397153 0.09338355 -0.00863172 -0.01924995 0.00379309 0.00145316
0.49466655 0.12417780 -0.05596307 -0.01644638 -0.00082000 -0.01141376
0.43771952 0.18901344 0.07694153 -0.01432243 0.00718607 0.00080156
0.42262089 0.17799651 0.07505785 -0.01412740 0.00355460 -0.00841174
0.40647913 0.17200980 0.02406719 0.00725038 0.00575234 -0.01333774
0.63466035 0.11145150 0.05253572 -0.00687791 0.01075128 0.00234181
0.67063838 0.09134515 0.09267345 0.00234682 0.01346154 -0.00447046
0.72026819 0.06076903 0.02040500 -0.01273709 0.01032574 0.01430141
0.75801514 0.04661010 -0.00100764 -0.00993696 0.00692400 0.00269570
0.66150606 0.15442358 0.07937166 -0.00747856 0.01498417 0.01473308
0.66425785 0.11454866 0.08949272 -0.00709358 0.01112813 -0.00151610
0.61444521 0.10865076 0.02120678 0.00798573 0.01297785 0.00018455
1.09571971 -0.05936211 0.10106770 0.00154094 0.02631251 0.04276919
1.03326447 -0.08371716 0.04726869 0.00726427 0.03412747 0.03210580
1.09920926 -0.03537826 0.07384399 -0.00360123 0.03014131 0.04579716
1.19391195 -0.09213095 0.10409613 0.00033974 0.03261327 0.03191750
1.13428898 -0.05543350 0.05182079 0.00069966 0.03208405 0.04531497
1.06995814 -0.04363715 0.04332905 -0.00111732 0.02694060 0.02858933
1.00312792 -0.06857212 0.03322796 -0.01007973 0.03304448 0.04006591
1.05219863 -0.14836114 0.08277243 0.00147502 0.02620583 0.05415785
0.96653894 -0.16692607 0.04398593 0.00798217 0.03344435 0.04293165
1.02319233 -0.09895235 0.08140555 -0.00711549 0.02963674 0.05931882
1.10831581 -0.15322697 0.09855244 -0.00093807 0.03308691 0.04491177
1.06769338 -0.13568562 0.05812841 -0.00135877 0.03193265 0.05822464
0.97912252 -0.10512276 0.04007614 0.00251781 0.02691876 0.03881291
0.95016144 -0.12681710 0.03146496 -0.01384253 0.03222946 0.05124578
0.90512395 -0.31671695 0.02886043 -0.00743886 0.01746354 0.08214408
0.73375143 -0.28380617 0.04897795 -0.00241023 0.02217889 0.06627951
0.77856109 -0.24032190 0.05689148 -0.02372518 0.01793367 0.08747211
0.84187023 -0.25264945 0.08908493 -0.01423042 0.02282916 0.06823452
0.83715267 -0.27866045 0.07024386 -0.01135526 0.02241830 0.08316482
0.72065011 -0.20834256 0.03938787 0.00013819 0.01583533 0.06465332
0.75673155 -0.22851355 0.03225057 -0.02428077 0.02013322 0.07218400
0.81188291 -0.34213029 0.01541803 -0.02582579 0.01276833 0.09012701
0.66917188 -0.30577842 0.04194430 -0.02025068 0.01598763 0.07368330
0.69752097 -0.27043883 0.03941808 -0.04260469 0.01254492 0.09825026
0.74952789 -0.27101405 0.07226842 -0.03319470 0.01565361 0.07913772
0.74000731 -0.30564718 0.06472903 -0.03209777 0.01728311 0.08886888
0.63971333 -0.21976007 0.03839848 -0.02033250 0.00997338 0.07359746
0.68141408 -0.23422498 0.02185444 -0.03765471 0.01510532 0.07865164
0.83956525 -0.26768094 0.03389872 -0.02701274 0.01432702 0.08117136
0.74939348 -0.25555175 0.03073944 -0.02134396 0.01847610 0.06452519
0.77643670 -0.22340983 0.04725382 -0.04047788 0.01532209 0.08548846
0.82851164 -0.23630071 0.07022862 -0.03405552 0.01719520 0.07014400
0.81306681 -0.24519587 0.04993132 -0.03442530 0.01859970 0.07899501
0.72056957 -0.16896002 0.03794976 -0.02545940 0.01223545 0.06320089
0.72827205 -0.18719623 0.01675066 -0.03352837 0.01774352 0.06977098
1.03614204 -0.05922109 0.08527767 -0.01157706 0.02152457 0.04861271
0.99303894 -0.08334110 0.04641540 -0.00524689 0.02866736 0.03638356
1.05086163 -0.05693459 0.05360669 -0.01713569 0.02516129 0.05207120
1.13471627 -0.09345275 0.09093547 -0.01248458 0.02635276 0.03636964
1.06742233 -0.06233299 0.04978571 -0.01293637 0.02761280 0.04884582
1.00839108 -0.05076517 0.03955264 -0.01423422 0.02160793 0.03438199
0.94823398 -0.06844825 0.02527555 -0.01886283 0.02804789 0.04262446
1.12825289 0.02878933 0.10217328 -0.00015241 0.02496301 0.03266845
1.07345238 -0.00671510 0.05975362 0.00443865 0.03396597 0.02351246
1.15858600 0.01531049 0.05577840 -0.00335430 0.03022656 0.03495862
1.25284106 -0.02616749 0.09880161 -0.00039392 0.03120773 0.01907201
1.16458915 0.01788225 0.05357841 0.00126182 0.03231294 0.03430068
1.12054080 0.00494437 0.04980608 -0.00625376 0.02619955 0.02075153
1.02228567 -0.01597916 0.03211036 -0.00746270 0.03266609 0.03003206
0.66527933 0.49370728 0.11556752 0.04955255 0.00281661 -0.13154495
0.62672108 0.50667051 0.24720337 0.07091756 0.00827920 -0.10708381
0.92100903 0.37324596 0.03108362 0.05688887 0.00526366 -0.08503229
0.87407321 0.40947821 -0.04576809 0.05080652 -0.00943257 -0.08061743
0.63565545 0.67679606 0.16721992 0.06752686 0.01724248 -0.08229859
0.85362948 0.49642976 0.19354392 0.06346498 0.01647382 -0.09953349
0.64928226 0.41598205 0.05401810 0.09941289 0.00792792 -0.10929326
0.67778870 0.46427503 0.10376880 0.04351453 0.00720747 -0.10638460
0.67601204 0.46140000 0.21593258 0.06088284 0.01237656 -0.09076780
0.91495767 0.35918400 0.02680161 0.04852471 0.00865599 -0.07075251
0.89644939 0.37768513 -0.05126780 0.04330439 -0.00313666 -0.06935274
0.66940442 0.60428679 0.15309038 0.05796770 0.01889884 -0.06595244
0.85138589 0.44072516 0.18029025 0.05314804 0.01750667 -0.08232996
0.66563688 0.39209805 0.04318652 0.08563446 0.01081128 -0.08973567
0.90980910 0.03811465 0.07205571 -0.01883533 0.01502874 0.04132755
0.92588276 -0.00207657 0.05169900 -0.01448771 0.01961716 0.02751435
0.94177656 0.00257408 0.01778526 -0.02193503 0.01723519 0.04180744
1.02488615 -0.00432288 0.05249824 -0.02399916 0.01575499 0.02602091
0.93687840 0.01274312 0.03902668 -0.02016135 0.01916225 0.03726799
0.90079695 0.02011886 0.03296387 -0.02418325 0.01269661 0.02648072
0.83662845 0.00577246 0.00612693 -0.01683386 0.01936175 0.03144705
0.80978304 0.50577872 0.13766261 0.05918804 0.00135348 -0.14497411
0.72383523 0.52767754 0.28010305 0.08197023 0.00846052 -0.11845288
1.09311558 0.37977099 0.03553955 0.07111228 0.00650925 -0.09848321
1.01940133 0.45089029 -0.03339221 0.05834534 -0.00967619 -0.08654030
0.74805491 0.70472389 0.17037308 0.08276924 0.02024508 -0.09550190
1.02697097 0.49257904 0.19122498 0.07343539 0.01937845 -0.11133000
0.75966798 0.38868845 0.04096655 0.11090084 0.01051455 -0.12070421
0.76510653 0.54066435 0.17163171 0.06860465 -0.00114348 -0.16902041
0.64281076 0.57977282 0.31446625 0.09390705 0.00630047 -0.13241786
1.06482938 0.41303523 0.04139171 0.07855426 0.00356203 -0.11081336
0.96272394 0.45963932 -0.03372150 0.07011505 -0.01523158 -0.09404337
0.69119938 0.78478530 0.21473283 0.09330246 0.01837580 -0.10729662
0.98124102 0.55677444 0.21562798 0.08733243 0.01868351 -0.12808666
0.71672156 0.43308809 0.09365341 0.12601675 0.00686763 -0.13891391
0.59894748 0.52937932 0.14390690 0.05947273 0.00061131 -0.15524579
0.53081207 0.53500079 0.26774496 0.08263745 0.00707138 -0.12148851
0.86488247 0.40377475 0.03304247 0.06634191 0.00293278 -0.09895788
0.79395249 0.42254888 -0.05024426 0.06380380 -0.01346298 -0.08962130
0.56396678 0.73679328 0.21501241 0.07896593 0.01601726 -0.09526640
0.78461282 0.54132733 0.19721663 0.07740976 0.01664099 -0.11545391
0.58818288 0.45118324 0.10332701 0.11406723 0.00544880 -0.12655811
0.34314349 -0.14057811 0.02978218 0.04762644 0.02597268 0.00892088
0.19573914 -0.14267646 0.05085452 0.04397527 0.02763424 0.00834644
0.24651894 -0.10870757 0.01713611 0.02176932 0.02208658 0.01494839
0.21420425 -0.08168462 0.09896907 0.02577201 0.02857516 0.00518223
0.28576747 -0.13421421 0.10171100 0.03927648 0.02682914 0.01217671
0.20031983 -0.09628720 0.05018693 0.03463363 0.02079873 0.00362142
0.23244172 -0.08998418 0.04742286 0.02660224 0.02169045 0.01869819
0.52240103 0.06198209 0.07440589 0.05285531 0.02373387 -0.03188336
0.41199140 0.04422920 0.11031448 0.05946985 0.02966715 -0.02181440
0.52082442 0.05080567 0.04280927 0.03914483 0.02363808 -0.01499987
0.50366193 0.06357844 0.06851799 0.03967959 0.02581967 -0.01724502
0.50214212 0.11436164 0.11941360 0.05264936 0.02944848 -0.01156906
0.46543296 0.08946357 0.07799605 0.04698191 0.02577971 -0.02537458
0.43482572 0.06330424 0.06562638 0.04951963 0.02368438 -0.01482158
0.07617660 0.10122030 0.04741284 0.05675674 0.02763071 -0.04731617
0.03542277 0.06757716 0.07140113 0.05977513 0.03081033 -0.03562790
0.07197877 0.09331583 0.00743512 0.03726355 0.02527111 -0.03799622
0.02272508 0.10105493 0.03894062 0.03654620 0.03017952 -0.04059498
0.11666348 0.12962416 0.11840697 0.05031639 0.02808935 -0.03699553
0.01385969 0.12646680 0.07268632 0.03947344 0.02355036 -0.03769927
0.03739412 0.11042514 0.04941643 0.04969054 0.02356539 -0.02467795
0.09384096 0.32069162 0.03645771 0.02567523 0.01039217 -0.06693728
0.16144706 0.28882481 0.10824879 0.03625983 0.00974743 -0.05154946
0.19415105 0.24158727 -0.00789171 0.01963926 0.00668583 -0.04662102
0.16156154 0.24302369 -0.07415577 0.02273224 0.00392830 -0.05190038
0.16733587 0.36147743 0.11939447 0.02546401 0.01068308 -0.04423347
0.13477762 0.31446554 0.12159498 0.02277991 0.00870766 -0.04792277
0.15670959 0.30710191 0.06805145 0.04286494 0.00758235 -0.05254981
-0.74980378 0.11862222 -0.00304117 0.04178544 0.00259297 -0.06379383
-0.67675442 0.08922181 0.01654795 0.03525718 0.00591675 -0.05669241
-0.65530621 0.11587637 0.00078114 0.01892290 -0.00136422 -0.06483396
-0.76346539 0.09151330 -0.03807529 0.01626769 0.00673111 -0.06958954
-0.65656029 0.12554025 0.01005817 0.03256975 0.00156505 -0.06578981
-0.74327834 0.08369072 0.00998346 0.01584607 0.00023147 -0.05651751
-0.73044069 0.13705258 -0.06358571 0.04012603 -0.00448440 -0.05109416
-0.92002176 0.13866354 0.03601037 0.01146770 -0.01906231 -0.05055793
-0.85818090 0.08411163 -0.03314261 0.01394258 -0.01494932 -0.05294456
-0.87423541 0.08156307 -0.03833998 -0.01129508 -0.02312029 -0.05094751
-0.92332460 0.05869029 -0.03833507 0.00060704 -0.01038851 -0.06260759
-0.84676616 0.09547905 0.04161067 0.00522804 -0.01806311 -0.05840325
-0.89299433 0.06143755 -0.01484479 -0.00988152 -0.01465375 -0.05045662
-0.90424344 0.09101118 -0.07688783 0.00960115 -0.02165430 -0.04712380
-1.18552424 0.06473036 -0.01040287 -0.02485351 -0.06375376 -0.03685481
-1.01316594 0.01708659 -0.09949309 0.00219102 -0.06155281 -0.04132599
-1.08123526 0.04295182 -0.11265147 -0.02417304 -0.07065577 -0.04043617
-1.07450359 -0.08444515 -0.06846483 -0.01061780 -0.05243936 -0.04133678
-1.05152488 -0.01113919 -0.05042377 -0.00289067 -0.06262767 -0.05567610
-0.99569656 -0.04478091 -0.14494511 -0.01099349 -0.04949681 -0.04804204
-0.99066906 0.04768473 -0.19289510 -0.02108605 -0.06225573 -0.04560360
-0.96670404 -0.03215382 -0.00244524 -0.00763048 -0.02694300 -0.00728530
-0.83414555 -0.05912128 -0.04166271 -0.00448735 -0.02233541 -0.01648850
-0.87789692 -0.05121219 -0.02231603 -0.02351743 -0.02890921 -0.01336442
-0.92962630 -0.09793212 -0.02025796 -0.02853200 -0.02043186 -0.01760102
-0.82937479 -0.06426119 -0.02533040 -0.01910431 -0.02346468 -0.02606613
-0.83631992 -0.09534949 -0.05319546 -0.01996845 -0.02478426 -0.01006610
-0.85031576 0.02948623 -0.07351819 -0.00312916 -0.02744948 -0.01216121
-1.27664194 0.02825179 -0.00380530 -0.00854146 -0.04207615 -0.03249997
-1.11063242 -0.00895860 -0.06166629 0.00744707 -0.03759403 -0.03925535
-1.16051421 0.00041110 -0.05678118 -0.01627843 -0.04560347 -0.03740941
-1.18386433 -0.09192065 -0.03825164 -0.00834279 -0.03002024 -0.04057056
-1.12637609 -0.00873000 -0.03418166 -0.00311692 -0.03772631 -0.04693928
-1.09872870 -0.06559063 -0.09441778 -0.01151485 -0.03151818 -0.03675150
-1.11939989 0.05270401 -0.12305910 -0.00774779 -0.03997017 -0.03491594
-1.31963030 -0.02167566 -0.00580715 -0.01693711 -0.04742565 -0.01349766
-1.15969159 -0.05561735 -0.06762836 -0.01156854 -0.04139851 -0.02679244
-1.20368838 -0.05928430 -0.06665729 -0.03265887 -0.05102124 -0.02205568
-1.24233909 -0.12301751 -0.04614693 -0.02780979 -0.03647511 -0.02777621
-1.18540198 -0.04766640 -0.01468301 -0.02496192 -0.04465144 -0.02954136
-1.16596557 -0.09115495 -0.06583076 -0.03183319 -0.03993177 -0.02116052
-1.21053971 0.03651609 -0.11856562 -0.01776688 -0.04559531 -0.02071124
-1.23952828 0.00277424 -0.00406423 -0.00966389 -0.03931113 -0.02284743
-1.09380908 -0.03436060 -0.06347770 0.00026745 -0.03488083 -0.03168559
-1.14335947 -0.03678518 -0.06907091 -0.02371853 -0.04277074 -0.02818249
-1.17432676 -0.09540674 -0.03956355 -0.01544655 -0.02764645 -0.03237321
-1.11064509 -0.03256484 -0.01515031 -0.01186112 -0.03542267 -0.03576803
-1.09095789 -0.07064592 -0.06811520 -0.02018132 -0.02996894 -0.02805382
-1.11909442 0.03673857 -0.10250574 -0.00989227 -0.03778059 -0.02787414
-1.10103138 -0.03137797 0.00102704 -0.01079635 -0.02029161 -0.01039177
-0.97028553 -0.04669567 -0.03990959 -0.00381370 -0.01671140 -0.01983154
-1.01983592 -0.04609753 -0.02840355 -0.02776568 -0.02279903 -0.01620886
-1.04786813 -0.10648795 -0.01315296 -0.01856905 -0.01072242 -0.01787968
-0.95772162 -0.03371663 -0.00872640 -0.01736323 -0.01379278 -0.02371799
-0.94834492 -0.09063079 -0.03740706 -0.02270366 -0.01204480 -0.01355853
-0.97834691 0.02413757 -0.05707979 -0.00884613 -0.01871507 -0.01204640
-1.20849200 0.01471551 0.00658112 -0.01201245 -0.03078008 -0.01671235
-1.08189121 -0.02106693 -0.05222767 -0.00529507 -0.02488626 -0.02862402
-1.11653224 -0.02039843 -0.04983396 -0.03369831 -0.03399607 -0.02427443
-1.16787113 -0.08305692 -0.03034942 -0.02051456 -0.01885884 -0.03043838
-1.08397804 -0.01020095 0.00266044 -0.01956951 -0.02579122 -0.02993475
-1.08563401 -0.05865293 -0.03489883 -0.02834350 -0.02248467 -0.02542430
-1.12454437 0.05102750 -0.09680502 -0.01080955 -0.02967805 -0.02231779
-1.26400143 0.03328936 0.00442671 0.00399446 -0.03907787 -0.03875270
-1.10948190 -0.00800340 -0.05938549 0.01437565 -0.03390376 -0.04475203
-1.14974067 0.00258576 -0.04922654 -0.00700439 -0.04290690 -0.04449330
-1.18703350 -0.07819151 -0.03493420 -0.00484535 -0.02823388 -0.04883363
-1.12640083 -0.00380512 -0.02552332 0.00297985 -0.03641104 -0.05380560
-1.09956928 -0.06019672 -0.08191105 -0.00518601 -0.03235921 -0.04161099
-1.13783799 0.05370465 -0.11958068 0.00342295 -0.03877533 -0.03893593
-1.32042751 -0.01411641 -0.01709013 -0.02226944 -0.05758933 -0.01965506
-1.13747276 -0.04763742 -0.06993187 -0.01319398 -0.05334648 -0.02808744
-1.19582251 -0.04518312 -0.06971642 -0.02606287 -0.06200267 -0.02369907
-1.20723151 -0.12259302 -0.05658794 -0.02536508 -0.04844717 -0.02934868
-1.17336571 -0.03953877 -0.04693391 -0.02026367 -0.05663921 -0.03536523
-1.13008976 -0.08783898 -0.10599386 -0.02620233 -0.04960080 -0.02214527
-1.15631707 0.03766355 -0.12657175 -0.02340841 -0.05624639 -0.02669472
-1.08536512 -0.10768484 -0.01723929 -0.03503120 -0.04962300 0.01278130
-0.92438325 -0.13016270 -0.05317616 -0.02967111 -0.04453627 -0.00076704
-0.98565057 -0.12043958 -0.03643764 -0.03858295 -0.05244746 0.00591805
-1.00731336 -0.18276036 -0.02368834 -0.04678011 -0.04507717 0.00262064
-0.93594015 -0.12521888 -0.05256620 -0.03834952 -0.04800327 -0.00890949
-0.91371678 -0.14743024 -0.08792859 -0.03714941 -0.04569349 0.01095798
-0.93252212 -0.00854731 -0.08793530 -0.02827801 -0.04954474 0.00243942
-0.71410306 -0.15113272 -0.03808498 -0.03323091 -0.00003857 0.04224865
-0.63427694 -0.10740839 -0.02788417 -0.04988998 -0.00027941 0.02303533
-0.65907560 -0.09631746 -0.01811253 -0.06306280 -0.00368558 0.03325815
-0.73002405 -0.05217993 -0.05797727 -0.06271880 0.00099021 0.03238258
-0.64696565 -0.07534002 -0.04046142 -0.05967276 0.00187564 0.02996401
-0.66018291 -0.05317843 0.04476768 -0.05521559 -0.00054839 0.03875673
-0.67876004 0.00387190 -0.04424728 -0.03435382 -0.00010138 0.03139668
-0.51822320 -0.25802134 -0.08568645 -0.04599763 0.00339968 0.05919199
-0.42787462 -0.16495809 0.01425222 -0.06488059 0.00466204 0.04049693
-0.41151334 -0.17862659 0.05340587 -0.06876781 -0.00011431 0.04323589
-0.55306152 -0.12530581 -0.00957355 -0.07342205 -0.00045185 0.05473576
-0.48542164 -0.14501045 -0.08596919 -0.06891535 0.00156324 0.04342813
-0.51951382 -0.11690204 0.04818344 -0.06432610 0.00239349 0.05764561
-0.49258403 -0.02769247 -0.03010220 -0.04601313 -0.00132559 0.04419122
-0.59840895 -0.09959143 -0.02756723 -0.02445429 0.00143905 0.03057146
-0.52311979 -0.05562112 -0.01830286 -0.03357183 0.00064721 0.01625946
-0.54165177 -0.05718665 -0.01764689 -0.05028123 -0.00240531 0.02570593
-0.59938882 -0.01743386 -0.06834710 -0.04958735 0.00162211 0.02091394
-0.52491415 -0.04495577 -0.03169601 -0.04467030 0.00231202 0.01973244
-0.53223707 -0.02029336 0.03701471 -0.04169956 -0.00083301 0.02955760
-0.54099604 0.03063941 -0.02161692 -0.02318316 0.00179478 0.02181195
-0.17859329 -0.11234703 -0.05994576 -0.03560057 0.00172047 0.02374263
-0.17208826 -0.06337970 0.00511266 -0.03918164 0.00029566 0.02060512
-0.13696639 -0.10964800 0.00763408 -0.03669453 -0.00041333 0.01924627
-0.22611020 -0.06189340 -0.02310010 -0.03878939 -0.00233388 0.02192186
-0.16608775 -0.10114189 -0.07173512 -0.03297499 0.00107139 0.02070591
-0.19956326 -0.06909954 -0.00965547 -0.03617926 -0.00074868 0.02782938
-0.14545495 -0.04454921 -0.04127001 -0.02917708 0.00249157 0.01513036
0.04969074 -0.03243987 -0.00701726 -0.01371071 0.00262440 0.01199885
-0.06990655 -0.06073471 -0.02594529 -0.01358923 -0.00168626 0.01637872
-0.02119748 -0.07892242 -0.06866393 -0.01024987 0.00073863 0.01434165
-0.06282791 0.00329617 0.00585823 -0.01524090 0.00155131 0.01420884
0.02527790 -0.06907070 0.02046807 -0.00669039 0.00105589 0.01544753
-0.03005644 -0.00844330 -0.01768843 -0.00627179 -0.00184826 0.01013175
0.01218521 -0.06765501 -0.03849234 -0.00963507 0.00341365 0.00617651
0.06536666 -0.17882433 -0.06454820 -0.03490219 -0.00206430 0.03987971
0.06233990 -0.10422362 0.01356076 -0.02976522 -0.00394070 0.03781156
0.07617528 -0.19001160 -0.00876412 -0.03424701 -0.00388126 0.04020714
0.00377330 -0.08901649 0.02203491 -0.03834679 -0.00738104 0.03672894
0.05714647 -0.19425243 -0.03520998 -0.03197460 -0.00467690 0.03446525
-0.01181265 -0.09733993 -0.02640886 -0.03597100 -0.00963768 0.03958381
0.05894712 -0.08437576 0.04171437 -0.02760172 -0.00051874 0.02902806
0.05267806 0.14738990 0.00218065 -0.01383250 0.00185706 -0.00487059
0.12930855 0.10413343 0.00347389 -0.01070267 -0.00132164 -0.00282831
0.07247219 0.04596974 -0.04067579 -0.01932639 0.00155495 -0.00099600
0.09457675 0.11238030 -0.06019996 -0.01890233 -0.00078830 -0.01436428
0.15844189 0.09935565 0.05935713 -0.01585881 0.00053380 -0.00686652
0.06323148 0.15456355 0.02580656 -0.01518430 -0.00323107 0.00000318
0.12647504 0.13272674 0.03242981 -0.00503456 0.00258216 -0.00966175
0.11080263 0.29576877 0.00678622 0.00525777 0.00339883 -0.05158795
0.19259857 0.26152967 0.09769096 0.01524815 0.00190730 -0.03931552
0.21471599 0.18707756 -0.01331640 -0.00299890 0.00030942 -0.03220762
0.19027185 0.20436928 -0.08345308 0.00402488 -0.00388273 -0.04438714
0.19816216 0.34550153 0.13629144 0.00410793 0.00455738 -0.03273044
0.16621806 0.30145740 0.11107637 0.00708696 0.00240346 -0.03667230
0.18542780 0.29744338 0.06925080 0.02266868 0.00331464 -0.04594299
0.02029179 0.22797475 -0.02388609 -0.01451026 0.00422216 -0.01724559
0.13844971 0.20385975 0.04555779 -0.01056122 0.00091333 -0.01484217
0.13515970 0.18617351 -0.00724662 -0.02990113 0.00173394 -0.00579531
0.09958553 0.19845888 -0.10307773 -0.02274153 -0.00135529 -0.02469256
0.16398560 0.24287473 0.07773948 -0.02178357 0.00360356 -0.01080358
0.07619418 0.25985494 0.11668624 -0.02011647 0.00155212 -0.01278280
0.13839730 0.28044723 0.00592431 -0.00023383 0.00268641 -0.01964982
-0.29357972 0.04707495 -0.04213674 0.01584391 0.02015927 -0.02944492
-0.23272818 0.07378701 0.05968367 0.00945870 0.01844178 -0.02376618
-0.16295303 0.07138901 0.03528781 -0.00010034 0.01713364 -0.03386657
-0.29884832 0.06994377 -0.01213321 0.00181165 0.01781265 -0.03048134
-0.19133076 0.05645249 -0.00342368 0.01296844 0.01815512 -0.02716133
-0.29151568 0.07643306 0.02182632 0.00190893 0.01712450 -0.01915026
-0.22356061 0.10407497 0.04068672 0.01816287 0.01506800 -0.02074584
0.05392587 0.09456652 0.01437576 -0.00728645 0.00429057 -0.00490832
0.08797903 0.05435520 0.00005847 -0.00270188 0.00197655 -0.00068039
0.02553614 -0.00203118 -0.04123612 -0.00968083 0.00464938 -0.00270053
0.03930883 0.07860973 -0.02271960 -0.01105102 0.00137720 -0.01026436
0.07542519 0.01521988 0.02700208 -0.00343885 0.00143705 -0.00634925
0.02509168 0.07023267 0.00673780 -0.00734039 -0.00165427 0.00108008
0.07230866 0.05799295 0.05073844 -0.00037426 0.00420779 -0.00512352
0.05810165 0.15775669 0.00905529 -0.00960589 0.00314522 -0.01084716
0.12570033 0.11727398 0.01010215 -0.00560536 0.00020087 -0.00717610
0.06635102 0.06011070 -0.04065040 -0.01464370 0.00257821 -0.00508996
0.09122798 0.11962313 -0.06158031 -0.01412620 0.00059640 -0.01900598
0.15535609 0.11008672 0.06213570 -0.01100518 0.00180316 -0.01151847
0.06182894 0.15928516 0.02703626 -0.01099390 -0.00209812 -0.00496461
0.12151496 0.13747762 0.03280885 -0.00125403 0.00374726 -0.01305673
0.02289729 0.18659486 -0.00920128 -0.00843505 0.00347569 -0.01552412
0.11928475 0.14424698 0.01704595 -0.00527054 0.00055973 -0.01134003
0.08389192 0.09251053 -0.01943093 -0.01667132 0.00277928 -0.00856250
0.08535939 0.13608339 -0.07478084 -0.01381953 0.00075415 -0.02323360
0.15762515 0.16017279 0.07165547 -0.01228999 0.00162295 -0.01320546
0.05356154 0.19979442 0.04771053 -0.01091221 -0.00120040 -0.00917261
0.12300285 0.18800803 0.03615489 0.00029576 0.00348285 -0.01740375
0.02577693 0.17396297 -0.00050318 -0.00617566 0.00361168 -0.01444084
0.11308862 0.12603808 0.00910683 -0.00241451 0.00120247 -0.01055966
0.07007148 0.07908511 -0.02985871 -0.01285513 0.00316243 -0.00928674
0.08198651 0.12729777 -0.06485628 -0.01146576 0.00161676 -0.02173989
0.15623848 0.13900410 0.06571072 -0.00870712 0.00227318 -0.01355748
0.04727274 0.18129217 0.03955673 -0.00878246 -0.00118672 -0.00826504
0.11642824 0.16680952 0.03647231 0.00174598 0.00398799 -0.01555220
0.02092483 0.20646006 -0.00454022 -0.00229383 0.00517990 -0.02411919
0.11165992 0.16253691 0.02467695 0.00160318 0.00250389 -0.01812398
0.07886447 0.11669506 -0.01973614 -0.01101749 0.00415075 -0.01595947
0.08481644 0.15071264 -0.08235354 -0.00801478 0.00241275 -0.02995977
0.15210696 0.17871207 0.07877487 -0.00605920 0.00360290 -0.01869260
0.05047548 0.20687908 0.05973522 -0.00559145 0.00077731 -0.01611896
0.12104214 0.20285644 0.03999898 0.00631097 0.00479175 -0.02205307
0.02515179 0.20747881 -0.00126170 -0.00097135 0.00480738 -0.02387099
0.11464065 0.16148036 0.02432964 0.00325632 0.00238132 -0.01754770
0.08081971 0.11245922 -0.01940686 -0.00881892 0.00390353 -0.01585098
0.08436425 0.14777169 -0.07717640 -0.00623762 0.00245072 -0.02967691
0.15288335 0.18052317 0.07844030 -0.00428290 0.00307501 -0.01922995
0.05247152 0.20813150 0.05461482 -0.00341143 0.00024077 -0.01580784
0.12056265 0.19976016 0.04217491 0.00713000 0.00459232 -0.02252005
0.03220000 0.16823847 -0.00028871 -0.00862895 0.00326519 -0.01277655
0.11744210 0.12151811 0.00969141 -0.00543722 0.00080201 -0.00908547
0.07428475 0.07021931 -0.03409610 -0.01543243 0.00298181 -0.00707042
0.08513832 0.12087660 -0.06088551 -0.01402666 0.00125991 -0.02083810
0.15843932 0.13146410 0.06679099 -0.01162635 0.00200846 -0.01270225
0.05284359 0.18064091 0.03115518 -0.01104721 -0.00170849 -0.00676577
0.11793141 0.15509411 0.03718806 -0.00068839 0.00382951 -0.01462202
0.03270498 0.18232409 -0.00078128 -0.00582292 0.00374121 -0.01788631
0.11744943 0.13408985 0.01451606 -0.00223945 0.00132931 -0.01272450
0.07465045 0.07886402 -0.03125537 -0.01258724 0.00335247 -0.01095314
0.08726764 0.12470349 -0.06652875 -0.01071923 0.00168466 -0.02491667
0.15709277 0.14630018 0.07136736 -0.00875546 0.00244408 -0.01584897
0.05612466 0.18451048 0.03568739 -0.00753885 -0.00097424 -0.01092586
0.12083015 0.16458273 0.04251888 0.00216717 0.00428034 -0.01842253
0.05155656 0.15863057 -0.00139971 -0.01269960 0.00185965 -0.00819107
0.13233392 0.11504078 0.00594717 -0.00909084 -0.00117635 -0.00483229
0.07603562 0.05227634 -0.03537199 -0.01849175 0.00128457 -0.00216650
0.09686128 0.11307705 -0.06430194 -0.01651922 -0.00086219 -0.01626707
0.16652398 0.12180174 0.06138958 -0.01461503 0.00054881 -0.00800883
0.08305579 0.15019202 0.02221956 -0.01001000 -0.00026902 -0.00656062
0.12667846 0.11447249 0.01826087 -0.00295344 0.00178685 -0.00839743
0.05951928 -0.01981018 -0.05675683 -0.00841715 0.00321095 -0.00338430
0.08851485 0.08580701 -0.02601517 -0.00761001 0.00039846 -0.01475917
0.11111779 0.04522416 0.04911842 -0.00320444 0.00033161 -0.00824479
0.06388039 0.07940216 -0.01406997 -0.00675530 -0.00308430 -0.00426883
0.11053030 0.05803000 0.07240168 -0.00019782 0.00378730 -0.01224662
