0.13110629 0.00608465 0.01813855 0.02252683 0.00470322 -0.00348629
0.13156136 0.03416982 -0.04302741 0.00973643 0.00438309 -0.01100711
0.18155579 0.02905159 -0.02309906 0.02165132 0.00309467 -0.01313512
0.11506160 -0.01097400 0.02586958 0.01429183 0.00550612 -0.00450230
0.13799287 -0.00392458 0.00354265 0.02170424 0.00534295 -0.01267478
0.16567660 0.03326537 -0.01428982 0.01272451 0.00523253 -0.00072485
0.14539064 0.01329992 -0.01392222 0.02777360 0.00545399 -0.00242191
0.08583044 -0.00488810 0.02836741 0.01405873 0.01235046 0.00579875
0.11055399 0.02457778 -0.03826578 -0.00008166 0.01128774 -0.00200741
0.16367871 0.02191893 -0.00644544 0.01703681 0.00889004 -0.00788650
0.09208757 -0.03208130 0.04147398 0.00780733 0.01239719 0.00332448
0.10084878 -0.03596323 0.01889812 0.01140163 0.01287472 -0.00326473
0.12499316 0.00434602 -0.02126205 0.00309941 0.01194387 0.00986764
0.13468570 -0.02292435 -0.01630173 0.01909067 0.01003117 0.00676698
-0.00330733 -0.21085339 -0.01680816 -0.02125507 0.02947408 0.02077112
0.03943136 -0.17174514 -0.07277117 -0.03610320 0.03316075 0.02048797
0.06587711 -0.18860044 -0.03142623 -0.01872273 0.02763304 0.02136686
0.01336086 -0.21291059 0.00572474 -0.03523883 0.03489114 0.03133276
0.00273977 -0.21289766 -0.02291861 -0.02570837 0.03172897 0.01481894
0.05316073 -0.17840903 -0.03604661 -0.02575126 0.02829975 0.02544193
0.02256720 -0.20137075 -0.07982146 -0.01944938 0.02648620 0.01489157
0.13356297 -0.03230408 0.03375412 0.02111450 -0.00343348 -0.00016131
0.15173489 0.01980782 -0.02058819 0.00821357 -0.00534390 -0.01028071
0.16677652 0.01043293 0.00120250 0.02096223 -0.00567488 -0.01295677
0.12767178 -0.04138357 0.03071762 0.01446753 -0.00424724 -0.00232959
0.11992916 -0.02425815 0.02117150 0.02208344 -0.00383638 -0.00797575
0.14116092 0.00901593 -0.00153394 0.00995591 -0.00292900 0.00438293
0.14767903 -0.00426134 0.00180676 0.02994717 -0.00332034 0.00280561
0.07455711 -0.06914116 0.00930197 0.01716744 0.00088561 -0.00249570
0.07687653 -0.01459993 -0.04750919 0.00232722 0.00026760 -0.01023765
0.12045815 -0.01613403 -0.01894967 0.01622599 -0.00051829 -0.01307655
0.08101600 -0.05186257 -0.00030577 0.00730186 0.00176543 -0.00290015
0.08622771 -0.04115075 -0.00107598 0.01475331 0.00172082 -0.01058678
0.11951644 0.01020333 -0.01288354 0.00562631 0.00166016 0.00158144
0.09149990 -0.03119404 -0.01740819 0.02533264 0.00109981 -0.00083860
-0.03313183 -0.13982667 0.01310812 0.00956805 0.01337150 0.00877862
0.00797099 -0.09305844 -0.03001576 -0.00526287 0.01339894 0.00388790
0.03011289 -0.09916066 -0.02538118 0.01660686 0.01006160 -0.00260871
-0.02257793 -0.17748779 0.05771198 0.00446448 0.01412309 0.01056022
-0.05428401 -0.15818253 0.00836605 0.01115389 0.01233420 0.00153812
-0.00741063 -0.08916909 -0.02099791 0.00352779 0.01217813 0.01610430
-0.01212457 -0.11363839 -0.02399503 0.01618576 0.01098130 0.00665715
-0.01747367 -0.16667180 -0.00462468 -0.01687638 0.02734709 0.01134884
0.02098409 -0.12583523 -0.03460735 -0.03314484 0.02796145 0.01413816
0.05693418 -0.12215391 -0.01421426 -0.01163092 0.02502067 0.00542330
-0.00784877 -0.17422218 0.03051612 -0.02680898 0.02986593 0.01903795
-0.01930695 -0.18068274 0.01123102 -0.02118155 0.02964075 0.00659042
0.01682711 -0.13011253 -0.02352539 -0.02202911 0.02608321 0.01882361
-0.00011125 -0.17728511 -0.04913396 -0.00972562 0.02444054 0.01273838
0.07681561 -0.03375996 0.03093550 0.01844931 0.01796029 -0.00361774
0.08592858 0.00415554 -0.01215875 0.00626851 0.01955569 -0.00939118
0.14867271 0.02356063 0.00165268 0.01579312 0.01697455 -0.01471573
0.08956956 -0.01788723 0.03647908 0.01139080 0.02101841 -0.00253924
0.09127018 -0.00565036 0.02403340 0.01574360 0.02047796 -0.01072725
0.12872128 0.01090130 0.00993800 0.01148321 0.01878847 -0.00022335
0.09617343 0.00199917 -0.00273989 0.02189465 0.01920763 -0.00608277
0.12381748 0.06456117 0.02630353 0.04493547 -0.00890372 -0.01209018
0.08269019 0.11050352 -0.03966688 0.03242648 -0.00951284 -0.02745577
0.19101374 0.10632659 -0.00018084 0.04358748 -0.01093202 -0.02710114
0.11345333 0.08691154 0.03383293 0.03859583 -0.01047351 -0.01854130
0.17077420 0.08384652 0.02680503 0.04342424 -0.00883883 -0.02422434
0.18737687 0.13729639 -0.00594648 0.03085112 -0.00820401 -0.01059265
0.15822250 0.11795840 0.01358729 0.05120874 -0.00815000 -0.01081439
0.06092702 -0.04237445 0.02219762 0.02610764 0.00379248 -0.00358802
0.05051408 -0.00467641 -0.04177911 0.01143734 0.00332621 -0.01408507
0.11650042 -0.01000981 -0.01663553 0.02640415 0.00193813 -0.01673981
0.05279680 -0.05707223 0.02727774 0.01818918 0.00371363 -0.00631077
0.06300577 -0.04736750 -0.00039415 0.02635421 0.00352668 -0.01357761
0.09445455 0.01163597 -0.00786818 0.01591423 0.00412347 -0.00119683
0.07011139 -0.01115335 -0.01570825 0.03362555 0.00375513 -0.00516246
0.14705830 0.04870922 -0.00627494 0.01383052 -0.00343422 0.00727415
0.15028957 0.07363924 -0.09158873 0.00065928 -0.00606128 -0.00305318
0.18741187 0.09016520 -0.03814718 0.01334030 -0.00578482 -0.00599155
0.14540307 0.01861222 -0.00841704 0.00316187 -0.00444381 0.00255701
0.17131912 0.02742191 -0.02134186 0.01075569 -0.00348800 -0.00272430
0.20436512 0.05658904 -0.03317820 -0.00166745 -0.00385206 0.00908363
0.17856073 0.04464091 -0.05208438 0.01846895 -0.00418836 0.00950045
0.16724598 0.10340497 0.00595650 0.04489847 -0.01009549 0.00300730
0.14994951 0.15146275 -0.03057084 0.03075926 -0.00942393 -0.01071355
0.18710338 0.16082797 0.01656797 0.04197494 -0.01183531 -0.01322988
0.16452484 0.10329769 0.01762231 0.03626413 -0.01037757 -0.00435142
0.18091626 0.12528615 0.00357134 0.04035861 -0.00948133 -0.00734433
0.21544987 0.14778415 0.00649050 0.02794668 -0.00948937 0.00445842
0.18726684 0.14599093 0.01549086 0.04857504 -0.00977428 0.00377009
0.08025669 -0.03764442 0.02909749 0.02174487 0.00119730 0.00553534
0.07934858 0.01241103 -0.00385544 0.00858487 0.00206703 -0.00805009
0.11115999 0.00847460 0.01443655 0.02214978 0.00030156 -0.00755008
0.07424718 -0.03458218 0.05252426 0.01345189 0.00195756 0.00268058
0.06945654 -0.01335924 0.02457567 0.02087939 0.00165878 -0.00347045
0.10613075 0.01804174 0.02443161 0.01112278 0.00202204 0.00758043
0.08172142 0.01638168 0.00841546 0.02937244 0.00119973 0.00433372
0.07267178 -0.04456445 0.01607688 0.01747650 0.00631685 -0.00202240
0.07602284 -0.01166479 -0.01892936 0.00391811 0.00688022 -0.00831394
0.13090926 -0.01862186 -0.00125011 0.01638088 0.00565611 -0.01163992
0.06965435 -0.06293696 0.02849582 0.00984270 0.00925037 -0.00047092
0.08177777 -0.04515858 0.00833052 0.01701746 0.00778974 -0.01139290
0.10789257 -0.00340127 0.00225775 0.00895545 0.00811159 0.00035857
0.07835575 -0.02699129 -0.00056698 0.02404691 0.00778072 -0.00352893
0.12187080 0.00494861 -0.00995245 0.01687920 0.00166435 0.00498735
0.10835209 0.05193867 -0.05863684 -0.00032569 0.00083436 -0.00048242
0.15391088 0.05621969 -0.00672006 0.01670284 -0.00136632 -0.00540076
0.11255228 0.01285293 -0.00178171 0.00687611 0.00079683 0.00360831
0.12341626 0.01916280 -0.00177789 0.01239902 0.00232317 -0.00242597
0.15605917 0.05647872 -0.01585803 0.00210885 0.00145827 0.01063977
0.13191153 0.03314711 -0.02888746 0.02265767 0.00000550 0.00766788
-0.01617635 -0.13701408 0.03421918 0.01690201 0.00762991 0.00163450
0.00412701 -0.09986938 0.00592935 0.00265421 0.00968767 -0.00792103
0.03574104 -0.11349138 0.01486979 0.01873071 0.00545559 -0.01108825
-0.00233870 -0.16047992 0.05769580 0.01028234 0.01126185 0.00300464
-0.03874170 -0.15483706 0.01119680 0.01792867 0.00754620 -0.00756537
0.01145180 -0.08423738 0.01994140 0.01261108 0.00847553 0.00410078
-0.01313220 -0.08885856 -0.01011279 0.02261667 0.00883823 -0.00405844
0.48394013 0.00987871 -0.03875750 -0.00931479 0.00058881 0.02705823
0.42047158 0.02871731 -0.10285494 -0.00871994 -0.00143553 0.01673686
0.45504440 0.04434359 -0.03808695 -0.01794985 0.00108337 0.02544751
0.42162389 -0.01499874 -0.05502657 -0.02312059 0.00612501 0.03017151
0.47288671 -0.01157653 -0.07777358 -0.01576548 0.00393517 0.02553224
0.54312833 -0.03515830 -0.04317138 -0.01828880 0.00604790 0.02466079
0.53479426 0.01369696 -0.08136019 -0.01658754 0.00498840 0.02305838
0.83592340 0.05178893 0.01794423 -0.00400341 0.03243519 0.03091516
0.82767151 0.05010281 -0.03116710 0.00095832 0.03257960 0.02394260
0.89168549 0.07800416 0.01046501 -0.01879912 0.03811242 0.04671948
0.88434890 0.01792324 -0.00263871 -0.01271325 0.04080271 0.03246835
0.93111746 0.01921361 -0.07973713 -0.00900397 0.04219113 0.02964097
0.91050342 0.03668038 -0.01171952 -0.01183949 0.03960185 0.01327798
0.88937908 0.02788552 -0.05290406 -0.01295032 0.04249082 0.02263899
0.98939642 0.05222415 0.15292491 0.02656908 0.07350340 0.02540467
1.05919108 0.06576358 0.13962409 0.02267804 0.08196953 0.01170470
1.03006534 0.04256413 0.12121221 0.01048152 0.08373964 0.02877221
1.14549443 0.04543755 0.15004848 0.02712003 0.08970602 0.02081331
1.11508228 0.14541530 0.06674177 0.02220396 0.08829167 0.01993950
1.06274024 0.08699288 0.11580989 0.02626144 0.08383344 0.00219345
1.02565400 0.08795597 0.05475166 0.01628817 0.08609569 0.00292527
-0.10768173 -0.37696671 -0.12554133 0.08987281 -0.12743766 0.09064547
-0.14722278 -0.31362992 -0.15585215 0.07595459 -0.11229846 0.02915612
0.04743903 -0.29016808 -0.09125236 0.08301221 -0.12611930 0.05627186
-0.03582227 -0.20307425 -0.15687322 0.08047965 -0.10968195 0.05477645
0.16834311 -0.23301138 -0.08491081 0.08015208 -0.12010791 0.04975939
0.05242454 -0.05465010 -0.08460807 0.08921552 -0.11549342 0.02203012
0.05738763 -0.00986614 -0.10891113 0.05513115 -0.10772064 0.02141498
0.98030895 0.00657241 0.06805352 0.05001894 0.11398998 0.01871200
0.95601894 -0.02911352 0.03188088 0.04162008 0.13006227 0.01437096
0.94668478 -0.03295017 0.01091403 0.04318770 0.12700220 0.00334633
0.96701130 -0.06409576 0.08673958 0.06516998 0.13534616 0.02201784
0.98909639 0.01552961 -0.02829931 0.04651769 0.13357936 0.01569210
0.91355965 -0.01524673 -0.00576995 0.05770930 0.12856866 0.01549315
0.91125034 0.04306735 -0.01092896 0.03944139 0.12472138 -0.00544094
0.75758964 -0.02867847 0.03126272 0.03465865 0.11111440 0.04310088
0.73578052 0.02192875 -0.00650077 0.03887787 0.12348515 0.02984340
0.76098256 -0.07592241 -0.01337684 0.02470047 0.12187397 0.03828486
0.78614503 -0.01422697 0.05014564 0.04632005 0.13177725 0.03836372
0.82156867 0.05148605 -0.05011453 0.02858616 0.13130506 0.03478350
0.75428680 0.03894183 -0.00875947 0.04736035 0.12604329 0.02427016
0.75748123 0.06365044 -0.03164180 0.02552583 0.12204106 0.01171861
0.86755559 0.17903395 0.08086441 0.04614868 0.06026237 0.01713603
0.86823411 0.19571204 0.04629321 0.05271933 0.06444312 -0.00428768
0.87237798 0.11810350 0.08778997 0.03770042 0.06555301 0.00925852
0.88215731 0.16380824 0.08576271 0.05502999 0.07333712 0.01162983
0.92251226 0.23159055 0.03622497 0.04721022 0.07323027 0.00760185
0.85875869 0.19128336 0.10621153 0.05353719 0.07394927 -0.00138969
0.85550100 0.20479584 0.07266063 0.03601609 0.07132881 -0.00294981
1.02106579 0.20456672 0.08326054 0.03770550 0.06424621 0.02346419
0.99096328 0.18644124 0.08560007 0.03898093 0.06915974 0.01299567
1.02544412 0.12069643 0.09728838 0.02809002 0.07069415 0.01974818
1.04191765 0.17187214 0.10591536 0.04538940 0.07846053 0.02001394
1.02911808 0.20358132 0.00113556 0.03235760 0.07731614 0.01850451
0.98152414 0.16325604 0.09610717 0.04142382 0.07792300 0.01092177
0.98928712 0.19105198 0.09128892 0.02691203 0.07433652 0.01219997
0.88176303 0.04018330 0.02488873 0.02368980 0.06035558 0.04449228
0.84105968 0.03817629 -0.00012658 0.02867375 0.06495248 0.02879194
0.85912675 -0.01987391 0.03650405 0.02187681 0.06360584 0.03125553
0.83565250 -0.00798486 0.05236664 0.03401780 0.07308042 0.04180947
0.90475179 0.01868703 -0.02309992 0.02496739 0.07297586 0.03253505
0.87306000 0.00888910 0.06810632 0.03332395 0.07465599 0.03229399
0.85573144 0.04375830 0.03358439 0.01047501 0.06847392 0.02624809
1.06506236 0.10847460 0.03520180 0.03383709 0.07159085 0.07162817
0.98104984 0.16034454 -0.01278196 0.03816680 0.07838865 0.05702899
1.03848062 0.07194291 0.02263231 0.03153891 0.07676601 0.06404394
1.02294847 0.10504004 0.05250693 0.04356371 0.08511844 0.06476386
1.04819097 0.11909433 -0.05414226 0.02887056 0.08633203 0.05829994
1.01216316 0.13966260 0.04629327 0.04209336 0.08746307 0.05174986
0.99099249 0.14957218 0.00121545 0.01790269 0.07929187 0.05232913
1.23229571 0.13344269 0.05780498 0.01615514 0.08488761 0.07738181
1.22858867 0.10565937 -0.00591022 0.01769730 0.09483475 0.07323524
1.25889942 0.10623631 0.00951409 0.00876530 0.09166565 0.08587186
1.22514673 0.07367900 0.06158589 0.01883124 0.10193982 0.07993360
1.28171131 0.08145764 -0.09233004 0.01032716 0.10350829 0.07108617
1.26502007 0.09165790 0.02862823 0.02105556 0.10242346 0.06212766
1.25369757 0.09740237 -0.04045655 -0.00137727 0.09574034 0.06832868
1.28679767 0.06148545 0.10183599 0.06453511 0.07226157 0.11779860
1.23644076 0.08742220 0.00042628 0.05647423 0.08606276 0.10391964
1.36337653 0.08490927 0.02825977 0.05260566 0.08431348 0.11604927
1.26194015 -0.00596580 0.09859928 0.05792548 0.09382002 0.11495904
1.44021496 0.11332625 -0.09696276 0.05033901 0.09394061 0.10743799
1.40366361 0.10132000 0.01879288 0.06672665 0.09779587 0.09009627
1.34352922 0.12956046 0.00588796 0.02515567 0.09036950 0.09260364
0.95266141 0.13687838 0.01115943 0.05838351 0.08260964 0.02962904
0.91068566 0.22832425 -0.00468528 0.05421469 0.09205261 0.02249514
0.98719873 0.15510085 0.01864638 0.05256405 0.09191647 0.03218397
0.94284959 0.11285556 0.05590889 0.06205841 0.10214118 0.03029916
0.98612726 0.21442149 -0.11258881 0.05396720 0.09915022 0.02787173
0.98185562 0.19591630 0.00213134 0.07182258 0.09983917 0.01463170
0.98444901 0.19996386 0.00548854 0.03464686 0.09391048 0.00454907
1.18588679 0.03131814 0.05386867 0.03127019 0.06174776 0.04915558
1.11118108 0.08901231 -0.02731179 0.01982747 0.07053794 0.05224009
1.21913768 0.04727704 -0.05928394 0.02439650 0.07368679 0.05561807
1.15658976 0.00955223 0.06422638 0.02783100 0.08461273 0.06466490
1.25917450 0.01096252 -0.14753322 0.02548484 0.08135154 0.05265495
1.21757910 0.03628434 -0.03612990 0.03197570 0.08308344 0.03239475
1.24831699 0.05035480 -0.07358016 -0.00923381 0.07464524 0.02719959
-0.02468045 -0.22774018 0.07955328 0.02544019 -0.03686185 0.04562652
-0.01730965 -0.17341245 0.01248294 0.01958833 -0.03086684 0.02266193
0.04253135 -0.23724571 0.07668663 0.02422982 -0.04132327 0.03884138
0.00427498 -0.24716884 0.14046884 0.02255817 -0.03546611 0.03947067
-0.01980507 -0.15647991 0.07947080 0.02308483 -0.04002455 0.03483166
-0.02938358 -0.19901305 0.02918773 0.03334959 -0.03798780 0.03667110
-0.02412993 -0.16153593 0.02929083 0.02064734 -0.03153817 0.03374354
-0.36914729 -0.08477079 0.05751896 0.04473077 -0.05331183 0.01037222
-0.36843751 -0.03904270 0.06000977 0.03955370 -0.04989397 -0.00594511
-0.22015143 -0.04239464 0.13953930 0.04389356 -0.05820481 0.00152785
-0.24952814 -0.09608359 0.14714216 0.05201903 -0.04909420 -0.00627619
-0.29286038 0.02458851 0.11005864 0.04852549 -0.05026310 -0.00717052
-0.32374199 -0.02556801 0.08210436 0.04591574 -0.05151106 -0.00115256
-0.25843743 0.02116291 0.08589772 0.03863630 -0.04690634 -0.01403357
-1.04648791 -0.04347045 0.05671851 -0.00229311 -0.06246876 -0.02867630
-0.97136609 -0.02454172 0.13474488 -0.00985742 -0.05235189 -0.04298914
-0.93094178 -0.06706838 0.05872506 -0.01186735 -0.05931255 -0.00856113
-0.95504478 -0.05318734 0.20476703 -0.00414912 -0.05513061 -0.02372450
-0.94150640 0.03661445 0.07614328 0.01245970 -0.05645570 -0.01905264
-0.93575567 -0.09190181 0.14720104 0.00522984 -0.05908796 -0.03726562
-0.84401555 0.00272598 0.01916422 -0.00244970 -0.04646210 -0.03493382
-0.82789533 0.08427326 0.03099981 -0.02245638 -0.01359252 -0.04835111
-0.81083313 0.07585083 0.13529487 -0.03887054 -0.00818218 -0.04253049
-0.78223534 -0.02175772 0.02515153 -0.02866895 -0.01141585 -0.03475096
-0.79801284 0.05767119 0.16627945 -0.02325285 -0.01157335 -0.04015935
-0.77006921 0.09155716 0.06355945 -0.01793947 -0.01042415 -0.02548603
-0.75542867 -0.00300274 0.07048928 -0.01684207 -0.01048910 -0.03405526
-0.74306689 0.04190481 0.01433064 -0.01311351 -0.00462120 -0.03173692
-1.09922573 0.09278822 0.02165863 -0.02268817 -0.06831026 -0.04445839
-1.10474013 0.10255259 0.10671676 -0.02998065 -0.06799567 -0.05008215
-1.05632044 0.01699471 0.00636757 -0.03072209 -0.06791251 -0.03723683
-1.09709188 0.09090568 0.10263753 -0.01587908 -0.07574812 -0.04380974
-1.04391478 0.05145014 0.02068383 -0.01677527 -0.07187904 -0.02927772
-1.02722049 0.02059191 0.10828774 -0.01895395 -0.06723095 -0.04455259
-0.99239759 0.10827624 0.00579910 -0.01710990 -0.06100412 -0.03073996
-1.07437856 0.07097309 0.00149855 -0.00755626 -0.09727581 -0.02689490
-1.13012165 0.08052432 0.05910139 -0.00705897 -0.09339180 -0.04727354
-1.06909901 0.00720636 -0.09056500 -0.01363582 -0.09043391 -0.01548489
-1.11559205 0.08609046 0.08692232 0.00228837 -0.10511150 -0.02353327
-1.06994890 0.04738451 -0.00480332 -0.00728247 -0.09882928 -0.01043041
-1.06900588 0.05470635 0.03529502 -0.01275542 -0.09343122 -0.04065148
-0.99115200 0.10774687 -0.07143717 -0.00544843 -0.08179176 -0.00948086
-1.21851467 0.05857967 -0.07347463 -0.02690053 -0.06509098 -0.03521565
-1.20231450 0.06833649 -0.03386736 -0.02646530 -0.05885354 -0.03728620
-1.15073614 -0.00485381 -0.15893042 -0.03032526 -0.05953329 -0.00820467
-1.20842904 0.06187541 0.01102492 -0.01443799 -0.07054639 -0.01945182
-1.20272741 -0.01279184 -0.08312429 -0.03118065 -0.06773282 -0.00779429
-1.14808723 0.00044541 -0.06162969 -0.02449011 -0.06389665 -0.03381992
-1.07773662 0.06012009 -0.13635133 -0.02216346 -0.05293631 -0.01412924
-1.37779370 -0.01219479 -0.01432376 -0.03825692 -0.06274824 -0.05417870
-1.31731719 -0.02519506 0.03362175 -0.03727319 -0.05606738 -0.05251265
-1.29962862 -0.10335674 -0.10492296 -0.04378904 -0.05746429 -0.02817961
-1.29924268 -0.03494897 0.04620752 -0.02786703 -0.06239130 -0.03867642
-1.33158788 -0.06574154 -0.01848450 -0.02965760 -0.06247390 -0.02566391
-1.25297189 -0.09542240 0.00365023 -0.02722238 -0.06070216 -0.04948548
-1.19573638 -0.01903266 -0.07398902 -0.02541087 -0.04855889 -0.03485149
-0.92678159 0.07348334 -0.01380763 -0.00154854 -0.05074030 0.00843761
-0.90992585 0.08159371 0.06266646 -0.00423719 -0.04816000 0.01221014
-0.88691205 0.04104837 -0.02758138 -0.00547596 -0.04657905 0.04142832
-0.89669645 0.11051091 0.09723132 -0.00140045 -0.05330389 0.01651166
-0.92610426 0.10080545 0.04386963 -0.01584365 -0.04972786 0.03480407
-0.87080009 0.09215262 0.03670578 -0.01205657 -0.05069690 0.00893967
-0.81856094 0.13655959 -0.04268373 -0.00801080 -0.03953205 0.03188337
-0.76536603 0.22382248 0.03291676 -0.00581895 -0.07192636 0.02488675
-0.74023552 0.30209407 0.14004597 -0.01329906 -0.07085666 0.02547195
-0.76625600 0.25378652 0.00740693 -0.01713813 -0.07313209 0.02776833
-0.74496999 0.25772274 0.14196967 -0.00718311 -0.07699276 0.02129562
-0.70540145 0.26804907 0.03525633 -0.01399684 -0.07191772 0.04230093
-0.69681257 0.21242060 0.07724131 -0.01472314 -0.06882362 0.03154609
-0.65744631 0.28713007 0.03300363 -0.00755260 -0.06306828 0.04189982
-0.27262904 0.17420087 0.00421037 -0.03177763 -0.07494408 -0.00109879
-0.23250453 0.27839627 -0.01398066 -0.05000122 -0.07398213 -0.00282941
-0.18022640 0.24542224 -0.03032498 -0.02882547 -0.07308273 -0.01240985
-0.29274974 0.22157172 0.08814181 -0.02908441 -0.07750736 -0.00798367
-0.22695720 0.22533005 -0.04738846 -0.03393180 -0.07295043 0.01010473
-0.23094902 0.12667585 -0.04265305 -0.04161975 -0.06784015 0.00169564
-0.15423068 0.23977924 -0.00926567 -0.03301223 -0.06833310 0.00283864
-0.43887064 0.24832536 0.03081159 -0.01631930 -0.06400647 -0.02016212
-0.46309497 0.32386303 0.05619178 -0.04153721 -0.06410042 -0.01727969
-0.43724000 0.29949147 0.03174685 -0.02033252 -0.06413403 -0.04044479
-0.50199073 0.26279388 0.09922945 -0.01631010 -0.06422482 -0.02817835
-0.45367479 0.26934098 -0.00698497 -0.01006938 -0.06128037 -0.01319378
-0.42928390 0.13410566 0.05020201 -0.02137096 -0.05804849 -0.00663064
-0.36746450 0.27945749 0.07237285 -0.01633221 -0.05920486 -0.02128237
-0.22675429 0.28580572 -0.04244036 0.03394667 -0.06142001 -0.05303103
-0.30170346 0.36246210 -0.13114338 0.03015125 -0.06380212 -0.06131471
-0.20778462 0.28230265 -0.07622046 0.03968762 -0.06592727 -0.06946116
-0.28980274 0.16471568 0.04854002 0.04701553 -0.06177686 -0.07021353
-0.21049842 0.17156545 -0.07411418 0.04537313 -0.05653011 -0.05778745
-0.17428048 0.13522595 -0.03473774 0.02738799 -0.05658277 -0.04274438
-0.12358470 0.15478346 -0.03103546 0.03680118 -0.05578217 -0.05514227
0.24241038 0.02522214 0.02143195 0.07854728 0.01341049 -0.05976251
0.16701741 0.06501696 -0.00851830 0.06579646 0.01885021 -0.07121603
0.22297885 -0.00360566 0.03121964 0.07371109 0.01521831 -0.08377910
0.18341936 0.00904207 0.05362098 0.08749797 0.02199567 -0.05689331
0.17381486 0.02347915 -0.00956380 0.08217853 0.01624314 -0.06221328
0.21123679 0.07351856 -0.03478854 0.07312716 0.01787420 -0.05387242
0.16862385 0.09520723 -0.00043759 0.07595143 0.01955520 -0.07252569
0.05781984 -0.04104642 -0.00713126 -0.03566930 0.06056520 -0.00733985
0.02972099 -0.01430016 -0.02479260 -0.05067345 0.06155109 0.01092688
0.13645385 0.01290814 -0.00647153 -0.03811698 0.05922751 0.00033133
0.08004697 0.02717367 0.03002538 -0.04097703 0.06425012 0.00668065
0.08941884 -0.00504767 0.05899178 -0.04990072 0.06632412 0.00561121
0.16004475 -0.03020765 -0.04443754 -0.03762840 0.05873996 0.01072740
0.10104588 -0.09476163 -0.04331278 -0.03370704 0.05977953 -0.00075747
0.12917795 -0.03676171 0.00371384 -0.01615278 -0.02622648 0.02383649
0.10299757 0.01850267 -0.08300594 -0.02023608 -0.03153408 0.01834179
0.13720135 -0.01416557 -0.03744502 -0.01086827 -0.03336660 0.00935933
0.13789213 -0.07194686 0.00482663 -0.01860601 -0.03311906 0.02187444
0.11462605 -0.01106592 -0.03423640 -0.01624334 -0.02704118 0.01654674
0.17955374 -0.02732151 -0.05595814 -0.02874193 -0.03011797 0.02831900
0.12238068 -0.04923503 -0.04439919 -0.00640366 -0.02840326 0.02588019
0.20013060 0.04314832 -0.01961889 -0.01922837 0.01213217 0.00719403
0.16467376 0.06610469 -0.06102880 -0.03666930 0.01181833 0.00789682
0.23143243 0.06468731 -0.05576381 -0.02275773 0.01218895 0.00456577
0.20320479 0.01375379 -0.00823669 -0.03240551 0.01145337 0.01353612
0.20879650 0.02012972 -0.00345202 -0.02830795 0.01679939 0.01076152
0.26317162 -0.02954066 -0.03986976 -0.03866834 0.01038857 0.01687765
0.20858511 -0.05982175 -0.03499773 -0.01688352 0.01183714 0.01459855
0.09871353 -0.04889975 -0.00612769 -0.00171849 0.00735491 0.01188239
0.06314462 0.01080378 -0.01637041 -0.00877042 0.01074141 0.00353078
0.12492969 -0.00696282 0.03362026 -0.00511304 0.00953823 0.00768758
0.13464484 -0.01700536 0.01125860 -0.01195203 0.01310441 0.01489280
0.16067507 -0.00495059 -0.01850286 -0.01118962 0.01248207 0.01034975
0.19917047 0.02623533 0.01624001 -0.00772192 0.01049231 0.01012620
0.09777416 -0.01850992 -0.02573629 0.00183176 0.01396328 0.00678699
0.20289928 0.13243232 -0.05461495 0.01769276 -0.04089130 0.01948680
0.15445644 0.21392914 -0.09797876 0.01227005 -0.04287517 0.00458440
0.21729875 0.20816866 -0.00219232 0.00835110 -0.04443073 0.00967635
0.23325266 0.18751519 -0.06018136 0.00987335 -0.04607007 0.01130251
0.31140912 0.19168295 -0.04888733 0.00805374 -0.04031286 0.01734284
0.34113221 0.20359337 -0.01651958 -0.00010944 -0.04247263 0.01449984
0.28471686 0.18824071 -0.04093581 0.01952602 -0.03765268 0.01948355
0.09605392 0.00076647 0.03591822 0.03133703 0.00615379 0.00084780
0.07147215 0.03816845 0.02085236 0.01739127 0.00858369 -0.00942468
0.07562212 0.02766880 0.02877544 0.03432406 0.00504924 -0.01546953
0.07749397 -0.03725844 0.06233522 0.02852417 0.00724025 -0.00012661
0.03536160 0.00269033 0.01285485 0.02885685 0.00661375 -0.00369854
0.08926822 0.02838768 0.01371311 0.01961221 0.00743439 0.00680572
0.05842542 0.04429658 0.02495487 0.03691496 0.00611130 -0.00285643
0.02379991 0.02630258 0.03855017 0.02118576 0.02251721 -0.00066468
0.00711317 0.04474503 0.02661023 0.00558822 0.02493886 -0.00577678
0.04853151 0.06169948 0.03545264 0.02106310 0.02123706 -0.01422797
0.02235620 -0.01097813 0.08182055 0.01878279 0.02460702 0.00174276
-0.01280202 0.00271384 0.00312592 0.01737746 0.02476374 -0.00236834
0.04757872 0.04054683 0.01509339 0.01281033 0.02317053 0.00949465
0.01550650 0.02058547 0.03566998 0.02639262 0.02229207 -0.00304380
0.17389845 0.00914443 0.05150825 0.02725110 0.02385261 -0.00078237
0.17506571 0.04284146 0.03074453 0.01229630 0.02818921 -0.00573598
0.17991159 0.05764029 0.04059830 0.02922851 0.02417495 -0.01044287
0.17440388 -0.01111488 0.08952850 0.02265664 0.02826497 0.00549106
0.14516929 0.02435026 0.05561498 0.02207457 0.02634452 -0.00047245
0.18276537 0.02122734 0.04755189 0.02098180 0.02576640 0.00493824
0.14079914 0.03953936 0.03954881 0.02882098 0.02419451 -0.00479322
0.14056987 -0.03719717 0.05610867 0.02360699 0.03095511 0.00845897
0.15197705 0.00121440 0.04647838 0.00795753 0.03605555 0.00487823
0.15663631 -0.00452604 0.04304567 0.02346368 0.02964487 -0.00086328
0.11368427 -0.06470643 0.10538784 0.01966426 0.03544375 0.01636771
0.08197392 -0.03347848 0.05287323 0.01709368 0.03261219 0.00951228
0.11675421 -0.03835792 0.05311213 0.01983907 0.03189708 0.01670929
0.09782893 -0.00522166 0.05521683 0.02333248 0.03101101 0.00250236
0.11749757 -0.00433421 0.00206931 0.00730253 0.02247616 0.00106544
0.11033889 0.03235891 -0.04006333 -0.00715241 0.02330462 -0.00115889
0.13683054 0.03568075 0.00537069 0.00705016 0.02043439 -0.00732239
0.11256012 -0.00534304 0.01590248 0.00088549 0.02411189 0.00598527
0.09269813 -0.00367360 -0.00042638 -0.00011271 0.02525053 0.00041599
0.14211023 0.01538805 -0.03345555 -0.00366130 0.02222449 0.00962580
0.10464073 -0.02407863 -0.01693639 0.00927628 0.02179720 0.00041202
0.16875729 0.03150525 0.00711396 0.02858389 -0.00098809 0.01236872
0.15074942 0.08891695 -0.02823108 0.01111858 -0.00119722 0.00475100
0.17483994 0.09316797 -0.00899932 0.02552389 -0.00344707 0.00068896
0.15654244 0.04701538 0.02758357 0.01903281 -0.00151639 0.01107718
0.13378887 0.06244731 0.00000926 0.01890793 -0.00067036 0.00769581
0.18999083 0.07175356 -0.01281062 0.01293976 -0.00145955 0.01890949
0.15967440 0.06081119 0.01827850 0.03033228 -0.00191213 0.01406143
0.10456522 -0.01471770 0.01941791 0.01139542 0.01294475 0.00992098
0.09330105 0.03021648 0.00904019 -0.00548613 0.01499293 0.00526019
0.11221564 0.02365666 0.02933130 0.00999633 0.01273457 -0.00010520
0.10033954 -0.02188477 0.05310855 0.00376492 0.01565933 0.01252969
0.06750155 0.01215030 0.00897030 0.00370211 0.01558772 0.00829553
0.10994742 0.04000035 0.00469320 -0.00000137 0.01429401 0.01772032
0.07184280 0.00792298 0.02413128 0.01515547 0.01332755 0.00869410
0.12996291 -0.04293752 0.00537269 0.00267245 0.01732030 -0.00628966
0.10751138 -0.01086922 -0.02816306 -0.01172105 0.01809739 -0.00798132
0.13763892 -0.02681636 0.00690253 0.00333991 0.01698623 -0.01189018
0.11871973 -0.05959797 0.03502843 -0.00340006 0.01996059 0.00016121
0.10610343 -0.04398870 0.01017596 -0.00286417 0.02000340 -0.00597264
0.08427996 -0.02681617 -0.03042035 0.00230204 0.01397166 0.00207590
0.03576776 -0.00874445 0.00036220 0.00044417 0.01223187 -0.00267608
0.03002330 0.01679615 -0.04054131 0.02088839 0.00591314 -0.01412340
0.00722396 0.02941595 0.00915126 0.01021141 0.00550235 0.00018849
-0.02802589 0.03671413 0.03027396 0.00961051 0.01011802 -0.00964626
0.00018341 0.04342860 -0.02704454 -0.00494220 0.00961276 0.00830047
-0.01295287 0.01732356 0.00762608 0.01936469 0.00401827 0.00783952
