0.13155005 0.06936951 0.02970682 0.01984610 -0.00094887 0.00965442
0.11649339 0.10167026 -0.02348604 0.00827730 0.00031597 -0.00695240
0.16914356 0.10450092 0.01336958 0.01562406 0.00043280 0.00220721
0.11721808 0.04780481 0.02620530 0.00540923 -0.00014200 0.00057659
0.15635602 0.07237248 -0.01358707 0.01375362 0.00131629 0.00165825
0.16419733 0.06992033 -0.01102084 0.00669591 0.00285192 0.00622882
0.14895529 0.06285785 0.01505899 0.01754203 0.00179104 0.01079706
0.07439346 0.00292965 0.04304955 0.01583179 0.00740200 0.00656038
0.05190560 0.03079555 -0.01506842 0.00387005 0.01150224 -0.00576500
0.10272647 0.05037109 0.02774644 0.01388378 0.00977961 0.00063463
0.06595707 -0.01295671 0.04770997 0.00218468 0.01240600 0.00173898
0.10145255 0.01122041 -0.02322231 0.01218424 0.01080929 0.00102918
0.09220958 0.02387615 0.00823216 0.01098394 0.01099449 0.00672782
0.07174808 0.03597992 0.00094729 0.01683396 0.01044030 0.00456870
-0.06296154 -0.08148689 0.02890707 0.00753459 -0.00003074 0.02768751
-0.05046026 -0.09948999 -0.01053473 -0.00586532 0.00534389 0.00972526
-0.00630874 -0.09262015 0.06169470 0.00697980 -0.00048347 0.01627963
-0.02822165 -0.18218324 0.07496576 -0.00430849 0.00489520 0.02154434
-0.06024393 -0.16145580 -0.02349883 0.00752971 0.00069713 0.01647621
0.00569076 -0.16480163 0.00432939 0.00677868 0.00217622 0.02781603
-0.02638345 -0.08818946 0.02253452 0.00615081 0.00213647 0.01719041
0.16777731 -0.01404375 0.02666190 0.02301289 0.00100295 0.03441819
0.15538111 -0.00653335 -0.03634881 0.01165571 0.00598258 0.01408304
0.17038450 -0.00761355 -0.01378791 0.01786968 0.00402688 0.02747654
0.15322772 -0.08836808 0.04572210 0.00561580 0.00742161 0.03375692
0.14232428 -0.04763150 -0.00368618 0.01691813 0.00191679 0.02787347
0.17581550 -0.05468776 -0.00313083 0.01853126 0.00477230 0.02747621
0.13729916 -0.00434198 0.00724473 0.01496979 0.00428591 0.02825241
0.30868694 0.05892033 0.04029189 0.01647782 0.00537373 0.02209015
0.30613614 0.06182983 -0.05228096 0.01129332 0.00711946 0.01021649
0.27466722 0.08682824 -0.00015315 0.01261682 0.00797992 0.02200398
0.26528496 0.04746809 0.02728366 0.00486877 0.01140088 0.02178610
0.26225664 0.04676502 0.00006909 0.00650991 0.00700805 0.02182716
0.28906932 0.02386991 0.00743742 0.01490178 0.00950546 0.01794286
0.27423274 0.07038036 0.01117823 0.00808096 0.00971589 0.02207204
0.26702482 0.08214691 -0.02777329 0.00749729 0.01001810 0.03183405
0.23890590 0.09929169 -0.09596617 0.00532456 0.01180472 0.02094465
0.25175717 0.11464770 -0.05130362 0.00742469 0.01081266 0.03498691
0.22346877 0.08404872 -0.00926848 -0.00660220 0.01327351 0.03070750
0.22351515 0.07208604 -0.03573525 -0.00237035 0.01211345 0.03110566
0.25325907 0.03096975 -0.04260756 0.00459090 0.01249686 0.02912273
0.26132546 0.08150264 -0.03602666 0.00497660 0.01194025 0.03416978
0.15483220 -0.04880970 -0.00777481 0.00739252 0.01000553 0.03203511
0.15115043 -0.01219598 -0.04508638 -0.00484949 0.01492172 0.01847493
0.15764147 -0.02977239 -0.02573017 0.00847156 0.01009594 0.02907958
0.15044728 -0.06734622 0.04930955 -0.00474876 0.01423545 0.03268105
0.10691266 -0.03765242 -0.01451096 0.00056606 0.00967572 0.02737097
0.13413427 -0.03607394 -0.00438360 0.00621224 0.01241574 0.03035559
0.12251151 -0.01547170 -0.01009560 0.00309972 0.01001337 0.03126378
0.05251351 -0.10677145 -0.00842954 -0.00072260 0.01953667 0.02508354
0.07254167 -0.06897571 -0.03021785 -0.01893182 0.02453578 0.01839190
0.07952088 -0.10165088 -0.00896998 0.00107087 0.01968142 0.02026933
0.07503483 -0.14052348 0.04316912 -0.01009001 0.02490031 0.02760280
0.02859141 -0.11459882 -0.01619815 -0.00709264 0.02017040 0.01829103
0.06073771 -0.08593807 -0.02230277 -0.00467871 0.02236741 0.02754993
0.03924359 -0.07409372 -0.02484898 -0.00167525 0.01856327 0.02408031
0.12859770 -0.02428034 -0.00698062 0.01718351 0.01792817 0.01182234
0.12126219 0.02354015 -0.01584773 0.00136797 0.02315971 0.00522578
0.16127322 0.00775619 -0.01101277 0.01367982 0.01946729 0.00755348
0.13357535 -0.00888565 0.04736750 0.00777897 0.02373537 0.01482349
0.12775118 0.02943469 -0.01740104 0.00898238 0.01942711 0.00830161
0.14627783 0.03009265 0.01305437 0.01469011 0.02201106 0.01129352
0.13068845 0.03870403 -0.01748165 0.01191140 0.01857266 0.01071934
-0.14582901 0.03178295 0.03627145 0.02224347 0.01512105 -0.02947552
-0.16937638 0.02804953 0.06452040 0.00739336 0.02254261 -0.03575946
-0.06541654 0.02478101 0.08404966 0.02161434 0.01593913 -0.03877375
-0.10130226 0.00513499 0.09495483 0.02237698 0.01884614 -0.03045422
-0.10541746 0.05026055 0.04249437 0.02805082 0.01975833 -0.03129184
-0.08068975 0.01586609 0.04414725 0.02555025 0.01644602 -0.02412949
-0.08738915 0.07596246 0.06266247 0.02532439 0.01793496 -0.03594198
-0.04597132 0.41016448 0.04831297 0.02784335 -0.00123074 -0.05214799
-0.08228971 0.39919801 0.08986067 0.02095882 0.00633026 -0.04998119
-0.01649465 0.38422477 0.16326871 0.02663982 -0.00180055 -0.05017915
0.03448312 0.33626847 0.18338252 0.03426932 0.00206426 -0.06065575
0.00098237 0.38190793 0.09921019 0.03870561 0.00805882 -0.04247290
0.04720652 0.30007176 0.09303637 0.03478749 0.00172125 -0.03415220
0.09402805 0.36939003 0.08268439 0.02990869 0.00474248 -0.05330949
-0.08518551 0.44234037 -0.04078371 0.03391413 -0.00313421 -0.04036350
-0.18983318 0.45192149 -0.03533573 0.02814218 0.00137525 -0.04441405
-0.07407738 0.43407086 0.09879576 0.03378781 -0.00445585 -0.04691247
-0.04820038 0.32820567 0.11320806 0.04051316 -0.00354128 -0.05332065
-0.06899653 0.33434249 0.01659017 0.04601753 0.00399978 -0.03658729
-0.00767886 0.26005648 0.00911241 0.03307741 -0.00133559 -0.02724875
0.00945118 0.33275094 0.03239345 0.03903340 0.00141443 -0.03885104
-0.67235783 0.13283068 -0.05052262 0.02747135 -0.05930931 -0.03350376
-0.70311196 0.18923940 -0.08182420 0.02934393 -0.06279855 -0.03966766
-0.69548033 0.16589329 0.00697382 0.03704453 -0.06401626 -0.03628603
-0.61815295 0.09607000 0.00282274 0.03495171 -0.05673991 -0.04877815
-0.61416276 0.12685356 -0.05455527 0.04626212 -0.05643095 -0.04666561
-0.62955230 0.08768391 -0.02204976 0.03135874 -0.05478063 -0.04040745
-0.62634267 0.09365487 -0.09485408 0.02950861 -0.05256246 -0.05324408
-0.83477437 0.14318143 -0.10587677 0.00915761 -0.05061222 -0.07079211
-0.81969015 0.12409119 -0.12179147 0.01588543 -0.04815441 -0.06591912
-0.74502461 0.07061555 -0.11916240 0.01325968 -0.04224048 -0.02976977
-0.81743062 0.12849302 -0.02676345 0.01487801 -0.05642296 -0.05216783
-0.82683310 0.10922261 -0.14231312 0.00462195 -0.05342407 -0.03697437
-0.78989252 0.10538381 -0.12536572 0.01476836 -0.04960664 -0.08122271
-0.76078951 0.15239271 -0.21087943 -0.00011242 -0.03999911 -0.05382617
-0.88216543 0.18945118 0.04779660 0.00087471 -0.03361274 -0.05338740
-0.86334020 0.20944254 0.05646593 -0.00839750 -0.03014493 -0.04936199
-0.83358958 0.15360064 -0.04004883 0.00046517 -0.03207634 -0.02929348
-0.89950062 0.17225266 0.11211247 0.00305741 -0.04011962 -0.04507459
-0.89294024 0.15608758 0.01269623 0.00585304 -0.03890536 -0.02380484
-0.84525637 0.13019521 0.05774972 0.00813311 -0.03311887 -0.03962008
-0.78026958 0.23438945 -0.06830286 -0.00424357 -0.02796101 -0.03485977
-0.61133798 0.04251188 0.11170665 0.01225486 -0.04645935 -0.09947410
-0.61731424 0.08047351 0.11025045 0.00243252 -0.04350425 -0.09778648
-0.51159021 0.04133782 0.10170189 0.01369423 -0.04475930 -0.07747214
-0.52017421 0.07092290 0.13347623 0.01256084 -0.04079003 -0.08738970
-0.49469285 0.11494995 0.08948455 0.02224337 -0.03985485 -0.09333236
-0.50843142 0.08671146 0.10670236 0.01263800 -0.04315236 -0.10557057
-0.50076317 0.03893084 0.01639674 0.00850235 -0.03573640 -0.10042177
-0.95045783 -0.01628132 0.09375392 -0.02073135 -0.04352881 -0.08604124
-0.92902131 -0.06664417 0.10657775 -0.02470999 -0.04289093 -0.09272889
-0.88889502 -0.11506346 0.00105066 -0.02308611 -0.03889524 -0.06030368
-0.94320521 -0.02170623 0.10004104 -0.01983690 -0.04934939 -0.07396501
-0.88977933 -0.01979353 0.06781911 -0.00891803 -0.04719326 -0.06533934
-0.91349937 -0.02860395 0.09706279 -0.01694915 -0.04242364 -0.09840736
-0.87021656 -0.02137700 -0.01559762 -0.01723029 -0.03448994 -0.07378711
-0.57410043 -0.00336132 0.02434203 -0.00316783 -0.07221899 -0.05097503
-0.58797322 -0.01748392 0.04065968 -0.00956929 -0.06786212 -0.06944496
-0.48963454 -0.05093218 -0.01916626 -0.00135596 -0.06292039 -0.03504389
-0.56932341 0.03461814 0.07639929 -0.00250410 -0.07491716 -0.04696356
-0.53815402 0.04604867 -0.00841958 0.00012805 -0.07153368 -0.03655720
-0.52551627 0.04925527 -0.00327811 -0.00853430 -0.06406736 -0.07488716
-0.47718342 0.08626997 -0.02052017 -0.01406572 -0.05761644 -0.04300370
-0.79916030 0.02780751 -0.09097119 0.01841377 -0.08255993 -0.01265900
-0.86058050 0.02024994 -0.00371158 0.01616458 -0.08442423 -0.03349008
-0.77862807 -0.04770900 -0.08068504 0.00984053 -0.08172285 0.00037417
-0.79470567 0.01774795 0.00497886 0.02207707 -0.09326347 -0.02144634
-0.75534023 0.03029146 -0.05895641 0.01540310 -0.08705887 0.00032541
-0.74521385 0.02728457 -0.03157775 0.00794878 -0.08356906 -0.03231218
-0.70871331 0.07486701 -0.10735969 0.00509154 -0.07416077 -0.00218956
-0.68392247 -0.00709784 -0.09539902 0.01786697 -0.10279755 -0.00823781
-0.70861094 -0.02803356 -0.02682916 0.01946827 -0.10455113 -0.02896013
-0.65907992 -0.05338523 -0.07153735 0.00978944 -0.10283541 -0.00173354
-0.66019654 0.02671927 -0.02933943 0.02183251 -0.10952507 -0.01619160
-0.66205934 0.02959556 -0.05537680 0.01519029 -0.10518950 -0.00233876
-0.62364832 0.02287003 -0.05475498 0.00624837 -0.10205529 -0.02968093
-0.57741281 0.04724239 -0.11354118 0.00664304 -0.09091489 -0.00242303
-1.02107622 0.00140045 -0.12535933 0.00038456 -0.09499119 -0.02104920
-1.03562459 0.03378706 -0.12198237 0.00036323 -0.09839423 -0.02607628
-1.02295592 -0.01504241 -0.16368814 -0.00919593 -0.09173250 0.00339318
-1.03758991 0.04150855 -0.07307066 -0.00006210 -0.10347326 -0.01806580
-0.98135062 -0.00495984 -0.07754684 -0.01516244 -0.09969315 -0.00294845
-0.97761728 0.03129950 -0.06008038 -0.01123106 -0.09699569 -0.04137034
-0.93817532 0.02444576 -0.19962996 -0.01046727 -0.08363763 0.00098732
-0.95950112 -0.04073324 -0.05996171 0.01967683 -0.05578416 -0.04672059
-0.93351282 -0.06856908 -0.04186428 0.02135409 -0.05398961 -0.04929275
-0.92407525 -0.07628550 -0.10564091 0.01626500 -0.04978185 -0.01920840
-0.91477327 0.00812071 -0.02881832 0.02161283 -0.05788438 -0.03468317
-0.91093205 -0.02773728 -0.02803631 0.01598578 -0.05514602 -0.03391329
-0.90008199 0.00138181 -0.01857242 0.01932948 -0.05810104 -0.06233834
-0.85591882 0.01734029 -0.16945919 0.01086312 -0.04180620 -0.03446450
-1.10049024 0.03208786 0.11070374 -0.00808692 0.07331058 -0.08090545
-1.05534121 0.00783485 0.16981879 -0.03592280 0.07886954 -0.04681271
-0.94223268 0.07771515 0.19633206 -0.00571680 0.07813286 -0.03130070
-0.89736558 0.08166283 0.14214185 -0.03434506 0.10061458 -0.06863435
-0.83590813 0.08962080 0.07166219 0.00212344 0.08887715 -0.06459224
-0.83270416 0.04586646 0.18943802 0.02959396 0.08236673 -0.07530779
-0.78633703 0.03246532 0.10867007 -0.01989886 0.07433500 -0.10672804
-0.05792964 0.40896658 -0.02000924 0.03261184 0.02219685 -0.06854423
-0.10742476 0.43102171 -0.05044474 0.03026118 0.02296174 -0.05337340
-0.06103480 0.40357284 0.01110004 0.03439298 0.02227657 -0.07187217
-0.08085442 0.31207019 0.02009419 0.04218934 0.02682281 -0.07404959
-0.02569858 0.26763638 -0.00429798 0.02797564 0.03354221 -0.05444989
-0.01802949 0.31329051 -0.01443394 0.02795681 0.02452321 -0.04517847
-0.01301822 0.28059933 0.00888925 0.02736548 0.02523180 -0.06448503
-0.60109362 -0.03125808 -0.03378555 0.04561936 -0.04645819 -0.03776012
-0.64927272 -0.03345278 -0.00686469 0.05388270 -0.04511144 -0.07101035
-0.57457767 -0.05714922 0.03882166 0.03123626 -0.04442196 -0.03536842
-0.60590509 -0.04911517 0.00909477 0.04806171 -0.04917618 -0.04561268
-0.45739844 0.01709161 -0.01772574 0.05013838 -0.04496183 -0.04120139
-0.53283818 0.01320119 0.05233768 0.04287351 -0.04853693 -0.06643199
-0.53145666 -0.01588042 -0.06531213 0.03725808 -0.03387830 -0.05415796
-0.39272044 -0.26602639 -0.00130339 -0.02700738 0.01296690 0.01719177
-0.41098345 -0.24448993 -0.00232280 -0.02966815 0.02176241 0.00829655
-0.31340186 -0.20336505 0.00368837 -0.04091927 0.02235569 0.04688509
-0.26257291 -0.20120397 0.04147177 -0.04687868 0.02411226 0.03462842
-0.21885522 -0.18454574 -0.04344407 -0.03418849 0.02095104 0.02242124
-0.22479836 -0.15081251 0.06441383 -0.01784269 0.01294960 0.00318270
-0.30861784 -0.17302144 -0.03004552 -0.03088833 0.02415152 0.00687506
-0.20813677 -0.12736479 0.02205235 0.00016029 0.02181627 0.00825041
-0.19983081 -0.10784897 0.05050826 -0.01782293 0.02524662 0.00051547
-0.18313602 -0.09599182 0.01747891 0.00116726 0.02169647 0.00319792
-0.17306965 -0.17731803 0.07708617 -0.00601030 0.02645727 0.01342042
-0.22727888 -0.14274245 -0.00574904 -0.00126051 0.02473030 0.00713772
-0.20842951 -0.11928824 0.01383332 -0.00245427 0.02182023 0.01516728
-0.19726977 -0.10847853 0.02549869 0.00419476 0.02068074 0.00012343
-0.17545391 -0.19882930 0.03893238 -0.03294015 0.05117467 0.00960940
-0.14466878 -0.18566946 0.02382272 -0.05181891 0.05751802 0.01783101
-0.09933825 -0.18301882 0.01991218 -0.03274975 0.05314493 0.02320072
-0.13445706 -0.21671440 0.08289038 -0.04858721 0.06195887 0.02590549
-0.15409821 -0.20233816 0.01309006 -0.04364226 0.05773567 0.01674467
-0.14753364 -0.17542645 0.02326053 -0.02781849 0.05022027 0.02050611
-0.15954876 -0.20363782 -0.01114782 -0.03515646 0.04965649 0.00265974
0.03866479 -0.14423821 0.03191376 -0.02040991 0.02166300 0.01505604
0.07029333 -0.10628188 0.01652911 -0.03856025 0.02490285 0.01165467
0.03621410 -0.16408242 0.00325062 -0.02360917 0.02305261 0.02018488
0.03704675 -0.18920094 0.06651894 -0.03659701 0.02738832 0.02334858
-0.00722041 -0.17725958 0.01636763 -0.02814497 0.02451573 0.02035752
0.00972246 -0.17671818 0.02765177 -0.02325648 0.02020212 0.02320486
-0.01250678 -0.15340102 0.00386252 -0.02187119 0.02092415 0.01387255
-0.10442972 -0.29193060 0.05934295 -0.03562145 0.00068295 0.06493816
-0.04458822 -0.27981993 0.06914405 -0.04486334 0.00642967 0.04906899
-0.00232514 -0.30452883 0.05836998 -0.02980616 0.00146302 0.06936959
-0.00698738 -0.37286203 0.13361407 -0.05135933 0.01004273 0.06879825
-0.07691301 -0.30308863 0.04310378 -0.03006620 0.00179526 0.06028062
-0.02208082 -0.31972088 0.05460643 -0.03222618 0.00086750 0.06733741
-0.01006258 -0.30786544 0.03200564 -0.03345050 0.00329973 0.04947322
0.03614468 -0.11171521 0.05205574 0.00081063 0.02823753 0.00801008
0.05817534 -0.08636993 0.02866302 -0.01277643 0.03289643 0.00471823
0.08924860 -0.10636119 0.02045938 -0.00165535 0.02921434 0.01047963
0.03466298 -0.15050912 0.09016088 -0.01270741 0.03504418 0.01719932
0.01578154 -0.11548386 0.01039614 -0.00206681 0.03194237 0.01005546
0.05250191 -0.10838582 0.02386228 0.00089814 0.02720457 0.01618433
0.02223169 -0.08744062 0.01054971 -0.00114700 0.02914572 0.00312835
0.11245609 -0.07259666 0.03175704 0.00706012 0.00290796 0.01496088
0.11233792 -0.02017084 0.00126132 -0.00866446 0.00312705 0.00607514
0.13604810 -0.04712458 0.01591806 0.00640476 0.00297211 0.01286367
0.11992386 -0.10100923 0.04458155 -0.00747378 0.00450143 0.01667396
0.06084432 -0.05013917 -0.02794184 0.00766828 -0.00101836 0.01061819
0.05906758 -0.00116193 -0.00630240 -0.00476927 -0.00444599 0.01212833
0.07413706 -0.03263242 -0.02391585 0.01458625 -0.00415927 0.00701197
0.02989738 -0.01292116 -0.03098014 0.00572266 -0.01254788 0.00619466
-0.00601585 0.00684015 -0.00186369 0.00872649 -0.00819929 -0.00271840
0.02461210 0.01790883 -0.03976806 -0.00802746 -0.00737969 0.01429633
0.02768126 0.00459587 -0.01508570 0.02006569 -0.01208539 0.01721873
