0.16445898 0.04107287 0.03208763 0.01682698 0.00175065 0.00449821
0.15124744 0.08174246 -0.00512791 0.00684785 0.00156948 -0.00375777
0.17144244 0.06347588 0.00981299 0.02002381 0.00057279 -0.01094405
0.14598073 0.01197176 0.03280762 0.01536347 0.00109059 0.00605890
0.14467943 0.03967008 0.00719085 0.01788968 0.00333900 0.00126448
0.17416365 0.03131844 0.01684910 0.00207413 0.00285078 0.01110959
0.15415811 0.05013128 0.02281946 0.02532698 0.00281286 0.00332911
0.12417593 0.01448032 0.02029626 0.01792301 0.00580374 -0.00353845
0.10368800 0.05989924 -0.02017937 0.00644680 0.00565257 -0.00887922
0.09725566 0.03089805 -0.00335746 0.02433289 0.00502025 -0.01890830
0.08628969 -0.02861669 0.02426742 0.01941403 0.00532739 -0.00121781
0.06707047 0.00680742 0.01936433 0.02025317 0.00674622 -0.00730687
0.07224007 0.00624122 -0.01200173 0.00494466 0.00769858 0.00608963
0.08522111 0.02121195 0.01155155 0.02628667 0.00523203 -0.00260867
0.13512709 0.02594816 0.04972599 0.01936167 -0.00175421 0.00124906
0.10252617 0.06027021 0.00842706 0.01138708 -0.00137599 -0.00920940
0.12551512 0.05382010 0.01727468 0.02282680 -0.00188216 -0.01299501
0.12558902 -0.01158047 0.04992847 0.01996295 -0.00064497 0.00052466
0.11167054 0.03585642 0.02037980 0.02240174 -0.00005363 -0.00432029
0.13424100 0.01941320 0.00539305 0.00619166 0.00034378 0.00863265
0.10987868 0.03001452 0.02292476 0.02869568 0.00113340 0.00093643
0.13828949 0.00786301 0.07599527 0.02765219 -0.00678818 0.00053125
0.10487187 0.06034371 0.05623891 0.01753148 -0.00486430 -0.01344605
0.14344663 0.03967126 0.05450852 0.03028537 -0.00649729 -0.01630824
0.12858925 -0.00781347 0.11095471 0.02785371 -0.00603655 -0.00018621
0.11117729 0.04013467 0.04993021 0.03231079 -0.00557751 -0.00329176
0.13289452 0.02451864 0.06645716 0.01744687 -0.00453489 0.00526537
0.11127104 0.06348295 0.06903058 0.03750485 -0.00349205 -0.00267868
0.06059896 0.02111907 0.04843841 0.02037710 0.01190527 -0.00669162
0.02631322 0.06706758 0.01080520 0.01028986 0.01153586 -0.01309401
0.05617549 0.04026438 0.01194041 0.02733659 0.01104221 -0.02376246
0.02501578 -0.00924044 0.05781298 0.02177281 0.01094892 -0.00516461
0.02800760 0.02057854 0.02701786 0.02196433 0.01347619 -0.01043483
0.03999233 0.02505353 0.00104750 0.00777700 0.01312634 0.00223944
0.03420174 0.03107243 0.03553440 0.02879683 0.01122640 -0.00817967
0.04351980 0.04311429 0.04538259 0.01872725 0.02071328 -0.00777219
0.00981774 0.06583368 0.01757846 0.00851173 0.02256577 -0.01527804
0.05153841 0.05466894 0.03281703 0.02430676 0.01984926 -0.02365394
0.01767869 -0.00039225 0.07228839 0.02171900 0.02332468 -0.00508092
0.01229443 0.02079302 0.03403912 0.02140917 0.02402336 -0.01128864
0.04605105 0.01349421 0.01096281 0.01098087 0.02269262 0.00185689
0.01821136 0.04819473 0.02849552 0.02557356 0.02209795 -0.01110301
0.09017789 -0.06269648 0.05464372 0.05718948 0.01542471 0.00111622
0.03819062 -0.05250627 0.02966918 0.04849361 0.02338168 -0.01707545
0.07173509 -0.09353865 0.04497632 0.06721693 0.01554454 -0.02584513
0.03767697 -0.15738796 0.14654866 0.07053617 0.02099945 -0.00052767
-0.01479039 -0.09374787 0.03649098 0.06546786 0.01533244 -0.00345793
0.01822874 -0.08468915 0.03016780 0.06268187 0.01896483 0.00558302
0.05337609 -0.01622277 0.05610935 0.05579538 0.01718068 -0.01557388
0.02265058 -0.00633084 0.01044083 0.02299093 -0.01858631 -0.00352249
-0.04173528 0.00725473 -0.00582159 0.01378904 -0.01939424 -0.01951967
0.01505577 0.00563869 -0.00462999 0.02921931 -0.01923547 -0.01843556
-0.01274051 -0.10420824 0.05101948 0.02245249 -0.02032044 -0.00487848
-0.05523591 -0.06879931 -0.01862819 0.02945335 -0.02036632 -0.00815836
0.01034772 -0.06757805 -0.02463568 0.00890509 -0.01785069 0.00498973
0.00392023 -0.03257767 0.03340953 0.03194632 -0.01731145 -0.00174554
0.36633484 -0.05022383 -0.05401621 0.01061589 0.03648349 0.03043571
0.30826740 -0.02028852 -0.15958767 0.01345367 0.04369522 0.01727854
0.27217437 -0.10876310 -0.08160945 0.01601727 0.03857788 0.01514245
0.23805290 -0.09564348 -0.04217113 0.01224141 0.04600455 0.02983669
0.30475551 -0.08824154 -0.09063018 0.01672834 0.04183595 0.02558674
0.31833515 -0.08792242 -0.09026006 0.01104695 0.04355558 0.03240762
0.29903106 -0.06403947 -0.09928939 0.01011670 0.03922587 0.01179566
0.81718542 0.04976267 0.02574584 -0.00295900 0.07265169 0.05423508
0.80591306 0.07986536 -0.02138637 -0.00106363 0.08196186 0.05526325
0.80031447 0.00200437 -0.02160948 -0.00965718 0.08018275 0.05845570
0.84662341 0.01770711 0.04695854 0.00016745 0.08745897 0.05912150
0.83154410 0.06974376 -0.07019741 -0.00774764 0.08985767 0.05463955
0.82696579 -0.00660568 0.00305830 -0.00434137 0.08393092 0.04846572
0.77518888 0.06538404 -0.08922915 -0.01279768 0.08219110 0.03613428
0.65350011 -0.01277650 0.12725174 0.06289091 -0.15557408 0.00909617
0.53402979 0.12099011 -0.02203148 0.07653713 -0.16395142 -0.05680783
0.61469223 0.11410932 0.00588903 0.04403465 -0.15300912 0.01462693
0.62114973 0.08254623 0.04035582 0.03290638 -0.16657199 0.00559573
0.75680532 0.14337030 0.06527052 0.06403490 -0.16605513 0.00130293
0.83279595 0.16100924 0.13155147 0.04250923 -0.15565061 -0.03508792
0.66213399 0.14517941 0.08581768 0.03370743 -0.13779203 0.01223769
0.92056580 -0.00139962 0.01334356 0.02260943 0.03732889 0.04959748
0.83168224 0.06633991 -0.14542540 0.02014380 0.04660557 0.04533153
0.90803854 0.02622132 -0.10852465 0.01719144 0.04646586 0.05004597
0.83600163 -0.02732325 -0.01758376 0.02531621 0.05347157 0.05851570
0.96196629 -0.00229849 -0.14824730 0.01842073 0.05413768 0.05006086
0.97755700 0.02028165 -0.05138575 0.02101046 0.05785506 0.03065425
0.92084698 0.07300853 -0.07837878 -0.00916603 0.05293540 0.02471293
1.25400200 0.05239835 0.02091126 0.06007057 0.07755522 0.09003225
1.18840605 0.09242327 -0.04223871 0.05373155 0.09532667 0.07747794
1.20964326 0.04504691 -0.03605565 0.05575949 0.09225569 0.07786777
1.20004170 -0.02207258 0.03300675 0.06707405 0.09741293 0.08183517
1.22306466 0.08822617 -0.09544688 0.05161723 0.09778858 0.08020620
1.20179906 0.07047427 -0.01853162 0.05509286 0.09676496 0.07067446
1.10760160 0.10386467 -0.06618115 0.03964061 0.09207842 0.05690041
0.44790428 -0.21244464 0.05679620 0.01306886 0.01427991 0.04151571
0.34710359 -0.12305791 -0.05215001 0.01869831 0.02154107 0.01654722
0.28405216 -0.19806491 -0.04089962 0.00346946 0.02264360 0.03551159
0.33829242 -0.17368130 0.00433518 0.00918880 0.02597503 0.04604876
0.31331081 -0.09013967 -0.02363117 0.00511631 0.02186045 0.03400849
0.31707615 -0.13370857 0.03673948 0.01866403 0.02498791 0.02927185
0.26132237 -0.11169524 0.02756344 -0.00237865 0.02164475 0.00861492
1.03095748 0.03250361 0.00014505 0.04269601 0.04235538 0.05199438
0.95982172 0.11397049 -0.09754363 0.03919417 0.05045767 0.04286382
0.97742788 -0.00421642 -0.09700599 0.03772954 0.05115412 0.04728695
0.96568532 -0.00727626 -0.02479088 0.04479243 0.05644412 0.05040991
1.02087490 0.06417544 -0.12557852 0.03563567 0.05908541 0.04763471
1.00589506 0.04418321 -0.03417204 0.03491986 0.06151004 0.03351321
0.94220497 0.07169224 -0.05414644 0.01705348 0.05442085 0.02804260
1.07665755 0.10357539 0.02461706 0.02994525 0.10711334 0.05277656
1.06115401 0.14116157 -0.00775932 0.02539986 0.11922916 0.05486696
1.02842614 0.04758845 0.02332867 0.02419349 0.11737958 0.04663488
1.06883943 0.04763443 0.03272091 0.04188065 0.12702252 0.05010623
1.08001187 0.12015698 -0.05095345 0.01654480 0.12847044 0.04904400
1.02786422 0.09700080 0.04148474 0.03253459 0.12668232 0.04190329
0.95851637 0.11945628 -0.01266864 0.02079211 0.11625944 0.02733906
1.20459445 0.02766385 0.08440008 0.03399617 0.09047846 0.08179251
1.15598239 0.04528597 0.03029832 0.03072286 0.10373945 0.07096557
1.20313503 -0.00088173 0.05166223 0.03313200 0.10276669 0.07631183
1.19647019 -0.03049411 0.09482292 0.03965544 0.11051277 0.08116643
1.24844827 0.05102584 -0.03111581 0.01922268 0.11196381 0.06976309
1.20719612 0.04798602 0.06401978 0.03776885 0.11093847 0.06148046
1.13634750 0.07391018 0.00528793 0.01408556 0.10193893 0.05330700
1.22153170 -0.17701957 0.13688060 0.10481775 0.01112922 0.11058224
1.05297841 0.08009744 -0.01759541 0.07912284 0.01966778 0.09113815
1.34343818 -0.06826328 0.02949169 0.10069573 0.02167477 0.09792452
1.17330506 -0.03211371 0.09535500 0.09469854 0.03164739 0.09674196
1.42331928 0.00913817 -0.04783408 0.08168677 0.02866961 0.09947183
1.47248983 0.12251247 0.08405151 0.10663755 0.04476467 0.06440650
1.30085945 0.05954088 0.09578682 0.01981411 0.03288679 0.08210730
0.68610735 -0.61927442 0.06888482 0.06744021 -0.00109177 0.12278851
0.48394296 -0.40197425 -0.03427546 0.03176930 0.01376345 0.10023280
0.75537235 -0.54737344 0.05728494 0.06613511 0.00832841 0.10135207
0.59565287 -0.42723607 0.04353407 0.05576785 0.01982452 0.11526452
0.85883126 -0.44563275 0.07502149 0.04042638 0.01615253 0.11639056
0.82735270 -0.34121070 0.06667903 0.07912472 0.03063140 0.09163197
0.70234671 -0.41123930 0.16985198 -0.01066289 0.01798483 0.10320078
1.17631607 -0.07275522 0.13076849 0.04461046 0.06887746 0.10652885
1.05592795 0.06702123 -0.00711122 0.03628358 0.07784736 0.09359325
1.23748057 -0.02012438 0.04711054 0.03242320 0.07822285 0.10353396
1.15134723 0.00474167 0.08730945 0.04539433 0.09138685 0.10411509
1.31455645 0.06068485 -0.09023451 0.02842451 0.08897232 0.09312056
1.27199218 0.06464846 0.09591574 0.05657606 0.09550505 0.07667602
1.21840350 0.09041114 0.04735366 -0.00446872 0.08521333 0.07391909
0.81046842 -0.02707903 0.02727202 -0.01324465 0.05116294 0.06190459
0.72181992 0.01258637 -0.06817938 -0.00764051 0.05427040 0.05813764
0.75797088 -0.04027343 -0.06951013 -0.02056359 0.05739238 0.06795487
0.75917512 -0.00329125 -0.00840730 -0.01551110 0.06267639 0.07115979
0.73922373 -0.00427456 -0.12600764 -0.02554971 0.06260074 0.05618113
0.74309289 -0.01088422 -0.01820927 -0.00401128 0.06339202 0.04720906
0.73705979 -0.00846838 -0.05275108 -0.03195213 0.05664144 0.04870808
0.89485712 0.12056092 -0.02418362 0.00097212 0.04397031 0.03367379
0.81108287 0.17579392 -0.16679876 0.01676441 0.04034069 0.03942205
0.91432631 0.14585420 -0.07188672 -0.00215898 0.04687775 0.05823867
0.87534480 0.14015874 -0.07534582 -0.00126751 0.05215092 0.04264731
0.88478133 0.10025448 -0.17200179 -0.01173685 0.05402871 0.04032825
0.89237049 0.15966628 -0.05539753 0.00619006 0.06140278 0.01327843
0.90763889 0.09586467 -0.09514219 -0.02923402 0.05276510 0.02666004
1.13754377 0.25155168 0.01015305 0.02521990 0.07022029 0.03114973
1.14232786 0.25532760 -0.04858988 0.03258798 0.07060559 0.03160053
1.20680787 0.27280755 -0.03396086 0.02353204 0.07364814 0.05528495
1.20141730 0.23583371 0.03266902 0.02328113 0.08120978 0.03470007
1.15836956 0.20704811 -0.13681541 0.01666955 0.08265577 0.03744612
1.17386982 0.27134694 0.03628155 0.03161390 0.08886876 0.01678080
1.18741132 0.19983616 -0.05188226 -0.00123053 0.07974281 0.02976822
0.63869178 -0.20087682 -0.01202775 0.00438659 0.03977479 0.06149290
0.52698482 -0.13082103 -0.17143786 0.01369640 0.04586471 0.03759980
0.56556489 -0.21112926 -0.14609544 -0.00430720 0.04643809 0.06181957
0.51624056 -0.18673021 -0.04738864 -0.00405040 0.05107194 0.06588846
0.57770539 -0.17112721 -0.15220595 -0.00495456 0.04842043 0.05051991
0.55404291 -0.15040779 -0.08112857 0.01277001 0.04964408 0.03707182
0.56953926 -0.16042668 -0.13199805 -0.01962606 0.04526452 0.04107866
0.50055940 -0.13577726 -0.06832536 -0.01560260 0.05743677 0.05634668
0.41121688 -0.05672970 -0.16301658 -0.00428511 0.06338269 0.04427302
0.44138949 -0.13523567 -0.12548934 -0.02551430 0.06295450 0.06110343
0.39501149 -0.12377164 -0.07635502 -0.01862832 0.06979469 0.06202514
0.43566048 -0.10057336 -0.16020570 -0.02492581 0.06838296 0.05423756
0.43968342 -0.09409167 -0.09664556 -0.00136635 0.06563006 0.04572481
0.46104457 -0.09398394 -0.14160876 -0.02687489 0.06281317 0.04139821
0.46579991 -0.18502694 -0.00394434 -0.01787154 0.07978275 0.04595696
0.38203690 -0.11388571 -0.09080649 -0.01642040 0.08730081 0.04999694
0.38969848 -0.23302853 -0.12723638 -0.02459136 0.08675068 0.05389737
0.39429825 -0.20635674 -0.01188919 -0.01938480 0.09486648 0.06305347
0.36695261 -0.15826942 -0.15913118 -0.03192683 0.09302454 0.04818531
0.38856931 -0.18065799 -0.06106542 -0.00103366 0.08678685 0.04093645
0.35516247 -0.17604034 -0.09657738 -0.03404830 0.08333273 0.03034505
0.02650369 -0.10322391 0.01194719 -0.00897654 0.00472465 0.01818081
0.06258805 -0.06441809 -0.00867110 -0.01973756 0.00664486 0.00530755
0.05209372 -0.11423247 0.03172858 -0.00682907 0.00210560 0.01344947
0.03706469 -0.16205357 0.07724387 -0.01554707 0.00623300 0.02205786
-0.00225446 -0.11707872 0.01455196 -0.01036789 0.00368393 0.01547387
0.01614992 -0.14588648 0.01859269 -0.00690866 0.00320078 0.02206045
0.00661240 -0.12000180 -0.00941166 -0.01033503 0.00480278 0.02068434
-0.12551882 -0.13854883 0.03842939 -0.00300897 0.00809767 0.01670309
-0.11513472 -0.09816046 0.00890560 -0.01482355 0.01296135 0.00309057
-0.08783979 -0.14656268 0.06786820 0.00331117 0.00639406 0.00940862
-0.09992593 -0.19638693 0.09736919 -0.00683209 0.01113853 0.02052694
-0.14082571 -0.16056281 0.01319063 -0.00250557 0.00752874 0.01170750
-0.10223313 -0.15983816 0.00942416 0.00365080 0.00826704 0.02092053
-0.10602557 -0.13820610 0.00221667 0.00231484 0.00956354 0.01157272
-0.38851932 -0.00508934 0.10827511 -0.00752668 -0.08823516 -0.01199032
-0.37420303 0.08104160 0.10114109 -0.02390893 -0.08407951 -0.01010467
-0.34492094 0.02633632 0.09355247 -0.00658626 -0.08928184 -0.02463698
-0.38587879 -0.01853010 0.11175801 -0.00434948 -0.08812376 -0.01043354
-0.37420288 0.04537432 0.05382750 -0.00392371 -0.08686422 -0.01566495
-0.40899593 -0.01564753 0.05571773 -0.02793125 -0.07979081 -0.01457073
-0.34308217 0.00743984 0.06776589 -0.00640311 -0.08221017 -0.01868933
-0.29925276 0.14744392 0.08536675 0.00522529 -0.03724613 -0.02440383
-0.31770322 0.11968370 0.10402247 0.00535204 -0.03258380 -0.04286434
-0.24808774 0.06459528 0.12966117 -0.00568073 -0.03436985 -0.01818002
-0.22502180 0.03742492 0.18244628 0.00900699 -0.03724366 -0.02798080
-0.15647069 0.06455738 0.09183557 0.01441224 -0.03297255 -0.01579670
-0.16928386 0.00695135 0.12236090 0.00324788 -0.03499702 -0.02457662
-0.16500229 0.07519089 0.08975070 0.00722764 -0.02565366 -0.01819261
-0.52738216 0.09240886 0.17776117 -0.00760539 -0.03663419 -0.01784504
-0.49041171 0.14396244 0.23088116 -0.01081537 -0.03521483 -0.01867968
-0.45158055 0.13888645 0.29912125 0.00293268 -0.04289237 -0.02823293
-0.44876039 0.07203770 0.26807018 0.01462934 -0.03694223 -0.03617477
-0.45321368 0.14700535 0.21510921 0.00851862 -0.02907957 -0.02226889
-0.49674481 0.03337900 0.25676368 -0.00443043 -0.03279182 -0.00407327
-0.39293297 0.13605941 0.26197663 0.01089818 -0.03773215 -0.02676262
-0.92758507 -0.17651802 0.08759271 -0.01305721 -0.10104928 0.00833338
-0.91489524 -0.14069600 0.10609787 -0.00355831 -0.10084503 -0.00349928
-0.85035525 -0.20918965 0.14945116 -0.01391845 -0.10463075 0.00892421
-0.81745379 -0.21619249 0.14068722 -0.00470347 -0.09780441 -0.00895315
-0.78852750 -0.09066493 0.16353525 0.00474517 -0.09680902 -0.01287491
-0.85117877 -0.15402328 0.18735629 -0.01253695 -0.09905595 -0.01229752
-0.71859457 -0.10868634 0.10090540 -0.01080927 -0.09106969 -0.01884669
-0.99126585 0.02547219 0.02309525 -0.00744713 -0.11174887 -0.00842525
-0.97867608 0.07631492 0.06238755 0.00306628 -0.10858072 -0.03417165
-0.88824250 0.00320025 -0.05891708 -0.01628559 -0.10683657 0.01934495
-0.94735093 0.09802473 0.12804669 -0.00488647 -0.11778316 -0.01016068
-0.87230437 0.07298185 0.00967199 -0.00399759 -0.11445532 0.00464167
-0.89693278 0.07143777 0.10850727 -0.00624726 -0.11007143 -0.03704670
-0.83076216 0.13367085 -0.03629320 -0.01395659 -0.09234133 -0.00011668
-1.02946512 0.11376990 0.02311432 -0.00455431 -0.06448891 -0.05416801
-1.03739485 0.18614171 0.08470459 -0.01913218 -0.05832850 -0.07220047
-0.96443772 0.06294620 -0.06205358 0.00054652 -0.05512214 -0.03216329
-1.08548582 0.16538911 0.11119799 -0.00531415 -0.06830782 -0.04000893
-1.02022536 0.07755983 0.00419652 0.00247988 -0.07076501 -0.02342309
-0.98410405 0.07693399 0.04794854 0.00172553 -0.06117975 -0.05164993
-0.88767737 0.19721970 -0.04843122 -0.00761939 -0.05523347 -0.03990170
-0.94631799 0.02132990 0.05269556 -0.00786420 -0.08413104 -0.00389707
-0.93453400 0.02891663 0.12691640 -0.01582007 -0.08349845 -0.02118371
-0.89013204 -0.04790799 0.03057532 -0.00986092 -0.08074552 0.00637467
-0.93258798 0.01954101 0.15027483 -0.01121436 -0.08974364 -0.00436956
-0.92191420 0.01436719 0.06496829 -0.00544790 -0.08828024 0.01068552
-0.92082411 0.00567058 0.10089615 -0.01116263 -0.08227988 -0.01866202
-0.83333798 0.06570402 0.03716740 -0.00776671 -0.07456143 0.00075385
-0.81767149 0.11345420 0.03711868 -0.00172405 -0.07241406 -0.01004763
-0.82086161 0.13598070 0.09888652 -0.00745532 -0.07105563 -0.02500295
-0.81702843 0.07984490 -0.00823083 -0.00920349 -0.07010544 0.00346901
-0.82279749 0.12181671 0.14802645 -0.00005353 -0.07830353 -0.01079397
-0.80501765 0.10451695 0.03655114 0.00056450 -0.07442231 0.01320876
-0.77333041 0.06328053 0.07569639 -0.00300709 -0.07164816 -0.01034784
-0.70711613 0.15680714 -0.00642813 -0.00104064 -0.06100244 0.00378548
-0.64737737 0.15876839 0.08977303 -0.00771914 -0.02224702 0.00186735
-0.63808195 0.22440244 0.16928799 -0.02962847 -0.01732159 0.00179149
-0.57318065 0.15729152 0.06477676 -0.01206012 -0.01604312 0.01005572
-0.63897774 0.21760670 0.19080438 -0.02123061 -0.02044863 0.00895857
-0.65769024 0.16924405 0.02493562 -0.01407714 -0.02114440 0.02566073
-0.61592929 0.18111575 0.09133383 -0.00895335 -0.01505288 0.01476498
-0.51873483 0.24898782 0.09825704 -0.01959700 -0.01866312 0.00769208
-0.89674391 0.06501228 0.04624080 -0.02293810 -0.05264376 -0.01728158
-0.88419288 0.14033842 0.11371763 -0.04386006 -0.04722973 -0.02303409
-0.83683647 0.05472875 -0.02940628 -0.02461822 -0.04611855 -0.00170480
-0.92862114 0.11598017 0.13601397 -0.02715690 -0.05176737 -0.00799130
-0.90849422 0.03387568 -0.01321244 -0.02255757 -0.05432180 0.00873717
-0.83326079 0.01958519 0.04589290 -0.01632403 -0.04615435 -0.00666233
-0.73691942 0.14479190 -0.00156725 -0.02610116 -0.04320680 -0.00673586
-1.55078664 -0.06551532 0.07585570 -0.05780329 0.04050968 -0.07511804
-1.62517682 0.12031521 0.18341176 -0.12358599 0.03852783 -0.04650467
-1.54808372 -0.04566495 0.11875353 -0.07296110 0.03875614 -0.04719017
-1.45729780 0.07110014 0.16059253 -0.08041182 0.05880327 -0.06465839
-1.45564005 -0.05573136 0.05576969 -0.02984263 0.03638680 -0.05942641
-1.25757098 -0.18037122 0.20865265 -0.01091176 0.04847373 -0.05813311
-1.29097015 0.06066340 0.05665760 -0.05718088 0.03666519 -0.10004523
-0.34376867 0.11784750 -0.03376348 -0.01697125 0.01533503 0.01872381
-0.34344096 0.22220979 -0.04648005 -0.02340655 0.02175609 0.02789392
-0.23304950 0.20988543 0.02519303 -0.01352078 0.01496180 0.03984435
-0.20389166 0.12408135 0.09653817 -0.01434721 0.02039795 0.01483642
-0.21569127 0.13105104 0.03098889 -0.03116983 0.02330545 0.03068206
-0.17063096 0.11274492 0.08414099 -0.01451384 0.01768411 0.02988134
-0.18220171 0.12601225 -0.02558814 -0.02180349 0.01741271 0.02705137
-0.35531156 -0.10185137 0.03617520 0.00024412 -0.01038396 -0.03959151
-0.40061053 -0.06325752 -0.08115456 0.00888371 -0.00634966 -0.04585496
-0.26138216 -0.07980720 0.03246801 0.00175972 -0.00792635 -0.01271830
-0.28782096 -0.05807780 0.02022026 -0.00103611 -0.01085774 -0.02512187
-0.20812694 -0.06687437 0.02448811 0.00958413 -0.00956211 -0.03116953
-0.24785163 -0.09116154 0.04785541 0.01456901 -0.01332124 -0.05438113
-0.24813648 -0.07154818 -0.10823257 0.00510875 -0.00197281 -0.04172303
-0.20592922 -0.02746789 0.03333678 0.02188317 -0.02983755 -0.00862061
-0.21979962 0.04785785 -0.04578567 0.03678132 -0.02567554 -0.02825948
-0.08809931 0.02372450 0.03619468 0.02038409 -0.02840522 0.01241530
-0.14826617 0.04688699 0.08888428 0.01968014 -0.02962480 -0.00605716
-0.01361119 0.09414176 0.01233092 0.03448932 -0.03040218 -0.00474020
-0.07537512 0.09701457 0.06826409 0.03478544 -0.03265818 -0.02519165
-0.09481261 0.05087953 -0.03152840 0.02051247 -0.01953585 -0.01156026
-0.09185303 -0.12039091 0.02126619 -0.04970338 -0.05290330 0.07931880
-0.10192079 0.01294284 -0.04200188 -0.05758311 -0.05664314 0.07043905
-0.07037906 -0.00643300 0.02134846 -0.05190090 -0.06104891 0.05816333
-0.03974375 -0.06443726 0.03934533 -0.05644833 -0.06161075 0.06106361
-0.07433890 -0.03355111 0.00511732 -0.05414262 -0.05515489 0.06837277
-0.02102447 -0.04237899 -0.00112439 -0.06372823 -0.05703943 0.07496908
-0.02899900 -0.01852856 0.03547933 -0.04170799 -0.05338947 0.07195967
-0.45586616 -0.16370956 0.07460331 -0.05176203 -0.05136971 0.12031235
-0.41466027 -0.04512938 0.08545144 -0.04473390 -0.04899370 0.11820002
-0.41314300 -0.05799328 0.10091987 -0.06354108 -0.05517097 0.13142172
-0.32821953 -0.17014641 0.19099984 -0.05140830 -0.05222787 0.11217444
-0.39037466 -0.03911190 0.10186734 -0.06681017 -0.05014741 0.12911077
-0.35354771 -0.15692195 0.11845565 -0.05105174 -0.05525319 0.11685998
-0.36572099 -0.10006961 0.06571925 -0.05373638 -0.04622782 0.11503378
-0.32920409 -0.41247889 -0.01469536 0.00605372 -0.02451333 0.12331182
-0.32380987 -0.27032021 0.01802944 0.00277660 -0.00945054 0.09024321
-0.21605734 -0.28190810 0.02937815 -0.00595932 -0.02048693 0.13476313
-0.20280953 -0.22078257 0.10990894 -0.00849679 -0.00943883 0.12913584
-0.17092429 -0.17109426 -0.01437684 -0.01835167 -0.01916220 0.11970139
-0.18014543 -0.10401527 0.05036512 0.01852567 -0.02201795 0.08924390
-0.23919195 -0.03580335 -0.03814769 -0.01035112 -0.01163931 0.07678353
-0.17707512 -0.10514138 0.05809691 0.02503711 -0.00734946 0.01512890
-0.20133991 -0.07964057 0.01633329 0.02531716 -0.00202467 -0.00589401
-0.11730484 -0.09137778 0.02584596 0.03304375 -0.00790064 -0.00003554
-0.13774746 -0.15381351 0.10699774 0.02595325 -0.00417544 0.01384329
-0.16950373 -0.09624194 -0.02314276 0.03238355 -0.00784205 0.01002961
-0.14344977 -0.08746426 0.00465589 0.03067071 -0.00496215 0.01734168
-0.18398931 -0.04739278 0.02863829 0.03001009 -0.00337124 0.00247145
0.01394602 -0.04868242 0.03348176 0.01457496 0.03060372 0.00203262
-0.02024200 -0.04261802 0.00593920 -0.00320018 0.03626741 0.00044529
0.03085828 -0.03474025 0.00698519 0.01557764 0.03042793 -0.00664212
-0.00144326 -0.09156991 0.08453262 0.01109099 0.03656446 0.01060898
-0.04808772 -0.05554942 -0.00242713 0.01103096 0.03396802 0.00169622
0.01602128 -0.05273171 -0.00575148 0.00713310 0.03070498 0.01259515
-0.00759647 -0.03387405 0.01240749 0.01416386 0.03106942 -0.00423896
0.03327033 0.11141571 -0.02872633 0.00093519 -0.01674301 0.01560462
0.00807425 0.16813802 -0.11789278 -0.00330415 -0.02156671 0.01215682
0.06634436 0.13005956 -0.05945920 0.00809967 -0.02410007 -0.00373089
0.01854484 0.07319226 -0.04007322 0.00289336 -0.02437901 0.00712309
0.03076773 0.11760042 -0.03576573 0.00302160 -0.01706957 0.01059656
0.09901932 0.08079527 -0.06285436 -0.01520622 -0.02116672 0.02359880
0.07060173 0.09516064 -0.04437639 0.01222515 -0.01980774 0.01799369
0.00708140 0.05201726 0.03443678 0.02383568 0.00158366 0.00375162
-0.02438156 0.07134052 -0.02047478 0.01158636 0.00092470 -0.00993418
0.00621823 0.05950018 0.00170676 0.02797159 -0.00114188 -0.01299761
-0.05909192 -0.03832442 0.06324631 0.01870832 -0.00158422 -0.00180558
-0.08299383 -0.00974792 0.00921188 0.02557395 0.00025054 -0.00116669
-0.03262796 -0.01627347 -0.04580544 0.00946202 0.00029161 0.01100424
-0.01841408 0.00344268 0.01635683 0.02794232 -0.00030130 0.00610646
0.12834505 0.01199503 -0.00010447 0.00325954 0.01168362 0.01289312
0.11815127 0.06941164 -0.05870110 -0.01611910 0.01235163 0.01009886
0.16619455 0.05949055 -0.00981106 0.00139683 0.00997817 0.00310688
0.13554551 0.02872758 0.03518953 -0.00878110 0.01147952 0.01444991
0.13081986 0.03691616 0.00462594 -0.00798073 0.01431361 0.01007451
0.18290730 0.04089093 -0.02085759 -0.01509038 0.01048334 0.02131684
0.15176286 0.02564304 -0.00946230 0.00405379 0.01017876 0.01379963
-0.00301808 0.13381675 -0.04616840 0.00227164 -0.00280825 0.00577734
-0.06347585 0.19790772 -0.09958216 -0.00286362 -0.00771869 0.00008973
0.04424858 0.23614731 0.03262722 0.00199594 -0.00674009 -0.00347689
0.01043524 0.21038897 -0.05536003 -0.00745404 -0.00616001 -0.00233884
0.08333618 0.16812149 -0.03912588 -0.00872426 -0.00225953 0.00695799
0.16384145 0.21990269 -0.06914103 -0.01078598 -0.00437777 0.00983664
0.08362149 0.18063329 -0.03418723 0.00087227 -0.00294951 0.00820975
0.00197723 -0.13067281 0.05343148 0.01658623 0.00383326 0.00257578
-0.00289131 -0.11089811 0.03636144 0.00397040 0.00747931 -0.00973919
0.02452022 -0.12073204 0.04748929 0.01817983 0.00277172 -0.01060948
-0.00370403 -0.17769434 0.11100615 0.01209278 0.00669268 0.00611560
-0.06969933 -0.14408515 0.02329689 0.01971499 0.00317183 -0.00224700
0.00797193 -0.13998436 0.02699215 0.00959335 0.00385340 0.00708409
-0.03483865 -0.08215800 0.02674837 0.01961356 0.00585523 -0.00438433
0.09199698 -0.07987580 0.04087987 0.00858509 0.01742657 0.00485086
0.09904472 -0.03991565 0.00546209 -0.00857502 0.02081041 0.00046424
0.11910974 -0.05016874 0.01662088 0.00791759 0.01809359 -0.00164425
0.11946624 -0.10181583 0.07660606 -0.00139013 0.02155447 0.01212909
0.08214423 -0.06856775 0.02319463 0.00495542 0.01988992 0.00247749
0.11914408 -0.04995927 0.01755429 0.00108946 0.01860466 0.01114272
0.08864048 -0.06292807 -0.00300405 0.01238160 0.01824475 0.00321527
0.09302708 -0.05501234 0.04038551 0.01976804 0.00400716 0.00040985
0.08064572 -0.04071143 -0.00579327 0.00705509 0.00552038 -0.01228083
0.09953893 -0.05591168 0.02025450 0.02165276 0.00238564 -0.01373304
0.06417904 -0.12416056 0.08374889 0.01468079 0.00536878 0.00210397
0.02218759 -0.09026233 0.01061674 0.02381580 0.00292186 -0.00698198
0.07801034 -0.09515716 0.00069540 0.01071312 0.00373862 0.00551567
0.06387156 -0.06313856 0.01780969 0.02499453 0.00568484 -0.00542220
-0.00094478 -0.13372672 0.07547655 0.02087964 0.00268436 0.01665037
-0.02106591 -0.12208106 0.05836963 0.00810538 0.00826642 -0.00347465
0.01666437 -0.12514117 0.07060869 0.02242777 0.00193320 0.00028347
-0.00022982 -0.18693352 0.15121420 0.01773217 0.00701860 0.01522711
-0.08015078 -0.14629848 0.03531603 0.02574752 0.00242694 0.00960638
0.00075758 -0.14337630 0.04501923 0.01754462 0.00280799 0.01988111
-0.02319292 -0.09987117 0.04740392 0.02147676 0.00580434 0.00176754
0.11610520 0.03256668 0.02145719 0.01390882 -0.01245626 0.01504239
0.08374687 0.04379147 -0.02748509 0.00252091 -0.01080404 -0.00104769
0.10677992 0.06037449 -0.01112785 0.01011179 -0.01260845 0.00573018
0.10891182 -0.02088157 0.05418989 0.00216127 -0.01136455 0.01176269
0.08767103 0.00458553 -0.00605362 0.01519899 -0.01097843 0.00957633
0.14970003 0.00041395 -0.01539888 -0.00224604 -0.01333217 0.01867876
0.10758146 0.00540400 0.01881998 0.01693708 -0.00889819 0.01450308
0.02688204 -0.12723207 0.02508250 -0.01472111 0.01528992 0.01017604
0.03548866 -0.10938775 -0.02232599 -0.03004015 0.01827918 0.00554662
0.03830669 -0.10110583 0.01269889 -0.01433229 0.01519915 0.00538471
0.03938566 -0.16738951 0.06962609 -0.02378638 0.01983389 0.01719640
-0.01256870 -0.13799358 0.01267462 -0.01647275 0.01758149 0.00789122
0.03654765 -0.12483165 0.00029748 -0.01782506 0.01548160 0.01779811
0.00612405 -0.12960362 -0.00698721 -0.01005313 0.01667460 0.00650024
0.30911002 0.00659939 0.04862849 0.01982138 -0.01494754 0.02337714
0.19242015 0.00204557 -0.02309445 0.00487036 -0.00944112 0.00928443
0.17011345 0.02881736 0.01026531 -0.00307022 -0.01169464 0.01166488
0.18558258 -0.00694349 0.02257783 0.00419353 -0.01134154 0.01231664
0.16666401 0.00015097 0.01972559 0.00407057 -0.01127941 0.01543116
0.17672371 -0.00594076 0.03143925 -0.00027080 -0.01039721 0.01208124
0.16620685 -0.00008993 0.01142631 0.00293420 -0.00885586 0.01972445
0.03315666 -0.01736396 0.00426712 0.00605247 -0.00838388 0.01840029
