0.02116028 -0.01906618 0.03397769 0.01395082 0.02173993 -0.00138022
0.01228541 0.02876707 -0.00781986 -0.00214119 0.02227704 -0.00434583
0.06447050 0.03590201 0.02539013 0.01575220 0.02057094 -0.00807629
0.01401317 -0.03881823 0.06047503 0.00850429 0.02286559 0.00272486
0.00664716 0.00072530 0.01652110 0.01126022 0.02328330 -0.00156139
0.04109001 0.02835015 0.01736483 0.00781798 0.02101267 0.00620329
0.02691667 0.00847565 0.02532824 0.01589448 0.02012735 -0.00043906
0.13252840 0.00722293 0.04069670 0.02440500 0.00720043 0.01104623
0.14063803 0.08826109 0.00314027 0.01040407 0.00728564 0.00196199
0.16839448 0.08544776 0.01244261 0.02594812 0.00449284 0.00088589
0.13064169 0.01596934 0.05664981 0.01558217 0.00605128 0.00959303
0.11681863 0.04915536 0.02471644 0.01954443 0.00771266 0.00735328
0.15800534 0.05779444 0.02442284 0.01315295 0.00637198 0.01592340
0.14664465 0.04979648 0.02582465 0.02523549 0.00479786 0.01327260
0.03293021 0.03870335 -0.03200767 0.01293083 0.01907151 0.00068062
0.00460329 0.07582168 -0.03870980 0.00123620 0.01861258 0.00214131
0.07685688 0.07984373 0.01239399 0.01846027 0.01666680 -0.00983455
0.05293057 0.03937080 0.00382471 0.00976904 0.01899416 0.00062929
0.05585533 0.07738869 -0.00452518 0.00963171 0.02266382 -0.00276388
0.10913284 0.07899490 -0.02249442 0.00073839 0.01837342 0.00932392
0.08344821 0.05102105 0.00312081 0.01639833 0.01602772 0.00389488
0.01143924 0.03591907 0.03322454 -0.01283740 -0.00610121 -0.01221048
0.00963307 0.03211187 -0.05915347 -0.00868963 -0.00221732 -0.01585738
0.08148854 0.03272443 -0.00217819 -0.02856668 -0.00027813 0.01611520
0.10725418 0.04303459 0.01282132 -0.02864552 -0.00137770 0.00920578
0.17833453 0.09447570 -0.04247640 -0.01686596 0.00001355 0.00514105
0.19993028 0.04023975 0.05500987 -0.00872609 -0.00757312 -0.01628499
0.14478219 0.04887283 -0.03600718 -0.01272903 0.00533641 -0.00217885
0.02562988 0.19755503 -0.01194851 0.01250623 -0.00269350 0.00892429
-0.00777620 0.25720887 -0.07210352 0.00050668 -0.00370848 -0.00156030
0.04345219 0.22156969 -0.03642722 0.00762917 -0.00451884 0.00083431
-0.01020112 0.11760628 0.03074544 0.00713940 -0.00881830 0.00535475
0.06638268 0.11150710 -0.03437524 0.00396146 0.00128324 0.01191982
0.10508155 0.14593624 -0.03744571 -0.01198574 -0.00512478 0.01573834
0.07167167 0.11436682 -0.02487743 0.01384625 -0.00303813 0.01864716
0.24740007 0.13727391 -0.02513902 -0.00041321 0.00732023 0.01051466
0.18570883 0.20347714 -0.03006017 0.00044287 0.00485075 0.00248619
0.25814619 0.24055038 0.05383105 -0.00345652 0.00524719 0.01426409
0.25302801 0.23885742 -0.01554614 -0.00841513 0.00729222 0.00481201
0.32464691 0.21202426 0.00349673 -0.01467043 0.01069351 0.02020467
0.36637917 0.18117122 -0.02513247 -0.00669023 0.00533878 0.00579301
0.29543519 0.18747862 -0.00057438 -0.00839338 0.01003780 0.01575888
0.40484201 0.29606652 0.02330322 0.00966472 -0.02125105 -0.01890069
0.42585362 0.37691884 0.00179077 0.03825057 -0.03492597 -0.03112594
0.40747326 0.42727645 0.13519846 0.01576374 -0.02456340 0.00114752
0.42213496 0.41809317 0.02108740 0.01660588 -0.02368717 -0.02684589
0.47232624 0.34972370 0.00368097 0.01467915 -0.02587678 0.00960575
0.50452352 0.35560038 0.02704943 0.01492800 -0.02326628 -0.02328058
0.50680444 0.38384121 0.06550719 0.00391732 -0.01618247 -0.00660097
0.53020362 0.38148101 -0.00927969 0.01019295 0.03196262 -0.01035642
0.52696086 0.38648497 0.02366089 0.02385487 0.02300921 -0.01286655
0.59744056 0.41399170 0.11970798 0.00074606 0.03063135 0.01319495
0.58416031 0.39447811 0.03698730 0.01142043 0.03415189 -0.01309512
0.63037030 0.32272652 -0.04696063 0.00574839 0.03359082 0.01550855
0.64238764 0.36130331 0.06391876 0.01455531 0.03363543 -0.01336857
0.67036197 0.37715994 -0.03125685 -0.00758365 0.04059761 -0.00840497
0.91546886 -0.03691590 -0.00908095 0.21336992 0.15982668 -0.16886749
0.92937455 -0.00710776 -0.02849634 0.15640441 0.18213784 -0.15267761
0.93303137 -0.00287339 -0.10524265 0.18250147 0.17983541 -0.22324905
0.88936321 0.01296092 -0.02778255 0.26698992 0.20035672 -0.15923239
0.96444182 -0.07492798 -0.07309285 0.21245856 0.17886055 -0.16649371
0.81391282 0.09523902 -0.15649932 0.24247828 0.17985374 -0.17631083
0.80569059 0.13753120 -0.11420378 0.17205652 0.17538382 -0.22283306
0.47439095 0.10548142 0.00743757 0.06711905 0.07195762 -0.05032707
0.48346009 0.02317104 0.00237380 0.05763854 0.08048673 -0.05715252
0.48470747 0.06666181 0.01610357 0.06712417 0.07692882 -0.06305550
0.44270229 0.06075553 0.02601120 0.07825580 0.08476426 -0.05055807
0.47031596 0.06078824 0.00937678 0.07050540 0.07853365 -0.04954063
0.44812657 0.07328727 -0.03681039 0.07263237 0.07596599 -0.05138105
0.44504125 0.13732629 -0.03633026 0.06256387 0.07647331 -0.06387261
0.48928469 0.18882353 0.03486942 0.03436784 0.11815528 -0.06160344
0.49084917 0.20272542 0.02489812 0.03954353 0.12584125 -0.05196740
0.51556613 0.17829452 0.03468034 0.03868480 0.12455714 -0.03557430
0.53518593 0.24201643 0.06460764 0.04527381 0.13323623 -0.04969082
0.52001186 0.23895526 0.00774544 0.02719447 0.12852892 -0.04046594
0.43941721 0.25603320 0.05052296 0.06460895 0.12083506 -0.06150477
0.40351178 0.24199981 -0.05486994 0.02733658 0.12546669 -0.06579601
1.09722108 0.00269804 0.19951977 0.04523921 0.06940362 0.18234451
1.09306879 0.00646515 0.14367054 0.04161435 0.08796412 0.15809147
1.10906772 0.00025121 0.13758581 0.02965802 0.08028946 0.17235928
1.07077673 -0.03182183 0.19233726 0.04646871 0.08873084 0.16402004
1.17253847 0.08722433 0.04768304 0.02365371 0.09137781 0.17505440
1.12071559 -0.02062365 0.14223428 0.04155005 0.09132538 0.17056595
1.07443437 0.04369303 0.14964280 0.02290165 0.08472412 0.15817344
0.55833276 -0.15219413 0.06152089 0.03232262 0.09278468 0.10583377
0.52605685 -0.11517211 0.03800350 0.03623163 0.10978045 0.08472785
0.57486635 -0.09423778 0.00265266 0.02553797 0.10229979 0.09258691
0.53961989 -0.07553892 0.07758261 0.03344412 0.11461476 0.09425293
0.55948246 -0.01581079 -0.02859845 0.01970186 0.11003589 0.09520003
0.51483393 -0.04840243 0.01409325 0.04790369 0.10573173 0.09885275
0.52060302 -0.00569541 0.03648653 0.01863846 0.10085521 0.07470025
0.49156416 0.27091309 -0.03089296 0.07922476 0.08512576 -0.04730786
0.45788486 0.24442013 -0.05114944 0.07521002 0.09035434 -0.05530180
0.51197927 0.25220506 -0.00828507 0.08269325 0.09048774 -0.05960513
0.48571251 0.25535937 0.04198500 0.09667296 0.09482081 -0.05038890
0.47178444 0.25823129 -0.02865874 0.07921230 0.09302064 -0.04470726
0.44545569 0.31379461 -0.04389122 0.09210879 0.09282002 -0.05254493
0.40681101 0.30702490 -0.03030107 0.07646613 0.08941396 -0.06284201
0.05819506 -0.11952183 0.08109273 0.13138134 -0.18556071 0.12883563
0.00619833 0.06428110 0.04347376 0.12931188 -0.17666570 0.05865256
0.07584664 0.03707253 0.05990913 0.09553529 -0.19748606 0.05229803
0.02684828 0.12158332 0.13842334 0.14645973 -0.18195314 0.06231670
0.16438926 0.16692206 0.15396259 0.12388411 -0.17986339 0.07577711
0.07304635 0.16967915 0.05467406 0.11891497 -0.17729491 0.07667412
0.07100705 0.24212983 0.09640832 0.09684437 -0.16737322 0.06235349
0.53273540 0.04891339 0.01910646 -0.00498713 0.06351700 0.05623075
0.46370704 0.10615542 0.02040466 -0.00568185 0.06764234 0.05540777
0.54718476 0.03261696 0.06527204 -0.01522162 0.06702628 0.05873435
0.50276063 0.06583319 0.01957367 -0.00753685 0.07723557 0.05656577
0.56965858 0.07380089 -0.05142928 -0.02183847 0.07937338 0.05384855
0.55146009 0.07110655 0.02244965 -0.00280960 0.07949541 0.05324609
0.52350778 0.09675933 0.02690599 -0.02347409 0.06984614 0.03748093
0.81815280 0.35267550 -0.03247041 0.07189957 0.04746509 0.03228353
0.74709527 0.39471813 -0.06226392 0.07908621 0.04970653 0.02395160
0.81004530 0.39703071 0.02985152 0.07327263 0.05146517 0.03718317
0.79864331 0.37104852 0.02396272 0.07384224 0.05599819 0.02849993
0.81084885 0.34777638 -0.07732364 0.06250790 0.05603389 0.03257755
0.76637976 0.42122800 0.02791655 0.07324492 0.06293148 0.01975881
0.75641975 0.38882751 -0.03649595 0.05142094 0.05371349 0.02733344
0.73314883 0.07494791 0.01384292 0.03036779 0.06428481 0.03294922
0.64342700 0.07721356 -0.05766944 0.03492005 0.06697374 0.02846754
0.71918227 0.07826450 0.00749594 0.02723067 0.06770777 0.03669536
0.67238212 0.08093552 0.00531604 0.03085837 0.07733075 0.03919245
0.73685952 0.06849399 -0.10534015 0.02118088 0.07508415 0.03116395
0.71966633 0.10954000 -0.01648134 0.03779245 0.07873512 0.02549339
0.70261709 0.12952085 -0.01365121 0.00568943 0.06951482 0.02551533
0.96626580 0.18015128 0.01626874 0.05826178 0.08489503 0.03703673
0.93243539 0.17059239 -0.03095506 0.06110390 0.09294882 0.03204870
0.97305991 0.19110318 -0.00376548 0.05327725 0.09144165 0.03815919
0.96676461 0.16929677 0.03347107 0.06225942 0.10035397 0.03723439
1.01516791 0.19140622 -0.07710948 0.05040680 0.09676607 0.03078147
0.94282463 0.24981819 0.01326805 0.06234144 0.09915268 0.02357897
0.90027682 0.23863669 -0.02846635 0.03893285 0.09259379 0.02488826
0.98421812 -0.14098844 0.08098260 0.07982843 0.08521578 0.00825485
0.89449897 -0.17871905 -0.01674405 0.06516542 0.10120279 -0.00322572
0.99142373 -0.14053775 -0.03665613 0.06702858 0.09881917 -0.00907477
0.90181962 -0.17893672 0.04402644 0.08817900 0.10994636 0.01224436
1.06103845 -0.18150700 -0.04398991 0.07511116 0.10245336 -0.00555162
0.98635361 -0.12273875 -0.01088487 0.08641325 0.10388536 -0.00763907
0.93700506 -0.07121447 -0.03041332 0.05006787 0.09715707 -0.02023830
0.55335242 0.02489535 0.01009475 0.04329131 0.03034701 0.03779218
0.45531716 -0.00529870 -0.07319455 0.04722034 0.03690832 0.01642045
0.48381504 -0.00790079 -0.09246659 0.03808613 0.03596433 0.03184312
0.41746993 -0.02112634 -0.05152975 0.03575085 0.03954141 0.03733987
0.51775903 -0.01539093 -0.11973468 0.03989062 0.03843178 0.03149698
0.49138986 0.00225409 -0.06050535 0.03892584 0.04061995 0.02712679
0.49490273 0.03861365 -0.05692524 0.02037812 0.03499222 0.02898315
0.28309222 -0.03002629 0.03800793 0.01928468 0.03494435 0.03262232
0.24370333 -0.06288072 0.00108207 0.01637452 0.04179716 0.01857015
0.23873884 -0.06136746 -0.04036100 0.01918075 0.03994251 0.02948658
0.19844947 -0.06139876 0.04095026 0.01084966 0.04291670 0.03543044
0.22082238 -0.05816650 -0.03877242 0.01323617 0.03900162 0.02895808
0.22840662 -0.07104591 0.01548329 0.02161247 0.03926024 0.02881256
0.20333022 -0.02706314 -0.00745185 0.00997755 0.03634663 0.02525220
0.37341684 -0.13783772 0.01716836 0.02953565 0.06832137 0.00755152
0.23748318 -0.11981822 -0.05797950 0.01770208 0.07673130 0.00344758
0.31974994 -0.15570435 -0.06927802 0.02585020 0.07528959 0.00170616
0.25523487 -0.15608050 -0.00691512 0.03083113 0.08400357 0.01718948
0.36079962 -0.18854054 -0.09113790 0.01489012 0.08071970 0.00656579
0.32603279 -0.07007260 -0.05984781 0.04201151 0.08226127 -0.00398417
0.30635264 -0.11536743 -0.07425244 -0.00409921 0.07281168 -0.01717096
0.41654557 -0.15776133 0.03441539 0.02216858 0.10178368 0.06106078
0.36190253 -0.14832302 -0.00887740 0.01263319 0.11700477 0.05314881
0.40767338 -0.16999325 -0.04631796 0.01876373 0.11141417 0.04920224
0.35540324 -0.17347593 0.08265908 0.02064659 0.12068460 0.06236708
0.39958194 -0.13562084 -0.04629779 0.00999460 0.11746331 0.05248152
0.38746677 -0.09923315 -0.00700278 0.03110300 0.11254866 0.05318694
0.38157761 -0.13303013 -0.03772289 0.00515974 0.10511936 0.03423809
0.22240281 -0.13898794 0.02029427 0.02030990 -0.02630183 0.04826386
0.21352533 -0.13539045 -0.03196755 0.01241189 -0.01981347 0.01018351
0.21884825 -0.18210934 0.01620762 0.01376754 -0.02520343 0.02484882
0.14325336 -0.23241052 0.06931885 0.01141680 -0.02243252 0.03647478
0.16458979 -0.18171651 -0.00645041 0.02141107 -0.02653572 0.03498713
0.19710956 -0.20300828 0.01093099 0.01837378 -0.02156790 0.03516834
0.20692121 -0.11107826 0.01851169 0.01545331 -0.02014221 0.02801862
0.18343691 -0.09662270 -0.00836793 -0.00345501 0.01667563 0.00544677
0.17881108 -0.08787459 -0.03629980 -0.01579449 0.02229754 -0.00313550
0.19429725 -0.13387064 -0.00747746 -0.00046707 0.01783126 -0.00076063
0.15053201 -0.15124124 0.04265497 -0.01417323 0.02220761 0.00566118
0.14240500 -0.11977572 -0.01718362 -0.00462136 0.01929061 0.00183182
0.17074876 -0.15165321 0.00242717 -0.00320819 0.01897429 0.00730613
0.17011348 -0.08473376 -0.02086791 -0.00410555 0.01698784 0.00077749
0.07033112 0.15998846 -0.03895736 -0.03789619 0.01904819 0.03629000
0.04135797 0.21389984 -0.05884456 -0.05660313 0.01995599 0.03576581
0.11559329 0.19679498 -0.02702932 -0.04373448 0.01716557 0.03290166
0.04374294 0.11480317 0.03645069 -0.04969161 0.01747500 0.02475263
0.10163811 0.10143241 -0.06182509 -0.05530907 0.02461081 0.04567962
0.11222603 0.07066206 -0.00469131 -0.05571319 0.01938720 0.05362993
0.13795498 0.08332356 0.01866293 -0.03808471 0.01475376 0.04885885
-0.18900463 -0.11462609 0.00700341 -0.02144787 0.04149180 0.00918138
-0.20020662 -0.13391507 0.00295636 -0.04002869 0.05000957 0.00947504
-0.11909881 -0.14105505 0.02005111 -0.01965091 0.04414316 0.00937043
-0.15790239 -0.21634806 0.09226221 -0.03107499 0.04932226 0.01560538
-0.16953513 -0.19822786 -0.01934014 -0.02189107 0.04754608 0.00956715
-0.14062054 -0.20100458 0.02582910 -0.01874283 0.04281735 0.01984138
-0.12534220 -0.16568340 -0.00304696 -0.01797646 0.04143203 0.00615956
-0.16959269 -0.02367395 -0.02590848 -0.04009490 0.04514683 0.01472272
-0.19911366 -0.01749330 -0.00265129 -0.05723096 0.05032551 0.02203351
-0.09842885 -0.01504582 0.04236734 -0.04065562 0.04443229 0.01964871
-0.12366268 -0.00056652 0.02122870 -0.05219572 0.04973124 0.01924628
-0.09050487 -0.03188460 -0.02407881 -0.04649924 0.05144737 0.01900179
-0.10261575 -0.01023091 0.02487916 -0.03533606 0.04498262 0.02841327
-0.12123059 -0.00806663 -0.00280859 -0.03781928 0.04313935 0.01519260
-0.15944682 0.00131366 0.04968785 -0.04224156 0.04928861 0.01773905
-0.19564470 -0.00349244 0.05459909 -0.06707299 0.05415084 0.01906944
-0.09079712 0.00811691 0.08196995 -0.04603778 0.04965248 0.01823055
-0.11322710 -0.00056070 0.12976211 -0.05332544 0.05366953 0.01406304
-0.09705980 -0.01864002 0.04728439 -0.05393215 0.05778193 0.02060674
-0.08144071 -0.01752122 0.03350372 -0.04576448 0.04987735 0.03288932
-0.09834632 -0.02043946 0.05507680 -0.03966514 0.04659063 0.02301721
-0.36554199 -0.15514225 0.06918020 -0.06619194 0.04775871 -0.02209991
-0.38843494 -0.22433832 0.08995184 -0.08695608 0.06387046 -0.01349743
-0.25539046 -0.23381554 0.04909978 -0.08051647 0.05420904 0.01166328
-0.32491345 -0.22955250 0.15669748 -0.08269990 0.05994996 -0.00265198
-0.26411690 -0.20885460 0.04019031 -0.06801673 0.05950706 -0.00352369
-0.23808582 -0.27795948 0.09408386 -0.05224801 0.04662824 -0.00061035
-0.29261779 -0.21813344 0.02737034 -0.06424277 0.05295909 -0.01718492
-0.12865813 0.11101382 0.02623438 -0.05847039 0.04850339 0.02190243
-0.19182244 0.09908934 0.00856790 -0.07669585 0.05624456 0.03229434
-0.05577309 0.14474082 0.06218208 -0.06279787 0.04817069 0.03205497
-0.09259797 0.06129961 0.12914021 -0.06582505 0.05250821 0.01894772
-0.10472614 0.06370335 0.01611750 -0.07456403 0.05852357 0.04205341
-0.03188921 0.06658226 0.04967142 -0.05933483 0.04938047 0.04628358
-0.06567548 0.07007546 0.03717563 -0.06102781 0.04538203 0.03447596
-0.10872980 0.04666583 -0.03102729 -0.00590498 0.01935140 -0.01667277
-0.15439391 0.02054703 -0.05303537 -0.01776791 0.02410260 -0.02876449
-0.04503638 -0.02049468 -0.05822471 -0.01287900 0.02083406 -0.01841903
-0.12138338 -0.14590029 0.09268166 -0.01197644 0.01931733 -0.01415016
-0.12313246 -0.12792191 -0.05768243 -0.00327495 0.02300698 -0.00861569
-0.06196611 -0.16265772 0.00782801 -0.01951545 0.01909506 -0.00022307
-0.08490035 -0.13764276 0.00301051 -0.00164878 0.02049102 -0.01206781
-0.10178169 -0.19572267 0.03207669 0.00318181 0.02992432 0.00295887
-0.09710144 -0.18118327 0.01927408 -0.01359282 0.03833135 -0.00802196
-0.06266817 -0.19252496 0.00274766 0.01015115 0.03359899 -0.00547926
-0.10633384 -0.26120223 0.07172198 -0.00398189 0.03772304 0.01143202
-0.15224383 -0.24001805 0.01017977 0.00543422 0.03252131 0.00104305
-0.12278074 -0.19989775 0.00880690 0.00459871 0.03153401 0.00701651
-0.09637874 -0.15524638 -0.00811690 0.00239369 0.02903768 -0.00666610
-0.11744765 -0.16130451 0.01312170 0.00318833 0.02839428 0.01362411
-0.14360646 -0.15255272 -0.00733752 -0.00894408 0.03604598 0.00360763
-0.09274035 -0.16373893 -0.00133395 0.01625907 0.03113303 0.00683389
-0.15432973 -0.23776609 0.05033874 -0.00469333 0.03670874 0.02116759
-0.18034734 -0.22771901 -0.00710960 0.00209886 0.03008509 0.01018927
-0.14436744 -0.16024690 -0.00652897 0.00555955 0.03137131 0.01467689
-0.12457290 -0.13621715 -0.03369414 0.00038752 0.02617977 0.00243930
0.10536413 -0.13409871 0.01905555 0.01279078 0.01462447 0.02003765
0.06345036 -0.08532329 -0.03123770 0.00400341 0.02305208 -0.00119116
0.09800621 -0.12541431 -0.02567755 0.01540995 0.01678436 0.00328369
0.00815933 -0.18989053 0.01033471 0.00929166 0.02082619 0.02002916
0.02768548 -0.14204930 -0.02585090 0.01601656 0.01634873 0.01559295
0.03886642 -0.12566455 0.00512566 0.01460525 0.01845597 0.01949640
0.06201604 -0.08069436 0.00073880 0.00944336 0.01435849 0.00348147
0.13070012 -0.03935525 -0.01840120 0.00559333 -0.00323366 0.00811189
0.09465385 0.01453577 -0.05859700 -0.00788909 -0.00167119 -0.00623363
0.14492224 -0.02097054 -0.00548091 0.00615806 -0.00354028 -0.00518358
0.11753225 -0.06897408 -0.00581856 -0.00288984 -0.00186297 0.00326891
0.10227589 -0.05486692 -0.02457152 0.00928872 -0.00256019 -0.00340426
0.11717500 -0.02055270 -0.00067115 -0.00125115 -0.00137434 0.00888299
0.11616941 -0.00460713 -0.00343881 0.01260428 -0.00289834 0.00266289
0.12363962 -0.02523349 -0.02795860 0.01291159 0.00038908 0.00488231
0.08137070 0.00533074 -0.07155159 0.00082840 0.00329422 -0.01269143
0.13108435 -0.02071965 -0.03057586 0.01493054 0.00146890 -0.00914153
0.10484110 -0.07679380 -0.03187649 0.00481689 0.00319172 -0.00150338
0.11223823 -0.07079918 -0.05744063 0.01573249 0.00184954 -0.00507977
0.12045318 -0.03215073 -0.01309823 0.00435365 0.00344744 0.00453233
0.11246436 0.01389053 -0.01598274 0.01967939 0.00134935 0.00026680
0.13343451 -0.03401362 -0.01499854 -0.00095605 0.00040361 0.00261267
0.11324113 0.00042091 -0.05018008 -0.01546203 0.00147990 -0.00994229
0.15578914 -0.03727623 -0.01799132 0.00091081 0.00047184 -0.00953707
0.12459545 -0.07916147 -0.01408480 -0.00906510 0.00167659 -0.00138592
0.12311943 -0.06574142 -0.02356250 0.00329133 0.00167821 -0.00635775
0.12250310 -0.05142394 -0.00582065 -0.00895889 0.00148040 0.00427308
0.12085785 -0.01131658 -0.01609436 0.00604927 0.00042363 -0.00044021
0.05266406 -0.06868039 -0.00364893 -0.00397771 0.01048285 0.00560538
0.04361749 -0.03467757 -0.01511285 -0.02052014 0.01324384 -0.00524452
0.09186107 -0.07307210 -0.00073005 -0.00298120 0.01083277 -0.00537728
0.05510874 -0.11036029 0.00514467 -0.01390634 0.01342053 0.00181775
0.03888779 -0.08813011 -0.01799998 -0.00081740 0.01317167 -0.00410211
0.05667819 -0.07326068 0.01204485 -0.00896322 0.01196962 0.00900857
0.05641119 -0.03943988 -0.00028432 0.00295151 0.01046274 0.00064445
0.11668415 -0.03148736 -0.02612828 0.00592356 0.00296124 0.00473183
0.04925838 -0.01676780 -0.05241883 -0.00223663 0.00505172 -0.00434708
0.04604506 -0.00414584 -0.00908699 -0.00190744 0.00355829 -0.00834416
0.05379720 -0.05392753 -0.02692575 0.00663918 0.00407996 -0.00846502
0.05246796 -0.05917778 -0.00639955 0.00606942 0.00300122 -0.00534769
0.04280896 -0.03736136 -0.00136926 0.00256310 0.00481721 -0.00251827
0.04075514 -0.01663723 -0.00518205 0.00313594 0.00441614 0.00212979
-0.01870427 -0.00406723 0.00822291 0.01341649 0.00130395 0.00098765
