0.03741486 0.17470181 -0.00150240 -0.00898898 0.00317501 -0.01380946
0.12326838 0.12994314 0.01311383 -0.00544927 0.00037158 -0.00949107
0.07331644 0.07125543 -0.03269183 -0.01537353 0.00265451 -0.00719385
0.08695520 0.12240700 -0.06791852 -0.01314866 0.00081676 -0.02185199
0.15840482 0.13786910 0.06910983 -0.01142754 0.00170636 -0.01292999
0.05881244 0.17932242 0.03323519 -0.01049411 -0.00180795 -0.00753825
0.12233704 0.15957445 0.04108211 -0.00052522 0.00370138 -0.01614390
0.04613277 0.20618560 -0.00727938 -0.00983072 0.00275590 -0.01585063
0.14807135 0.17062005 0.03008186 -0.00537801 -0.00084528 -0.01203492
0.12153884 0.12721474 -0.01362571 -0.01949021 0.00100506 -0.00708691
0.11563211 0.16510164 -0.08985205 -0.01535247 -0.00159856 -0.02322640
0.17669626 0.19813566 0.07793562 -0.01437199 0.00098848 -0.01117983
0.08017411 0.22308221 0.07888343 -0.01260737 -0.00157919 -0.00979086
0.15048538 0.22956219 0.02920249 0.00101229 0.00230276 -0.01865175
0.03341017 0.15334690 0.01570208 -0.00253912 0.00486146 -0.01394212
0.10098910 0.10487488 0.00119822 0.00137917 0.00264144 -0.00987466
0.04557389 0.05820004 -0.04154965 -0.00709622 0.00431902 -0.00965755
0.06725096 0.11600690 -0.05187792 -0.00736244 0.00358255 -0.02079515
0.14638624 0.10509633 0.05679813 -0.00327194 0.00311250 -0.01539638
0.03989910 0.15777363 0.01611937 -0.00572310 -0.00075351 -0.00687233
0.10414783 0.12965363 0.03644508 0.00369297 0.00554817 -0.01386586
-0.02473316 0.05952388 -0.00563922 0.00068387 0.00647878 -0.01045227
-0.00015817 0.03229684 -0.00261674 0.00533789 0.00532295 -0.00278499
-0.04366493 -0.03261108 -0.03824723 -0.00015528 0.00700665 -0.00844096
-0.05930597 0.05076434 -0.00172125 -0.00203954 0.00404681 -0.01002283
0.00755377 -0.02507576 0.01208182 0.00651127 0.00309052 -0.01113243
-0.06073886 0.02838785 -0.01349499 0.00016882 0.00064069 -0.00277696
-0.00627649 0.01682579 0.06370923 0.00517067 0.00698077 -0.00574688
0.04337638 0.18133294 -0.00162075 -0.00708124 0.00340443 -0.01461362
0.12754906 0.13797002 0.01742701 -0.00310571 0.00064281 -0.01006894
0.08504635 0.08415865 -0.02678525 -0.01424817 0.00264184 -0.00757127
0.09640888 0.13526382 -0.06842598 -0.01192169 0.00064904 -0.02199487
0.16186066 0.15324002 0.07071673 -0.00976978 0.00163096 -0.01234832
0.06215091 0.19052388 0.04334886 -0.00954409 -0.00149838 -0.00859240
0.12814742 0.17883550 0.03708584 0.00143122 0.00359078 -0.01718238
0.45711815 0.46310030 0.09593219 0.04484969 0.00484943 -0.11573443
0.48846863 0.45123480 0.21122605 0.06120511 0.00860000 -0.09389161
0.67125432 0.35884265 0.00851184 0.04768535 0.00489615 -0.07906010
0.65336138 0.37347544 -0.06637844 0.04649515 -0.00556053 -0.07530608
0.46867087 0.61218888 0.18056734 0.05930749 0.01532638 -0.07162510
0.61791237 0.44228163 0.16632939 0.05330085 0.01457252 -0.08603617
0.47707491 0.41252300 0.07530201 0.08647869 0.00742944 -0.09510801
0.33639692 0.50899088 0.10166617 0.05927784 0.00981562 -0.13984611
0.36029443 0.49544308 0.21579165 0.07811792 0.01426397 -0.11132544
0.56171957 0.40005423 0.01913786 0.05929282 0.00781989 -0.09479431
0.50653882 0.38985364 -0.07424596 0.05991251 -0.00272430 -0.08832878
0.36132753 0.67226730 0.20075286 0.06975244 0.01956426 -0.08568977
0.47488801 0.50099567 0.18569643 0.06527349 0.02022344 -0.10690851
0.37671454 0.46044882 0.10769207 0.10293815 0.00912877 -0.10990655
0.10812337 0.43169819 0.05709423 0.04736426 0.01289583 -0.11427469
0.17190112 0.41195273 0.15856609 0.06012821 0.01508710 -0.09465935
0.29359451 0.35816051 0.00252272 0.04012813 0.00890629 -0.08108214
0.23318028 0.32348868 -0.08114776 0.04148492 0.00366707 -0.08133718
0.17451927 0.54120302 0.15336994 0.05007948 0.01801822 -0.07554368
0.20459285 0.42143594 0.16619500 0.04252092 0.01661292 -0.08933046
0.17183274 0.40382702 0.06956920 0.07951643 0.00892105 -0.08858796
0.80736004 0.54896772 0.18061308 0.07687395 -0.00106918 -0.18051984
0.67897134 0.60256153 0.32492664 0.10314115 0.00728376 -0.14159561
1.13280542 0.42768963 0.05009165 0.08762221 0.00396140 -0.11991580
1.01715282 0.48322104 -0.03070912 0.07690569 -0.01601667 -0.09898896
0.72354816 0.81885658 0.21210933 0.10331758 0.01996423 -0.11538727
1.04195468 0.56704286 0.21634042 0.09608915 0.02120832 -0.13730987
0.75800218 0.43623064 0.09078972 0.13589249 0.00775221 -0.14861573
0.85992731 0.41333228 0.14432117 0.05386365 0.01496968 -0.09675305
0.82622960 0.40046930 0.21613058 0.06925308 0.02384584 -0.08268122
1.08045280 0.31936884 0.04655901 0.06126954 0.01921305 -0.06878160
1.06995404 0.33650078 0.00848190 0.05013798 0.01069920 -0.06004456
0.84896088 0.52915648 0.12212448 0.06944121 0.02895453 -0.06311018
1.03321381 0.36571752 0.15198547 0.05675915 0.02682280 -0.07961891
0.81643090 0.30811086 0.03891567 0.08371720 0.02207029 -0.07571077
0.97779334 0.28647464 0.13646869 0.04168993 0.02246486 -0.05322776
0.94927736 0.25506355 0.15495955 0.05133452 0.03151333 -0.04916696
1.13489076 0.22172682 0.05647086 0.04516454 0.02706055 -0.03588539
1.17184415 0.20673908 0.04395353 0.03787192 0.02281340 -0.03512068
0.98921642 0.35178795 0.09186582 0.05097190 0.03339309 -0.03237592
1.09837830 0.23395825 0.11885719 0.04033111 0.03086096 -0.04767203
0.91493897 0.19544594 0.03397821 0.05510433 0.02979184 -0.03882148
0.80569685 0.37928104 0.13598764 0.04842994 0.01783868 -0.08064064
0.80720343 0.34908336 0.18513359 0.06111547 0.02583765 -0.07045699
1.00044668 0.29642701 0.04495999 0.05215783 0.02092398 -0.05642787
1.01048864 0.29193778 0.00762528 0.04463916 0.01445162 -0.05221604
0.82307868 0.46988115 0.11537320 0.05978864 0.02895213 -0.05078127
0.95261253 0.33231109 0.14125835 0.04892800 0.02699064 -0.06734341
0.77322103 0.28493881 0.04379130 0.07319176 0.02298089 -0.06175725
0.90231061 0.38267441 0.14124114 0.05596207 0.01623238 -0.09777029
0.84590971 0.36977079 0.20238306 0.07050631 0.02495056 -0.08122420
1.10900685 0.29618278 0.05193852 0.06261953 0.02105132 -0.06910390
1.10168368 0.31985331 0.01150021 0.05213459 0.01274072 -0.06000951
0.89644641 0.50089888 0.13161149 0.07127638 0.03091235 -0.06252128
1.06243551 0.34394436 0.14078530 0.05862859 0.02937458 -0.08002872
0.84828794 0.27832001 0.04506957 0.08397478 0.02422207 -0.07576301
0.32493502 0.47456570 0.08838780 0.04946659 0.01004736 -0.12050010
0.36974378 0.46206795 0.19819595 0.06583635 0.01328220 -0.09664662
0.52281361 0.36782779 0.01186761 0.04939564 0.00786844 -0.08180256
0.49073596 0.36367599 -0.07402457 0.05058771 -0.00077903 -0.07990843
0.35829548 0.61138242 0.18162888 0.05871860 0.01823389 -0.07318702
0.45326453 0.46297237 0.17266482 0.05358166 0.01806587 -0.09162340
0.36673725 0.42502902 0.09536363 0.08830512 0.00942148 -0.09523847
0.76296158 0.29224714 0.12192216 0.04259118 0.02172003 -0.06147088
0.76622009 0.25874151 0.14953510 0.05410199 0.02913366 -0.05457716
0.91646619 0.22872075 0.04882607 0.04352252 0.02406638 -0.04125573
0.93699031 0.21608490 0.01871274 0.03830695 0.02019286 -0.04028246
0.79217754 0.36675438 0.10197503 0.05041180 0.03076759 -0.03752668
0.87381005 0.25144156 0.11813452 0.04124409 0.02880790 -0.05266244
0.72876781 0.21926861 0.03792351 0.05936600 0.02651631 -0.04486473
0.68625897 0.04880030 0.10291403 0.03161892 0.03005079 -0.00731127
0.68154126 0.01285543 0.06848254 0.03785826 0.03546950 -0.00854923
0.73307872 0.04435143 0.05729258 0.02264486 0.02994116 -0.00013354
0.76960132 0.00159996 0.06482338 0.02220614 0.03259115 -0.00516961
0.72632760 0.07584398 0.06459635 0.03025804 0.03200610 0.00200544
0.68565235 0.05115502 0.05681900 0.02333257 0.02895506 -0.01102277
0.62936544 0.02956736 0.03060740 0.02795590 0.03165291 0.00331555
0.93278244 -0.05590832 0.10130895 0.02224442 0.03085480 0.02193632
0.87424830 -0.08802544 0.04315512 0.02720177 0.03860787 0.01704389
0.93198918 -0.02688378 0.07749576 0.01552616 0.03360585 0.02532006
1.00135893 -0.08031006 0.10057338 0.01623190 0.03769611 0.01760501
0.96068352 -0.04024763 0.05441203 0.02162234 0.03509649 0.02821414
0.89122117 -0.04106577 0.04591824 0.01752236 0.03084149 0.01181833
0.83967216 -0.06156700 0.02882210 0.00913466 0.03565600 0.02820007
0.69333963 0.03641955 0.08886235 0.02826445 0.02813535 -0.00839992
0.66586718 0.00596983 0.07070908 0.03573198 0.03368306 -0.00750837
0.72988763 0.02925708 0.05664997 0.02035664 0.02927057 0.00135903
0.76584131 0.01132876 0.05859953 0.01999009 0.03086158 -0.00562309
0.71938120 0.06849308 0.07941311 0.02841123 0.03243439 0.00207689
0.67923896 0.03796330 0.05498614 0.02269883 0.02874370 -0.01072353
0.61815530 0.01866190 0.02163366 0.02616311 0.03074089 0.00171485
0.72731435 -0.07215237 0.07908289 0.02261546 0.02842372 0.01548985
0.66560157 -0.09014668 0.06133472 0.02883709 0.03379627 0.01285832
0.72130077 -0.04673460 0.06074686 0.01234247 0.02904562 0.02401690
0.75925440 -0.06788452 0.08188440 0.01360525 0.03261694 0.01508304
0.72309420 -0.04178665 0.07098804 0.02038367 0.03181082 0.02283684
0.66677608 -0.04471306 0.04936717 0.01863413 0.02716222 0.00960221
0.63471958 -0.06362872 0.01675281 0.01287802 0.03060106 0.02316111
0.75089313 -0.07388594 0.04999930 -0.01888156 0.01512702 0.04480296
0.73476598 -0.09301480 0.02421489 -0.01437925 0.01946070 0.03482744
0.74841112 -0.08832823 0.02203783 -0.02824247 0.01652052 0.04607417
0.80808923 -0.09311666 0.04902632 -0.02671822 0.01643515 0.03313536
0.77831656 -0.09135807 0.04418824 -0.02336162 0.01885442 0.04221500
0.70368558 -0.05294293 0.02270080 -0.02451735 0.01226970 0.03086630
0.67340568 -0.06743014 0.00421456 -0.01802847 0.01867364 0.03797278
1.00437365 -0.11551442 0.07697353 -0.00392952 0.02365703 0.05012605
0.93485616 -0.13550393 0.03236647 0.00055183 0.03045339 0.03883414
0.98267667 -0.09276345 0.06640533 -0.01162072 0.02679529 0.05278901
1.06698178 -0.13232042 0.08876220 -0.00825642 0.02915387 0.03943808
1.02781646 -0.11340452 0.05122674 -0.00723469 0.02864232 0.05169541
0.94060861 -0.07936860 0.03741750 -0.00615104 0.02334390 0.03505517
0.90477757 -0.10652496 0.03081866 -0.01334099 0.02913489 0.04584714
0.97413041 -0.13764644 0.06813886 -0.01065183 0.02035772 0.05512121
0.90285093 -0.15186973 0.03336604 -0.00663412 0.02694041 0.04358988
0.95085777 -0.11472005 0.05858941 -0.01978322 0.02314393 0.05804939
1.02587722 -0.14119119 0.08484523 -0.01600514 0.02513046 0.04486430
0.98746553 -0.13043966 0.05069761 -0.01432676 0.02562134 0.05579967
0.90328641 -0.09108428 0.04087063 -0.01313715 0.01946320 0.04060089
0.87031722 -0.11414215 0.02572350 -0.01878417 0.02551464 0.04978133
0.92158839 -0.22993350 0.04786093 -0.01491971 0.01691497 0.07222117
0.82217395 -0.22265432 0.03057064 -0.01071434 0.02212833 0.05721647
0.85431859 -0.18923096 0.05707135 -0.02785489 0.01825638 0.07530641
0.91865987 -0.20577997 0.07711289 -0.02241715 0.02067663 0.06056715
0.90449944 -0.21397084 0.04721084 -0.02093349 0.02122818 0.07236385
0.80227077 -0.14115700 0.03443215 -0.01397632 0.01477773 0.05462089
0.80124818 -0.16930390 0.02635148 -0.02322682 0.02043987 0.06255795
0.86987376 -0.18101992 0.04284733 -0.02173311 0.01602550 0.06769760
0.79748966 -0.18562665 0.03304643 -0.01665375 0.02086830 0.05407061
0.82429685 -0.16457664 0.04685821 -0.03422916 0.01770995 0.07148932
0.88454790 -0.17443199 0.06825268 -0.02821458 0.01883153 0.05618357
0.85824944 -0.17607853 0.05130700 -0.02681488 0.02068781 0.06763285
0.77911735 -0.11880276 0.03886229 -0.02143160 0.01402584 0.05004169
0.76263152 -0.13908552 0.02521422 -0.02579582 0.01955672 0.05811254
0.58925405 -0.26229547 -0.02905096 -0.03182163 0.00321811 0.09061794
0.43685250 -0.22411946 0.03196537 -0.03254750 0.00335911 0.07389336
0.42801656 -0.26369046 -0.02155639 -0.05304550 0.00124649 0.09341706
0.46900153 -0.17533038 0.05820334 -0.04000736 0.00248624 0.06929374
0.49453918 -0.28931528 0.07354804 -0.03527344 0.00751426 0.08361366
0.41749202 -0.18306687 0.02404236 -0.02660917 -0.00087277 0.07178240
0.47330670 -0.18099096 0.04058650 -0.04142897 0.00370368 0.07099138
0.48216239 -0.23557199 -0.01199338 -0.02152989 0.00121831 0.08554869
0.35844609 -0.18452991 0.04347648 -0.02833430 0.00042243 0.06849925
0.37683647 -0.21537323 -0.02145085 -0.04358295 -0.00172880 0.08307655
0.37527364 -0.13122481 0.08820125 -0.02592195 -0.00263888 0.06267233
0.39508902 -0.28339164 0.07553383 -0.02364079 0.00438408 0.08051018
0.35446398 -0.17884344 0.04743544 -0.02017582 -0.00076893 0.06869754
0.41150324 -0.14435058 0.07693622 -0.03494858 0.00193094 0.06249023
0.20614108 -0.50062954 -0.10821557 -0.09095188 -0.01350130 0.13792770
0.13663834 -0.36078025 0.00365308 -0.10044605 -0.01262583 0.11094574
0.13052419 -0.43013699 -0.01673019 -0.11664748 -0.01634579 0.13335253
0.04697855 -0.33893935 0.03134946 -0.10991023 -0.01812170 0.12329538
0.10774863 -0.42723134 -0.02767341 -0.11290759 -0.01106822 0.12192080
0.03918885 -0.28585181 0.01862147 -0.10031068 -0.01723437 0.11468931
0.11434115 -0.23030799 -0.00345461 -0.08500611 -0.01297477 0.10737723
-0.18878765 -0.24565568 -0.14255734 -0.05216490 -0.00188414 0.05845507
-0.11912770 -0.10370100 0.04459670 -0.05740181 -0.00343241 0.04853870
-0.05512800 -0.20801604 0.02409605 -0.06287615 -0.00372263 0.04812029
-0.23402827 -0.14729855 0.00716879 -0.06385220 -0.00882736 0.04985302
-0.17418284 -0.21667244 -0.10924382 -0.05983039 -0.00318679 0.04908300
-0.24579955 -0.11756191 -0.04006502 -0.05994576 -0.00491104 0.05570967
-0.13945879 -0.02942257 0.01988299 -0.04651406 -0.00233365 0.03947046
-0.67794859 -0.25146427 -0.05217689 -0.05205179 -0.00384574 0.06722278
-0.62752493 -0.19994399 -0.03886629 -0.07287217 -0.00321475 0.04187251
-0.66213757 -0.19719031 -0.01366814 -0.08673244 -0.00775440 0.05595617
-0.74838847 -0.14259939 -0.03877494 -0.08375409 -0.00396438 0.05716941
-0.65871865 -0.15870005 -0.04424527 -0.08455243 -0.00191640 0.05211300
-0.64598545 -0.12051180 0.06162355 -0.07655393 -0.00396660 0.05849075
-0.68827212 -0.06107827 -0.03997697 -0.05220563 -0.00400924 0.05045910
-0.59898183 -0.24054153 -0.02446369 -0.00995035 0.01126441 0.02213286
-0.58779590 -0.19880382 0.00647028 -0.02594717 0.01056091 0.01282358
-0.55057373 -0.18052494 0.04809484 -0.03796550 0.00582270 0.01224868
-0.68319820 -0.17419860 0.04168855 -0.03573236 0.00876821 0.02169219
-0.57706594 -0.15128386 -0.02145932 -0.03203003 0.00998880 0.01445912
-0.57757620 -0.11271365 0.05060116 -0.03064290 0.00862214 0.02707757
-0.62564097 -0.08064124 0.02678752 -0.01153580 0.00655912 0.02143499
-0.63857354 -0.10885833 -0.02088474 -0.00486519 0.01369371 0.00381982
-0.58817521 -0.09201733 0.00747086 -0.01717765 0.01438590 -0.00344707
-0.56524467 -0.06642095 0.03881563 -0.02911708 0.01008625 -0.00469348
-0.68251334 -0.04677895 -0.01050707 -0.02967426 0.01337306 -0.00160689
-0.58883704 -0.02918852 -0.02010188 -0.02234251 0.01228382 -0.00439165
-0.61248738 -0.03775025 0.05791202 -0.02364305 0.01048396 0.01104413
-0.62386878 -0.00074456 -0.02226695 -0.00582553 0.00898064 0.00537441
-0.87764345 -0.05274011 -0.01082326 0.01802921 0.01376847 -0.03197463
-0.82094736 -0.04706263 0.01074508 0.00416159 0.01524634 -0.03255548
-0.79246849 -0.03444450 0.03628289 -0.00700421 0.00863202 -0.03872487
-0.91065094 -0.04839347 0.01314304 -0.00575800 0.01536595 -0.03706361
-0.83133951 0.01481434 0.00664989 0.00304681 0.01249676 -0.03681804
-0.84571525 -0.03125158 0.03910771 -0.00764106 0.01180510 -0.02086953
-0.87480672 0.02003402 -0.03000500 0.01324775 0.00724062 -0.02115188
-1.20151274 0.07145345 0.02542975 0.02139411 -0.01356636 -0.05226260
-1.07594609 0.03356131 -0.02265094 0.02997306 -0.00927275 -0.05566584
-1.08627699 0.04172429 -0.00459246 0.00432606 -0.01694752 -0.05854937
-1.13715313 -0.03119496 -0.01856401 0.01393094 -0.00258115 -0.06331020
-1.06290348 0.06171819 0.01686929 0.02001634 -0.01003829 -0.06192037
-1.05895706 -0.01861026 -0.03400309 0.00747359 -0.00749003 -0.04869611
-1.10332020 0.08361899 -0.07601747 0.01989122 -0.01436638 -0.04358162
-1.18228056 0.04350544 0.02502605 0.01534861 -0.01180878 -0.04511163
-1.06942341 0.01063130 -0.02081135 0.01294330 -0.00742674 -0.04813819
-1.07937127 0.02828917 -0.00131959 -0.00755654 -0.01674489 -0.05124608
-1.14691891 -0.03588741 -0.02451482 0.00118448 -0.00438630 -0.05716551
-1.07884973 0.06238507 0.01987249 0.00639634 -0.01119892 -0.05311526
-1.08268596 -0.01281820 -0.00014976 -0.00676306 -0.00968590 -0.04025055
-1.13889143 0.06809832 -0.08151820 0.01148028 -0.01501802 -0.03705199
-0.99605471 -0.08125044 0.00871193 0.00862642 0.00533784 -0.01989488
-0.90757191 -0.08571036 -0.00622515 -0.00112118 0.00804955 -0.02666668
-0.89711905 -0.07498178 0.03532074 -0.01575446 0.00212994 -0.02907172
-0.97758986 -0.11136272 0.01584220 -0.01035176 0.00955856 -0.02540106
-0.89650705 -0.02339165 0.00578112 -0.00680167 0.00734394 -0.02701019
-0.88792816 -0.07523103 0.02532099 -0.01270879 0.00707107 -0.00701838
-0.93858637 0.01208105 -0.00552590 0.00536878 0.00242253 -0.00920658
-1.00152038 -0.01756166 0.01656618 0.01830818 -0.00444283 -0.03459880
-0.88954777 -0.03580365 -0.01549995 0.02077598 -0.00123202 -0.03823425
-0.89712828 -0.01603487 0.02561278 0.00179511 -0.00753761 -0.04062391
-0.95956661 -0.07600830 0.00902074 0.00337399 0.00145183 -0.04142883
-0.87204300 -0.00349077 0.00278577 0.01095625 -0.00222721 -0.04591735
-0.86571135 -0.06308964 -0.02412736 0.00599631 -0.00329966 -0.02635842
-0.90167426 0.03596152 -0.04735792 0.01994551 -0.00710091 -0.02587603
-1.18430726 0.02016095 0.02226883 0.01516240 -0.01737759 -0.04481758
-1.05312079 -0.01037473 -0.03415426 0.02170957 -0.01323568 -0.04899808
-1.06730379 0.01318370 0.00105612 0.00144379 -0.02150167 -0.05015659
-1.12195499 -0.06862284 -0.00769896 0.00506092 -0.00882335 -0.05348856
-1.04691118 0.01931356 -0.00511116 0.01296708 -0.01473735 -0.05651540
-1.02268435 -0.05437192 -0.04562842 0.00497825 -0.01290554 -0.04093209
-1.07750595 0.04855092 -0.08861296 0.01540901 -0.01918639 -0.03648282
-1.09620214 0.12025312 0.03079914 0.01803959 -0.01434331 -0.05168399
-0.97774118 0.08519154 -0.01231225 0.02226905 -0.01047445 -0.05428659
-0.98582774 0.09758981 -0.00238491 -0.00200831 -0.01827688 -0.05525634
-1.04115397 0.02765904 -0.04372745 0.00764594 -0.00591349 -0.06444930
-0.97151607 0.12242267 0.02513775 0.01316498 -0.01264560 -0.05856313
-0.97727604 0.04231980 -0.00050697 0.00049134 -0.01124037 -0.04906226
-1.02456048 0.12047977 -0.08177252 0.01751527 -0.01624895 -0.04451610
-1.13630854 0.08007577 0.00102233 0.02968614 -0.00758827 -0.06180735
-1.04122818 0.04907179 -0.01890453 0.02302591 -0.00514505 -0.06101776
-1.04476973 0.06853785 -0.01236944 0.00668354 -0.01269911 -0.06497656
-1.12385705 0.02480644 -0.03490747 0.01197665 -0.00065549 -0.07136386
-1.05463728 0.09404663 0.00431616 0.02057515 -0.00792386 -0.06666804
-1.05946414 0.03023263 -0.01041238 0.00562228 -0.00566499 -0.05442771
-1.10247076 0.07860589 -0.08698538 0.02219176 -0.01185694 -0.05254944
-0.89469202 0.14402259 0.00484394 0.01986171 -0.01070078 -0.05763924
-0.79682067 0.10624269 -0.01744695 0.02147927 -0.00992558 -0.05609852
-0.81202358 0.12774094 -0.02590327 0.00091330 -0.01514725 -0.05857502
-0.87083317 0.08105846 -0.05223447 0.00788483 -0.00467961 -0.06429254
-0.79719961 0.12950031 0.00918836 0.01732202 -0.01060974 -0.06253473
-0.81665449 0.08734385 -0.00887406 0.00443006 -0.00751141 -0.05367729
-0.81953228 0.12082190 -0.08935400 0.02021404 -0.01377371 -0.05111395
-0.95731385 0.12183082 0.00861789 0.01574758 -0.01545410 -0.05964448
-0.88451512 0.06258933 -0.04119160 0.01688462 -0.01449112 -0.05696533
-0.90322599 0.07931621 -0.04402820 -0.00370812 -0.02084867 -0.06084729
-0.96344195 0.03321770 -0.03290409 0.00656369 -0.00937248 -0.06588958
-0.89846373 0.07044452 0.01947114 0.01738569 -0.01642770 -0.06536145
-0.90067819 0.04407124 -0.03688901 0.00079714 -0.01063808 -0.05672365
-0.91855966 0.05419747 -0.09070009 0.01278401 -0.01912934 -0.05455769
-1.06333166 0.07731889 0.01423941 0.01440294 -0.01754707 -0.04480785
-0.94613090 0.04895153 -0.02471995 0.01644914 -0.01415690 -0.04935953
-0.97136766 0.05786288 -0.01415825 -0.00420745 -0.02101123 -0.04921057
-1.01470456 -0.00048940 -0.03767261 0.00063922 -0.00913379 -0.05556702
-0.93876064 0.07153277 0.01041818 0.00607380 -0.01516848 -0.05553838
-0.94173186 0.00954153 -0.01983603 -0.00222361 -0.01334950 -0.04235602
-0.97171500 0.08699204 -0.07211548 0.01285402 -0.01948540 -0.04236279
-0.07380323 0.12990621 -0.00545993 -0.01735215 0.00399065 0.00346018
0.01408983 0.13116915 0.02681581 -0.01673886 0.00154933 -0.00041553
-0.01073858 0.12874664 -0.00283584 -0.03308029 0.00282660 0.00439731
-0.03337840 0.16509524 -0.08726258 -0.03095917 0.00162273 -0.00781808
0.03787610 0.14586983 0.02672281 -0.02543478 0.00347744 0.00015627
-0.05109467 0.16639514 0.10437479 -0.02649878 0.00092531 0.00339355
0.02568002 0.19724596 -0.00506040 -0.00709448 0.00278375 -0.00398335
-0.07751273 0.01262103 -0.01410449 -0.00665307 0.00743609 -0.00791518
-0.19821426 -0.00683262 0.00309518 -0.01352237 0.00097594 0.00250599
-0.11416715 -0.05591245 -0.04967026 0.00075682 0.00421048 -0.01254856
-0.21146091 0.02016892 -0.00329070 -0.00469866 0.00447252 -0.00444796
-0.10154680 -0.08226445 -0.00497145 0.00509439 0.00317722 -0.00242345
-0.14347229 -0.01034742 -0.04485793 -0.00365337 0.00219961 -0.00279068
-0.09122031 -0.06273436 0.00369166 -0.00466554 0.00800646 -0.00951298
0.14423143 -0.46558164 -0.01359335 -0.01057522 0.00943051 0.06374943
-0.01029927 -0.35477456 0.04034625 -0.00386829 0.00740740 0.05557540
0.04442120 -0.35034582 0.03748611 -0.02553057 0.00319412 0.07251584
-0.05382415 -0.36043927 0.10186795 -0.02625574 0.00464379 0.06521561
0.01869489 -0.36260884 0.00772732 -0.01724625 0.00419912 0.06220632
-0.00605100 -0.24997044 0.04220101 -0.00810390 -0.00133942 0.05832377
0.02842511 -0.25407668 0.06537388 -0.01589453 0.00396580 0.06149999
-0.02113672 -0.03864476 -0.02050967 -0.00523308 0.00263633 0.00022875
-0.13508448 -0.05296180 -0.01430992 -0.01135110 -0.00247296 0.00742048
-0.04473552 -0.07370559 -0.02776550 0.00109949 -0.00001223 -0.00339290
-0.14155491 -0.03698451 -0.01048119 -0.00139843 0.00048866 0.00470486
-0.03199339 -0.08651504 -0.03002259 0.00398855 0.00082298 0.00499495
-0.06129119 -0.03340332 -0.02678507 -0.00037088 -0.00023137 0.00457207
-0.03639047 -0.08296486 -0.02590450 -0.00172620 0.00437466 -0.00217601
-0.06617930 0.01040865 -0.04287282 -0.01650986 0.00145039 -0.00350746
-0.04952025 0.02668711 0.01877940 -0.01756489 0.00019034 -0.00066544
-0.00495165 -0.02216784 -0.00232806 -0.01589818 0.00046684 -0.00265442
-0.08785351 0.00218138 -0.03666405 -0.01363258 -0.00140988 -0.00435658
-0.01502882 0.00354424 -0.01633783 -0.01164194 0.00316869 -0.00077829
-0.05372577 0.02341383 0.00878106 -0.01423541 0.00035977 0.00480730
-0.01833061 0.02909672 -0.02466527 -0.00708912 0.00364676 -0.00486453
0.13416102 0.30364418 0.00977634 0.00399425 0.00455477 -0.04856281
0.21978131 0.27832583 0.09997540 0.01230153 0.00203505 -0.03713562
0.23837976 0.21090291 -0.01029730 -0.00506831 0.00064757 -0.02902984
0.21588979 0.23194462 -0.09979412 0.00169077 -0.00403352 -0.04339346
0.20652723 0.33780515 0.12492849 0.00121648 0.00453196 -0.02956319
0.18018899 0.30193646 0.12546349 0.00357909 0.00252495 -0.03348859
0.20502450 0.30820340 0.05636484 0.02184691 0.00300672 -0.04363488
-0.00132771 0.13064490 0.01100966 0.00423914 0.00674572 -0.02019689
0.03823227 0.08239463 0.00045171 0.00774710 0.00579700 -0.01213612
-0.01925907 0.01348649 -0.04335281 0.00122890 0.00736716 -0.01713903
-0.00615328 0.08102321 -0.01801337 0.00058134 0.00573702 -0.02147419
0.05485962 0.04584572 0.04082066 0.00726302 0.00459629 -0.01889931
-0.02253149 0.09101774 -0.00668269 0.00211472 0.00151205 -0.01139204
0.03265867 0.07334646 0.06248574 0.00903823 0.00727724 -0.01408193
-0.05879765 0.10412013 -0.00614719 -0.00383003 0.00650398 -0.01069113
0.02303184 0.06741543 0.00696179 -0.00096439 0.00452223 -0.00599349
-0.01931699 0.03400054 -0.02340146 -0.00830578 0.00638437 -0.01067989
-0.03447806 0.08314012 -0.04038652 -0.01030745 0.00430350 -0.01578977
0.03944244 0.03735635 0.01847903 -0.00307626 0.00341002 -0.01208498
-0.05717092 0.10004067 0.00905955 -0.00676375 0.00084027 -0.00223186
0.01733461 0.10478941 0.03006197 0.00291626 0.00522154 -0.00812411
0.03926457 0.15485434 0.00524430 -0.01075176 0.00235415 -0.01056599
0.11877945 0.10857526 0.00268133 -0.00731002 -0.00017930 -0.00640138
0.06917884 0.04958010 -0.04411395 -0.01566852 0.00237148 -0.00447725
0.08658782 0.10362325 -0.05271096 -0.01440039 0.00080111 -0.01821271
0.16196769 0.11009412 0.06033719 -0.01215282 0.00141445 -0.01160590
0.06001740 0.16275961 0.01352169 -0.01156686 -0.00276640 -0.00403773
0.12184265 0.12990032 0.04145227 -0.00296201 0.00373180 -0.01252371
0.04144862 0.16241001 -0.00473612 -0.01309966 0.00231571 -0.00839352
0.12572778 0.12060713 0.00815369 -0.00935640 -0.00066550 -0.00536586
0.08079531 0.06386637 -0.02812977 -0.02003734 0.00199383 -0.00253370
0.09301229 0.11683909 -0.06595020 -0.01784773 -0.00044670 -0.01718880
0.16096137 0.12657475 0.06345143 -0.01586053 0.00083468 -0.00811545
0.06277780 0.17538235 0.03729750 -0.01437136 -0.00248787 -0.00330153
0.12716077 0.15665121 0.03860429 -0.00401323 0.00288093 -0.01260775
0.02973427 0.07814959 -0.00551813 -0.01987559 0.00100335 0.00464355
0.09355336 0.05843960 0.00449948 -0.01632283 -0.00153897 0.00479886
0.04481605 0.00985136 -0.03169421 -0.02699006 0.00067988 0.00643804
0.05627555 0.06662334 -0.05074315 -0.02713954 -0.00165437 -0.00398474
0.11785986 0.04680975 0.04033046 -0.02357191 -0.00000084 0.00161381
0.02723535 0.11733062 0.02790491 -0.02135220 -0.00403229 0.00804025
0.09060246 0.10060047 0.02508126 -0.01019186 0.00165638 -0.00057048
0.04568352 0.15417865 0.00057490 -0.01265626 0.00187552 -0.00852592
0.11745893 0.11281425 0.00997153 -0.00989709 0.00046774 -0.00424203
0.09918303 0.05870972 -0.02372675 -0.01279100 0.00060698 -0.00057532
0.07618210 0.03676690 -0.05921090 -0.01459579 0.00097578 -0.00744192
0.12609091 0.09503469 0.01830379 -0.01338378 -0.00005925 -0.00909894
0.08788476 0.09693513 0.03254959 -0.01051987 -0.00189370 -0.00301710
0.09622792 0.10491085 0.00907774 -0.00784937 -0.00068352 -0.00592466
0.11113141 0.04519603 0.07270930 -0.00433211 0.00297522 -0.00803380
