0.01653784 -0.05929496 -0.02432050 0.00323450 0.02423328 0.01251465
0.01234439 -0.01249097 -0.05398226 -0.01547499 0.02633916 0.00664983
0.05785870 -0.02062779 -0.01414720 0.00420700 0.02373879 0.00236503
0.04124589 -0.06947107 -0.00673511 -0.00541139 0.02716584 0.00911858
0.01526253 -0.05733151 -0.02452613 -0.00138896 0.02765158 0.00336268
0.04938653 -0.00999400 -0.03829502 -0.00592204 0.02472867 0.01586929
0.01332794 -0.04049453 -0.05527967 0.00808323 0.02385749 0.00735317
-0.04575062 -0.07735495 -0.00960958 0.00382282 0.03187388 0.00820326
-0.04220775 -0.02768482 -0.04023820 -0.01758595 0.03440164 0.00821937
-0.00080510 -0.04475138 -0.02955798 0.00572770 0.03242903 0.00485030
-0.01844945 -0.08286687 0.00879575 -0.00682804 0.03524821 0.01116564
-0.03549534 -0.08296020 -0.00948037 -0.00381685 0.03613301 0.00279632
-0.02543982 -0.02478344 -0.03550143 -0.00561744 0.03187109 0.01383573
-0.03736352 -0.06088573 -0.05717315 0.00707594 0.02965989 0.00805785
-0.00301454 -0.12276488 -0.01697062 -0.00225393 0.03082244 0.01385756
0.00783122 -0.07965297 -0.03941072 -0.02310333 0.03298779 0.01301366
0.03926418 -0.09057698 -0.01517526 -0.00193627 0.03008998 0.01043251
0.03354814 -0.12461953 0.03089788 -0.01320028 0.03467978 0.01598969
-0.00473302 -0.11753949 -0.00482164 -0.00696091 0.03403204 0.00828347
0.01914209 -0.06778947 -0.02475018 -0.01049320 0.03065027 0.02029839
0.00828658 -0.10853627 -0.04659925 0.00133676 0.02887497 0.01166479
-0.15029338 -0.16612107 -0.03071838 -0.01017119 0.04765800 -0.00209978
-0.13102474 -0.12338509 -0.04478642 -0.02869356 0.05118928 0.00602443
-0.08603870 -0.16000446 -0.02601540 -0.00450607 0.04755860 0.00010783
-0.11128225 -0.16978227 0.01648439 -0.02031534 0.05400179 0.01177915
-0.13910263 -0.18080531 -0.01024825 -0.01821451 0.05200119 -0.00435018
-0.10406511 -0.10825105 -0.05245404 -0.01116133 0.04594823 0.00420996
-0.13380202 -0.16086534 -0.09104145 -0.01020757 0.04470408 -0.00840226
-0.11799918 -0.20021722 -0.01407589 -0.01267469 0.03616109 0.01225141
-0.09219477 -0.15064483 -0.03211406 -0.03028838 0.04003610 0.01280375
-0.07077270 -0.18512642 -0.02832719 -0.00498361 0.03571444 0.00912458
-0.08596747 -0.21202575 0.03856688 -0.02002349 0.04081533 0.01954532
-0.14650167 -0.20932307 -0.01586021 -0.01554110 0.03869781 0.00873264
-0.09775519 -0.14359463 -0.05535149 -0.01544674 0.03508579 0.02041557
-0.10582177 -0.17634321 -0.06343660 -0.00871276 0.03338223 0.00559342
0.01798494 0.02853114 -0.02045096 -0.00233898 0.01206426 0.01247951
-0.01286655 0.07650146 -0.07142351 -0.01563892 0.01170329 0.01082003
0.05865515 0.05136794 -0.04327590 -0.00090046 0.01093074 0.00907030
0.02909480 0.00986173 0.00828566 -0.01079350 0.01152225 0.01336406
0.08289203 0.01125426 -0.03131410 -0.00912037 0.01549317 0.01099848
0.09538302 0.05014967 -0.04683785 -0.01593330 0.01030884 0.01772763
0.04490621 0.01477543 -0.05207282 -0.00053725 0.01171689 0.01859979
0.07074530 -0.04646179 -0.04899174 -0.00369042 0.02635003 0.02378416
0.06109575 -0.01659103 -0.08970463 -0.02042966 0.02837190 0.02186307
0.09243726 -0.05338886 -0.06637319 0.00376976 0.02532013 0.01650254
0.06295275 -0.11627569 -0.01966496 -0.01558686 0.02947657 0.02605326
0.03864185 -0.12496982 -0.02798454 -0.01253550 0.02955862 0.01827217
0.10209979 -0.07793846 -0.06659267 -0.01888217 0.02587058 0.03198344
0.07171097 -0.12290533 -0.05998638 -0.00086304 0.02464448 0.02688057
-0.14364162 -0.21248279 -0.01014261 -0.00948917 0.00112581 0.02537671
-0.13508616 -0.15568158 -0.03976730 -0.02235792 0.00689151 0.01678157
-0.07822576 -0.17995413 -0.02155593 -0.00941104 -0.00190075 0.02525003
-0.13429825 -0.17142970 0.05545865 -0.01941867 0.00185101 0.02886118
-0.14530717 -0.17093627 -0.01101182 -0.01287231 0.00112397 0.02170907
-0.08693051 -0.12609503 -0.03669387 -0.00964368 -0.00440996 0.02297930
-0.10645192 -0.16314734 -0.05945201 -0.01241375 0.00011581 0.01451688
0.03299722 -0.05579171 -0.03124980 -0.01066301 0.02836148 0.01997172
0.00242937 -0.04282919 -0.04222596 -0.02796825 0.03033816 0.01770704
0.06432426 -0.03060457 0.00016860 -0.00592327 0.02714653 0.01316226
0.04490798 -0.09050276 0.01689530 -0.01998414 0.03183917 0.02152183
0.01924347 -0.09568070 0.01724445 -0.01569618 0.03253703 0.01285328
0.08175824 -0.06387026 -0.00134683 -0.02275541 0.02817921 0.02789896
0.03769246 -0.09567224 -0.03573103 -0.00499292 0.02649945 0.02199419
0.79032965 -0.36383864 0.09319191 -0.00512531 -0.00188969 0.06757072
0.67905992 -0.29030126 -0.06104751 -0.00279457 0.00627178 0.03360733
0.75463600 -0.34407660 -0.02558935 -0.01105954 0.00481739 0.05723966
0.66044509 -0.33793826 0.01334752 -0.01642915 0.01054813 0.06630536
0.79679653 -0.32937910 -0.01538028 0.00061687 0.00571903 0.05290563
0.77537172 -0.28511921 0.00144470 -0.00406165 0.00782720 0.04495600
0.76081410 -0.32771509 -0.04604876 -0.02204986 0.00599830 0.03639281
1.21640466 -0.02277409 0.10342226 0.00296351 0.00095494 0.06473781
1.17621377 -0.02182919 -0.00629625 -0.00152335 0.00476721 0.05309458
1.25913441 -0.01178353 -0.01201208 -0.00662064 0.00773519 0.06784762
1.20190717 -0.06446603 0.08196413 -0.00215812 0.01434558 0.07393442
1.27960935 -0.07056831 -0.07250515 0.00242175 0.01335729 0.05793464
1.27902657 -0.05624358 0.04776224 -0.00931144 0.01756353 0.04759899
1.24390669 -0.04760370 -0.02602977 -0.02086976 0.01393867 0.05431691
0.73343627 -0.02164423 0.01852580 0.02761347 -0.01640206 0.04500245
0.65833367 -0.00923112 -0.04899378 0.03033321 -0.01047146 0.01907336
0.62077884 -0.04460454 -0.05067470 0.02228481 -0.01032043 0.03077832
0.58895797 -0.06998233 -0.00272792 0.02314383 -0.00706667 0.04020835
0.68523243 -0.07807251 -0.07848280 0.03362348 -0.01013211 0.04053810
0.67688227 -0.05101008 -0.03104652 0.01712818 -0.00888485 0.03639266
0.66748492 -0.02553728 -0.04316350 0.01644060 -0.00813125 0.02836720
0.66537313 0.07637816 0.03799865 0.02457134 0.03198382 0.03193845
0.65275401 0.08384864 -0.00780419 0.03158488 0.03669214 0.01876350
0.61964925 0.06537243 0.01835472 0.01409786 0.03647515 0.02860879
0.60925066 0.04015583 0.02295501 0.02481261 0.04253992 0.02927940
0.67721702 0.08063390 -0.06701929 0.02443223 0.04271911 0.03628663
0.63611746 0.02210543 0.03420492 0.02331299 0.04227599 0.02736034
0.61822925 0.08835910 -0.00305442 0.01570703 0.03987313 0.01828662
0.73831975 0.13657492 0.03070595 0.02614374 0.01855438 0.05249833
0.71328089 0.16750623 -0.02103043 0.03479500 0.02079092 0.03688359
0.72830766 0.18409356 0.00511272 0.02178747 0.02149920 0.04902384
0.69934703 0.11862274 0.02634495 0.02448744 0.02715364 0.04945858
0.78392632 0.13304374 -0.11157031 0.02356045 0.02805950 0.04772905
0.76916143 0.10415135 0.02184442 0.01962662 0.03181903 0.04612631
0.75259425 0.14416323 0.01526778 0.01499916 0.02750267 0.04002120
0.81676461 -0.04461404 0.10544574 0.02530214 -0.00304342 0.04714000
0.73610470 0.01127441 -0.03017973 0.02659645 0.00185325 0.02496388
0.81264235 -0.02003384 0.00917919 0.02258529 0.00264565 0.03436170
0.74595377 -0.09340510 0.04857565 0.02060343 0.00873446 0.05004364
0.87585531 -0.09044635 -0.06653506 0.02631361 0.00804040 0.03682038
0.87476924 -0.08719234 0.03509188 0.01641762 0.01207375 0.03275895
0.81293009 -0.02994845 0.03535648 0.00758076 0.00765162 0.02891672
0.68628460 -0.22049157 0.10685280 0.00801167 0.04166035 0.05171652
0.55579338 -0.15955666 -0.03988490 0.00847024 0.05087312 0.03657921
0.71033545 -0.20004746 -0.01718996 0.00302085 0.04888588 0.03864183
0.58225516 -0.23652226 0.04678684 0.00946212 0.05893449 0.05463665
0.73312357 -0.22275841 -0.05421321 0.00428779 0.05836283 0.03755432
0.71641073 -0.19363247 -0.02380001 0.01685646 0.05946672 0.03737648
0.67474179 -0.16006798 -0.00017324 -0.01348021 0.05123409 0.02441775
0.62928431 -0.26591118 0.03718536 0.04378535 -0.00836095 0.04984961
0.42411275 -0.10585499 -0.09090769 0.03890831 0.00064005 0.01783673
0.59016284 -0.20982843 -0.04780132 0.03809421 -0.00197491 0.02493109
0.46673641 -0.21997504 -0.02666091 0.05042504 0.00771743 0.04156474
0.60791057 -0.21523589 -0.10179765 0.04399239 0.00254973 0.02396502
0.58646977 -0.13438302 -0.05483815 0.05039884 0.00987655 0.02920579
0.56529041 -0.16017064 0.01437224 0.00787050 0.00296296 0.01219070
0.40394608 -0.45762125 -0.06082600 0.04945002 -0.02893926 0.02569250
0.21557042 -0.28892254 -0.12800132 0.03995813 -0.01461896 -0.01554855
0.38019981 -0.39072741 -0.06769783 0.04932224 -0.02204531 -0.00773426
0.25901623 -0.36899071 -0.05912233 0.06042973 -0.01047959 0.00990156
0.41444682 -0.41569512 -0.09179599 0.04619991 -0.01987887 0.00052037
0.38951844 -0.26810937 -0.09549856 0.06313820 -0.00921503 0.00906232
0.35751846 -0.33851538 0.01547117 0.01315036 -0.01490288 -0.01084739
0.57381276 0.04905778 -0.06576190 0.03483504 -0.02903229 0.04146216
0.44010486 0.09875416 -0.13218933 0.03916647 -0.02506927 0.01416904
0.50393101 0.06220709 -0.11703659 0.02960138 -0.02505749 0.02911007
0.39737299 -0.00097159 -0.07401137 0.02589016 -0.02204121 0.03551356
0.49420893 -0.00720685 -0.14446448 0.03519517 -0.02351744 0.02599008
0.54378159 0.01212567 -0.09351447 0.02609670 -0.02053264 0.03461078
0.53054709 0.05784318 -0.05365095 0.02412865 -0.02082991 0.03268694
0.89440301 -0.18414978 0.08480048 0.04311182 -0.00639709 0.08620620
0.76575235 -0.03955271 -0.05382764 0.04681467 -0.00073296 0.04929195
0.94047703 -0.10866866 -0.02659296 0.03444078 -0.00015671 0.07770749
0.83786666 -0.11822470 0.02863285 0.03764779 0.00811705 0.07953001
0.97586326 -0.08762104 -0.05255383 0.03702382 0.00390826 0.06451735
0.97201467 -0.03503577 0.02260258 0.04857548 0.01135982 0.05420808
0.95042989 -0.03771600 0.02784136 0.00484873 0.00763053 0.06137900
1.10427119 0.08764411 0.01165892 0.02083644 0.05249183 0.06038246
1.05072558 0.06349065 -0.02037027 0.02346432 0.06025335 0.04756741
1.10779278 0.04744097 -0.03306500 0.00820515 0.05972920 0.05945098
1.08958468 0.04248365 0.04485759 0.02114559 0.06679068 0.06134999
1.14018612 0.03472967 -0.11153833 0.01812562 0.06866890 0.05001735
1.10422306 0.05669489 0.01738446 0.02386231 0.06805459 0.04275862
1.09959319 0.08910598 -0.03739198 0.00276172 0.06378642 0.04713234
0.73164336 -0.02246124 -0.02116008 0.01990827 0.04129636 0.03955533
0.62985651 -0.00291499 -0.11076380 0.02778966 0.04672017 0.02425169
0.67470916 -0.06228331 -0.10838619 0.01084503 0.04710377 0.04299307
0.64304158 -0.03823704 -0.01544015 0.02008194 0.05380087 0.04523574
0.71984664 -0.01091349 -0.14387668 0.01676146 0.05259572 0.03448713
0.66638470 -0.00128032 -0.05803966 0.02700525 0.05279040 0.02390745
0.65454334 0.03013581 -0.06299261 0.00601044 0.05064051 0.02794061
0.58190588 -0.17864497 -0.00909307 -0.00197079 0.05160953 0.04939771
0.48545022 -0.15624620 -0.13327506 0.00338673 0.05869208 0.04146683
0.50511573 -0.19251741 -0.13609034 -0.00736918 0.05742276 0.05314145
0.46531301 -0.19510221 -0.01711684 -0.00607438 0.06405791 0.06167001
0.53367298 -0.17944569 -0.12957943 -0.00720748 0.06087614 0.04775478
0.51053867 -0.17072236 -0.07515507 0.00798549 0.06038600 0.04117356
0.47569875 -0.14567546 -0.09563779 -0.01594651 0.05648494 0.04015286
0.90741843 0.09200237 -0.01724463 0.01231289 0.04180808 0.05137715
0.83588094 0.12630650 -0.04844143 0.01601067 0.04697864 0.04449744
0.86305685 0.09323531 -0.00638280 0.00154376 0.04798014 0.05622643
0.84817708 0.06038041 0.00314810 0.01019789 0.05361772 0.05803654
0.87414823 0.09120682 -0.09217744 0.00735104 0.05431309 0.04876098
0.85399233 0.07680703 0.01035565 0.01187562 0.05691599 0.04064866
0.83282031 0.08767249 -0.00975729 -0.00453439 0.05122601 0.03992173
0.81333779 0.19683881 -0.07378685 0.02531213 0.03439395 0.03752582
0.72870679 0.27280228 -0.11963597 0.03732489 0.03526977 0.03877141
0.77657990 0.24025824 -0.04488983 0.01648232 0.03948960 0.04665303
0.76627240 0.23779938 -0.06336554 0.02634110 0.04400051 0.03802795
0.75705402 0.21726144 -0.17298445 0.01675021 0.04455070 0.04103509
0.73188610 0.26545085 -0.05812422 0.02660562 0.04791839 0.02340758
0.74805684 0.27082451 -0.08219711 0.00266106 0.04347890 0.02518346
0.45179088 0.05134430 -0.04341758 0.01107272 -0.00641436 0.01981178
0.38336966 0.07653614 -0.09580157 0.01067359 -0.00579610 0.00676876
0.35337355 0.04425297 -0.03426814 0.00279573 -0.00405424 0.01645406
0.30432325 0.08225317 -0.06353825 0.00158318 -0.00187253 0.01812794
0.33047743 0.02648487 -0.10079256 0.00537243 -0.00394819 0.02052788
0.37090868 0.02216244 -0.07860789 0.01051582 -0.00140266 0.01736440
0.35676662 0.07416464 -0.05708789 0.00117237 -0.00255428 0.01248415
0.43041624 0.07557848 0.01336336 0.02631308 -0.05726990 0.04892090
0.38357314 0.11752858 -0.08018772 0.01917542 -0.06029477 0.01330346
0.39326493 0.09841601 0.01126255 0.02396191 -0.05749472 0.04365106
0.39306883 0.01987945 0.00750792 0.00640215 -0.06113963 0.03524433
0.42355858 0.03719344 -0.01608661 0.02094027 -0.06232515 0.03746831
0.43308318 0.04125988 -0.00781488 0.01097728 -0.05577850 0.03422817
0.41024793 0.08335643 0.02350772 0.02143952 -0.05445522 0.05140782
0.26027236 0.06762180 -0.01802876 -0.00271842 -0.01464217 0.02398315
0.23598328 0.11051950 -0.07131021 -0.01107142 -0.01480823 0.00839127
0.24245013 0.10144624 -0.02832206 -0.00925584 -0.01269251 0.02114237
0.20614721 0.07903907 -0.03513523 -0.01984349 -0.01331185 0.01948717
0.23643229 0.06408733 -0.03472780 -0.01230252 -0.01246518 0.02117304
0.27792884 0.02946503 -0.04114511 -0.01197913 -0.01195285 0.01797404
0.24678577 0.07011120 -0.03990498 -0.00867639 -0.01177449 0.02446952
0.13679615 0.03255244 0.04650478 0.01308385 -0.00976513 0.02420548
0.10157987 0.05376749 -0.01576106 0.00652295 -0.00540385 0.00195511
0.15692089 0.07008529 0.02851979 0.00385834 -0.00507369 0.02489171
0.14463133 0.04303765 0.04765113 -0.00619339 -0.00263079 0.02524284
0.19677393 0.06177205 -0.00548434 0.00691432 -0.00691349 0.02021246
0.18825741 0.05270131 0.02760209 0.01182348 -0.00538851 0.01480964
0.16441915 0.12208993 0.02517122 0.00097224 -0.00415417 0.01969465
0.27032331 0.02051218 0.06735831 0.00736253 -0.00095427 0.01654171
0.26441595 0.03224467 -0.00326899 0.00446775 0.00331033 -0.00088395
0.28623849 0.03993195 0.05507179 0.00088931 0.00252630 0.01618435
0.25104128 0.02108913 0.05957753 -0.01065688 0.00621970 0.01612556
0.27506929 0.03543127 0.00581714 0.00545109 0.00064710 0.01725873
0.27712913 -0.01688908 0.03511769 0.01033003 0.00241308 0.01553829
0.27712516 0.08909031 0.03410007 0.00330609 0.00424820 0.01463998
0.10087234 0.42917866 -0.06013707 0.03356129 0.02008406 -0.02288531
0.06968638 0.44739746 -0.03056307 0.01904169 0.02532371 -0.02442517
0.06264606 0.44111297 0.09590046 0.03603356 0.02278881 -0.02925581
0.16867269 0.36799856 0.11070051 0.02997277 0.03068203 -0.04066446
0.11000813 0.36728423 0.00060938 0.03030539 0.03554097 -0.02003468
0.07467778 0.38196500 -0.00191771 0.02860377 0.03153289 -0.00750304
0.10548626 0.32951336 0.01463951 0.02925525 0.02505750 -0.02962522
-1.09635346 0.15633330 -0.05348194 -0.01458797 -0.01914813 -0.06672677
-1.17778562 0.26850644 0.02240470 -0.05251929 -0.01614623 -0.05676185
-1.07536323 0.11913647 -0.00249007 -0.01727218 -0.01613534 -0.05830057
-1.14377357 0.23900310 0.04190502 -0.02021088 -0.01600717 -0.05890527
-1.10854097 0.14145623 -0.01588178 0.00385469 -0.02358426 -0.04736062
-1.03806198 0.09439096 0.02407358 0.00618358 -0.01560535 -0.05898309
-0.98691747 0.27215861 -0.04469948 -0.02017647 -0.01605921 -0.08281223
-1.07179172 -0.04928249 -0.05685760 -0.05267717 -0.03310630 -0.09677722
-1.11389168 0.10171194 0.01527677 -0.12897201 -0.03303740 -0.06522571
-1.01220056 0.01295389 -0.04818681 -0.07357576 -0.02578469 -0.09646598
-0.96424691 0.09689158 0.02165958 -0.07363864 -0.01875873 -0.08300946
-1.00165173 -0.03016938 0.02281652 -0.06218798 -0.03271545 -0.08225860
-1.03313141 -0.14307350 0.00547494 -0.04904296 -0.01904795 -0.08569162
-0.92643045 -0.01071683 -0.10345541 -0.07603700 -0.02445023 -0.11018449
-1.21185876 0.08135995 -0.02980642 -0.03926231 0.00540027 -0.07768375
-1.26528844 0.28063230 0.05869211 -0.09977035 0.00688244 -0.06117985
-1.14119679 0.07285764 0.04032811 -0.05080036 0.01235597 -0.07236748
-1.20898142 0.21490520 0.05826247 -0.05929840 0.01612770 -0.06409432
-1.16601422 0.08110343 0.00437004 -0.02896329 0.00108118 -0.05823914
-1.08632028 0.00598065 0.07948663 -0.01812881 0.01296551 -0.06424235
-1.04774468 0.17308522 0.00749128 -0.05859647 0.00463274 -0.10273429
-1.50059581 -0.10393423 -0.07711802 -0.01218815 -0.10216901 -0.03166391
-1.50647089 -0.13774863 -0.10423121 -0.00087516 -0.10585175 -0.04492281
-1.42453313 -0.23654878 -0.10936510 -0.01528587 -0.09955341 0.01267887
-1.42289415 -0.14385181 -0.01526053 -0.01849883 -0.10841787 -0.02705252
-1.40796363 -0.16268814 -0.02358905 -0.01611850 -0.10707390 -0.01753447
-1.36964113 -0.13543414 -0.02443178 -0.00982496 -0.10781467 -0.06359658
-1.31905913 -0.16541503 -0.20112926 -0.02450709 -0.08745908 -0.03374978
-1.53914243 -0.61296660 -0.06312825 -0.08508911 -0.05240515 0.01207855
-1.51611105 -0.64625114 -0.03608407 -0.06370947 -0.04709281 0.00563755
-1.40037343 -0.72849981 -0.00435157 -0.09031196 -0.05071876 0.04583205
-1.41221300 -0.55971242 -0.02595024 -0.10121406 -0.02953330 0.01746525
-1.35262951 -0.49955156 0.03534657 -0.07503735 -0.04170405 -0.00923144
-1.34424284 -0.51451370 0.04606584 -0.05715709 -0.05379858 -0.02905912
-1.34085506 -0.52298024 -0.07204672 -0.09297993 -0.03913219 -0.04040490
-0.95839724 -0.40734380 -0.00123602 -0.04700647 -0.04825087 0.01314774
-0.99483594 -0.44094272 0.02037372 -0.03553084 -0.04470965 0.01072781
-0.88411078 -0.46436187 0.08272911 -0.04367651 -0.05159968 0.02476399
-0.87919652 -0.39662439 0.04381939 -0.04700186 -0.03360560 0.01115006
-0.85246220 -0.31215461 0.08553209 -0.03519441 -0.03857476 -0.01650206
-0.84649257 -0.33879418 0.07892916 -0.03093126 -0.04423100 -0.01147377
-0.81639946 -0.32297533 0.00509893 -0.05227509 -0.04007867 -0.01843079
-1.18726328 -0.07273663 0.04744675 -0.04477445 -0.01994844 -0.03050043
-1.13468908 -0.03190094 0.17189337 -0.06490574 -0.01827579 -0.01520522
-1.10872522 -0.09728624 0.08082679 -0.05900239 -0.01867562 -0.01576267
-1.10644892 0.00966536 0.05525761 -0.04990920 -0.01293625 -0.02410289
-1.06935017 -0.00740137 0.06820790 -0.03492259 -0.02036918 -0.01255657
-1.02737792 -0.09746827 0.14808867 -0.02580174 -0.01323060 -0.02721092
-0.98650992 0.03477693 0.10165097 -0.04689896 -0.01704987 -0.03664279
-1.07941210 -0.01865752 -0.02528168 -0.02280463 -0.08282549 -0.03305081
-1.08463198 -0.03994309 0.03503424 -0.02313498 -0.08364707 -0.03625021
-1.05760828 -0.08016819 -0.06893254 -0.03381543 -0.08308174 -0.01862137
-1.07515924 0.00094409 -0.01077303 -0.01826357 -0.09007811 -0.03238669
-1.01218916 -0.02442245 -0.04372611 -0.02520813 -0.08734620 -0.01724297
-0.99933691 -0.04934619 0.03810001 -0.01832348 -0.08360997 -0.04430640
-0.94175354 0.03229177 -0.05964357 -0.02616987 -0.07489952 -0.02468365
-1.29139021 0.01482344 -0.08326316 0.00426141 -0.08583528 -0.02813638
-1.32200778 0.02854452 -0.04834161 0.00808479 -0.08816931 -0.03370296
-1.27151117 -0.06183565 -0.11849231 -0.00306706 -0.08325625 0.00078932
-1.25803232 0.04630095 -0.03297522 0.00669830 -0.09313740 -0.02605758
-1.23477556 -0.00936832 -0.03626670 -0.00446354 -0.09066291 -0.01110704
-1.24280564 0.03545245 -0.01342628 0.00481624 -0.08928748 -0.04800023
-1.16441771 0.04324598 -0.14620909 -0.00338831 -0.07352905 -0.01428161
-1.04756892 -0.00658576 -0.06344111 0.03456311 -0.07020565 0.01938651
-1.04316145 -0.02667769 -0.00002013 0.03202675 -0.06736103 0.00405196
-0.90814039 -0.03620008 0.02182851 0.03694441 -0.06423893 0.04547538
-0.93567565 0.05642334 -0.00694617 0.02128381 -0.06444242 0.01222818
-0.94977140 0.04543338 0.00800444 0.02020752 -0.07046670 0.01668912
-0.95432118 0.08830247 -0.00461398 0.03796905 -0.06558464 -0.01556792
-0.80830105 0.12994616 -0.05424271 0.01333354 -0.06022023 0.01335340
-1.05475061 0.07931071 0.10494558 -0.04160037 0.11951346 -0.07620400
-0.99049196 0.15590088 0.17494809 -0.06271325 0.13518734 -0.02203094
-0.90950221 0.11905710 0.22057610 -0.04879443 0.12924366 -0.04105946
-0.89390583 0.18029556 0.22498600 -0.05540497 0.15284663 -0.07402385
-0.85595883 0.14536806 0.09600207 -0.04735382 0.14514052 -0.05028059
-0.74304588 0.15061097 0.13798852 0.00149534 0.13168581 -0.05186120
-0.75413510 0.13575669 0.17124496 -0.04422785 0.12623364 -0.11129352
0.16877711 0.45375008 0.06263383 -0.03407616 0.04334202 -0.07645095
0.15508823 0.55187151 0.07465306 -0.05277519 0.04680320 -0.04512101
0.15349790 0.62281381 0.11720788 -0.05122047 0.05195542 -0.09016511
0.21081528 0.46916526 0.11152790 -0.02174733 0.05663161 -0.08798944
0.21751549 0.36458611 0.05478657 -0.05162902 0.06218773 -0.04121475
0.24934893 0.48909906 0.01772640 -0.04266171 0.05176124 -0.02629087
0.24666112 0.42556506 0.14216487 -0.05337104 0.04701811 -0.07156835
-0.59677213 0.08993616 0.03345208 -0.08651118 -0.03520035 -0.08843826
-0.57326797 0.20525927 0.07167061 -0.12459848 -0.03339396 -0.06159825
-0.53223412 0.17491389 0.12626713 -0.11138958 -0.02590371 -0.09932544
-0.62024880 0.17445486 0.06463275 -0.09718344 -0.03146158 -0.07646203
-0.56052431 0.10321815 0.00551919 -0.09508456 -0.02768374 -0.05840779
-0.51608674 0.02569541 0.01283190 -0.09763589 -0.02369152 -0.06211731
-0.49081940 0.09310963 0.11735541 -0.09720835 -0.02842187 -0.08627731
-0.47610659 -0.23413742 -0.06617742 -0.00813460 0.02251205 0.02135956
-0.48883278 -0.27547935 -0.09287273 -0.01503085 0.03126754 0.00816873
-0.32368302 -0.28643074 -0.04105471 -0.02122355 0.02665596 0.03595109
-0.39305013 -0.33371720 0.00016778 -0.02964422 0.03347699 0.03033159
-0.27764477 -0.30206302 -0.10186967 -0.01282801 0.02815615 0.01679022
-0.24606032 -0.27722325 -0.04748314 -0.00600909 0.02395484 0.00835546
-0.30109238 -0.26723392 -0.10321748 -0.01451967 0.03004669 0.00823624
-0.06026886 -0.49397942 -0.07370358 0.07754142 0.06865434 0.15709968
-0.13488656 -0.47497578 -0.05042291 0.04510563 0.09653490 0.12079550
-0.02248497 -0.51307481 0.00412503 0.06831648 0.07460176 0.12768257
-0.10075436 -0.49435992 0.04683527 0.07189193 0.09514409 0.13332415
-0.04379586 -0.40824573 -0.05484457 0.03687331 0.08806976 0.13568575
-0.04610972 -0.37921481 -0.10373807 0.08465673 0.08846473 0.13666995
-0.05017304 -0.30426223 0.00605893 0.04532725 0.07596458 0.09038016
0.20384535 -0.03667725 -0.06319937 0.01937180 -0.02368718 0.01798342
0.16767837 0.02991621 -0.08561765 0.01093691 -0.02153437 -0.00676024
0.25106918 0.03567792 -0.03336016 0.01300524 -0.02468688 0.00465325
0.20203426 0.02689330 -0.03106494 0.00918813 -0.02304483 0.00978362
0.23771573 0.02668241 -0.04558391 0.01852662 -0.02380763 0.00731818
0.27039034 0.09208452 -0.05823217 0.00943645 -0.02368272 0.01084297
0.22889946 0.07690073 -0.03833326 0.01626861 -0.02088178 0.00875583
0.01415804 0.22148374 0.02221537 -0.01026662 0.04915416 0.00921532
0.02864438 0.20581506 -0.05225371 -0.02285552 0.05157887 0.01689208
0.10608057 0.23312185 -0.03197673 -0.00831823 0.04865145 0.00562943
0.03464493 0.11346598 0.06590943 -0.01307919 0.05217226 0.00558530
0.03533368 0.08830975 -0.02523490 -0.01897410 0.05791974 0.02036180
0.11022540 0.14347527 -0.01336131 -0.02452002 0.04928618 0.03592577
0.12317489 0.08939406 0.01557251 -0.00817805 0.04646109 0.01763001
0.00532953 -0.09013839 -0.02759123 0.00580170 0.03203231 0.00287839
0.00509417 -0.06920508 -0.07816530 -0.00919887 0.03308166 0.00003322
0.05810329 -0.05761090 -0.04849358 0.01118108 0.02948162 -0.00510337
0.01426103 -0.10617910 0.03111030 0.00091461 0.03403324 0.00412853
-0.01868422 -0.11643932 -0.04167770 0.00645728 0.03350654 -0.00440752
0.04137719 -0.03744928 -0.06553220 0.00222764 0.03053216 0.01202655
0.01286926 -0.07648020 -0.05727536 0.00864632 0.02880228 0.00110139
0.11403027 -0.06303286 -0.04365084 -0.00711125 0.01938589 0.01614689
0.11750089 -0.02612697 -0.08945621 -0.02394771 0.01802099 0.01506944
0.16107850 -0.02738461 -0.05654028 -0.00188041 0.01619997 0.00859916
0.13701059 -0.07216726 -0.00171033 -0.01537398 0.01969265 0.01508188
0.11232671 -0.09008882 -0.03010792 -0.01130509 0.02153816 0.00770165
0.15397798 -0.02383885 -0.08090409 -0.01919762 0.01792491 0.02839924
0.14516414 -0.08793102 -0.05147371 -0.00099169 0.01631876 0.02111488
0.00071130 0.00133335 -0.07323150 0.00123540 0.00641389 0.00891465
-0.07063525 0.05066229 -0.01748576 -0.01820870 0.00304401 0.00731349
-0.01073873 0.05510007 -0.05875932 0.00850188 0.00253755 -0.00014657
-0.00893240 0.03931231 -0.03192662 -0.00698349 0.00237388 0.00643387
-0.01505502 0.05694957 0.00103262 -0.00585652 0.00778113 -0.00140211
-0.00289124 0.10661414 -0.04751361 -0.01767160 0.00568329 0.01671332
-0.04045418 0.07419867 -0.02996980 0.00671330 0.00206615 0.01458965
