0.06645142 -0.05492456 0.02260431 0.00017858 0.01846808 0.01612702
0.05537252 -0.00721319 -0.01462574 -0.02014052 0.01914464 0.01344957
0.10011855 -0.00288451 0.01774704 -0.00062655 0.01745279 0.01011861
0.07701082 -0.05501194 0.03058442 -0.01163276 0.01957873 0.01486911
0.05843797 -0.04729196 0.00367087 -0.00659632 0.02127784 0.01113758
0.07801406 -0.01687734 0.00106511 -0.01009330 0.01871666 0.02632879
0.06768302 -0.02965844 -0.00155655 0.00414430 0.01602073 0.01676840
0.08451513 -0.04051066 0.03272080 0.00833302 0.02369988 0.02617028
0.07899079 0.00261282 0.02052447 -0.01210556 0.02569708 0.02272725
0.10884154 0.01384533 0.02016462 0.00996310 0.02198563 0.01651532
0.08739332 -0.04190965 0.06452256 -0.00276457 0.02546603 0.02310224
0.06463144 -0.01776415 0.01820024 -0.00059174 0.02609328 0.02058659
0.08714313 0.01306528 0.01335951 -0.00389562 0.02458585 0.03674655
0.08179407 0.00294958 0.02308049 0.00984456 0.01977000 0.02503574
-0.01509456 -0.03863109 0.01260403 0.00543784 0.02508029 0.01976188
-0.02982577 0.00523026 -0.01625639 -0.01395491 0.02716565 0.01629683
0.02174753 0.00565046 -0.00736245 0.00512742 0.02328372 0.01424749
-0.02220689 -0.05171237 0.03564688 -0.00331260 0.02587429 0.01961582
-0.02664845 -0.04008412 -0.00046414 -0.00206560 0.02780385 0.01566917
0.00116948 -0.01052806 -0.02052845 -0.00459319 0.02543618 0.03039679
0.01138647 -0.01812666 -0.00253891 0.00859146 0.02264392 0.01972549
-0.00201684 0.06817970 -0.02638165 0.03038272 -0.04618524 -0.01414671
-0.01596231 0.07395000 -0.15428434 0.03553241 -0.04840634 -0.03395787
0.07664545 0.10100349 -0.03238835 0.02205900 -0.05020226 -0.02209268
0.02519831 0.01620696 -0.03757481 0.02845748 -0.05067060 -0.02241817
0.11816953 0.05185547 -0.07945710 0.04330468 -0.04883080 -0.02063569
0.11355201 0.08164776 -0.05665701 0.02822682 -0.04991041 -0.01969375
0.07820907 0.07034922 -0.06684643 0.03375147 -0.04117243 -0.01500973
0.16022835 0.19358188 0.03916670 0.03986786 0.04149947 -0.01816205
0.17062861 0.17553417 0.00566971 0.03400664 0.04534122 -0.02478441
0.17945014 0.20617519 -0.02688686 0.03931012 0.04075904 -0.01027682
0.12951924 0.16068021 0.04477195 0.03661827 0.04260819 -0.02136669
0.16855493 0.18197702 -0.01910609 0.03627950 0.04382025 -0.00709901
0.18536793 0.14542606 0.01022219 0.03630961 0.03836588 -0.00757644
0.13575082 0.16657606 -0.00662468 0.03499499 0.04203057 -0.01299493
0.17015688 0.04604911 0.00927637 0.04130052 -0.03208011 -0.01937675
0.14770890 0.08081174 -0.07275657 0.02993916 -0.03121691 -0.04354451
0.21456961 0.07997884 -0.01089340 0.03078463 -0.02978485 -0.03024249
0.16322302 0.00634586 -0.02336935 0.03420294 -0.03234784 -0.02509319
0.24475357 0.03822995 -0.03536198 0.04552822 -0.03203156 -0.02510813
0.25761826 0.05193501 -0.02316935 0.02600345 -0.03089337 -0.02347524
0.20912074 0.07827183 -0.01094160 0.04308450 -0.02515756 -0.02010267
0.22940781 0.21866731 -0.02694825 0.02939730 0.05600156 -0.05473381
0.20868979 0.23257006 -0.00273547 0.02603338 0.05816702 -0.06033430
0.24594784 0.20671774 0.01659616 0.02452714 0.05535269 -0.04971079
0.21054450 0.23646420 0.01950345 0.03019365 0.05981247 -0.05852035
0.23388375 0.22146288 -0.00935475 0.02673839 0.05996745 -0.03544396
0.24683533 0.20590600 -0.00187909 0.03676444 0.05236529 -0.04629657
0.18273160 0.21964416 -0.05141049 0.02727460 0.05733660 -0.05447692
0.19820046 0.18735919 -0.00602398 0.02032234 0.05897720 -0.02235825
0.19485006 0.18614175 -0.00286041 0.02361648 0.06122960 -0.02091013
0.26599709 0.18656194 0.04047463 0.01668896 0.05821702 -0.00610060
0.22788465 0.23019858 -0.01466024 0.02406944 0.06563032 -0.02137796
0.26388172 0.20465514 -0.00524216 0.01603907 0.06357370 -0.00518537
0.27894167 0.18334474 -0.00144402 0.02992274 0.05824932 -0.01773115
0.23124237 0.22217605 -0.04690181 0.01276441 0.06222288 -0.01905598
0.22520382 -0.03494025 0.05664088 0.01892629 0.06596295 0.04462989
0.21994237 -0.03674187 0.01553222 0.02423697 0.07115462 0.04047034
0.20600606 -0.03428501 -0.01426613 0.01737591 0.06776501 0.05674175
0.19194558 -0.06920523 0.13636067 0.01620122 0.07455351 0.05281872
0.20643458 -0.06144328 -0.01877465 0.00717516 0.07246088 0.05533018
0.16457533 -0.02267002 0.03306584 0.03385848 0.06870331 0.04617517
0.13499686 -0.05422004 -0.00383666 0.00550100 0.06732644 0.04429740
-0.06882560 -0.21618472 0.01806166 0.06229962 0.02124516 0.09560602
-0.05883049 -0.17250644 -0.01610295 0.04112446 0.03945895 0.06211079
-0.09893539 -0.15467251 0.02127365 0.05102095 0.02317842 0.07945533
-0.07693688 -0.16716553 0.10777303 0.06108968 0.03557441 0.08403524
-0.12690580 -0.12553967 0.00726748 0.03777744 0.02618663 0.08933412
-0.13578301 -0.09284725 0.01698225 0.07198471 0.02781767 0.08191755
-0.10033933 -0.00309777 0.00705479 0.04374685 0.02748850 0.05743073
0.40587161 0.09775763 0.00140912 0.05650613 -0.01649487 0.00139530
0.32292105 0.12416867 -0.04632945 0.05467572 -0.01413852 -0.02476782
0.35373189 0.15149708 -0.02348881 0.05342150 -0.01563544 -0.00834339
0.34512341 0.08850745 0.00128429 0.04897979 -0.01503023 -0.00598612
0.38046461 0.12577464 -0.00981890 0.05717410 -0.01645023 -0.00593778
0.39140366 0.11627920 0.01974191 0.05189673 -0.01273110 -0.00859896
0.37747681 0.14929402 -0.01664691 0.05096832 -0.01213202 -0.00319119
1.10432111 0.05758013 0.18572619 0.01160162 0.07640492 0.07126801
1.14260979 0.07569188 0.15052623 0.00419394 0.08578094 0.06267723
1.22176759 0.04334831 0.15848354 0.00328089 0.08420902 0.07200688
1.21641397 0.03889353 0.18549100 0.01180334 0.09718038 0.06567817
1.28829986 0.11031236 0.04992791 0.00269009 0.09488730 0.06381800
1.26918212 0.05618742 0.14060844 0.01322824 0.09748321 0.05594405
1.22719459 0.07876330 0.09728500 -0.00755158 0.08930199 0.05062939
0.89890465 -0.05131056 0.14979274 0.02852756 0.04977387 0.07174018
0.88984072 -0.05572418 0.04627950 0.03053961 0.06077333 0.05007169
0.93519442 -0.04086075 0.06190671 0.02069398 0.05849463 0.06676571
0.92015654 -0.06042834 0.09931906 0.02433330 0.06589086 0.06910514
1.00801297 -0.01722912 0.02415239 0.02571027 0.06373663 0.06131659
0.95814958 -0.04924168 0.08384003 0.02868814 0.06234283 0.05467300
0.90563625 -0.02938506 0.03922972 0.01307414 0.06019494 0.05733193
0.66927977 0.17016653 0.00428250 0.04235579 0.04715040 0.05009316
0.59330959 0.17712064 0.01688583 0.04355274 0.05212931 0.03552820
0.63267864 0.15578565 0.08721286 0.03286091 0.05054040 0.04078436
0.61563600 0.16990712 0.02675305 0.04901572 0.05794358 0.04225265
0.64874120 0.20852888 -0.04168993 0.03766456 0.05815167 0.04621256
0.62047601 0.20226229 0.04058023 0.04272418 0.05803609 0.04652340
0.59753966 0.22114497 0.06880992 0.03376437 0.05292680 0.03508552
0.75829104 0.14600042 0.02187796 0.03096931 0.08779058 0.06982282
0.71713790 0.15272775 0.02723122 0.03184640 0.09679482 0.06304862
0.74123412 0.15975635 0.08025406 0.02580043 0.09264396 0.06934104
0.75894743 0.16101850 0.09114674 0.03668486 0.10253093 0.06264568
0.76310098 0.17063567 -0.04973735 0.02059941 0.10061389 0.06547172
0.70027284 0.20622309 0.05589611 0.03974913 0.09840906 0.06536971
0.67772917 0.19085597 0.03256341 0.02610717 0.09238787 0.06114826
0.74234940 0.29834222 -0.03449347 0.06662488 0.05788506 0.00381225
0.67058638 0.29861249 -0.07095662 0.07575802 0.06008715 -0.00355396
0.75430393 0.30631091 -0.04576239 0.06553968 0.06307757 0.00698555
0.73003933 0.30471768 -0.02573838 0.07471004 0.06668753 0.00071626
0.74602537 0.30518547 -0.08430974 0.06355999 0.06599774 0.00448353
0.70681870 0.37609827 -0.01848578 0.07276029 0.06856130 -0.01015776
0.64918838 0.36358800 -0.04172511 0.05159646 0.06447734 -0.00587704
0.70349649 0.56084748 -0.04937586 0.10892456 0.06683645 -0.02493171
0.64521164 0.55053245 -0.06377147 0.11725838 0.07229512 -0.03872091
0.67720391 0.55579718 -0.03501266 0.11150119 0.07193345 -0.01987655
0.68586580 0.52738115 -0.00740857 0.12115761 0.07536981 -0.03094682
0.69867082 0.50480857 -0.05780715 0.11182805 0.07390433 -0.01711888
0.64457312 0.55393379 0.02295103 0.11927289 0.07474607 -0.03268332
0.59820469 0.56936700 -0.03535445 0.10241537 0.07423927 -0.02602894
0.61072353 0.24180179 -0.01781202 0.06804350 0.05078539 0.01404527
0.56947265 0.20372014 -0.07999119 0.07064586 0.05443228 0.00010273
0.59956413 0.24935931 -0.05551509 0.05913377 0.05344257 0.01142335
0.56925122 0.18871611 -0.03740449 0.06725330 0.05881969 0.01312278
0.63183896 0.18793691 -0.09733501 0.06230597 0.05933702 0.01244416
0.61564937 0.18627504 -0.01340278 0.06578344 0.06287171 0.00376250
0.61183635 0.24547983 -0.04385749 0.04419789 0.05687436 0.00862644
0.58095921 0.15973080 -0.02004543 0.05710880 0.06458704 0.03418308
0.52179139 0.10035612 -0.05094611 0.05990390 0.07379809 0.01269246
0.54148745 0.06588182 -0.02383100 0.05413357 0.07157266 0.01756184
0.53700011 0.06140109 0.00497010 0.06255934 0.07716685 0.02290214
0.60550358 0.05730472 -0.08779380 0.05674419 0.07667023 0.02530868
0.54434396 0.08185961 -0.02082581 0.05434021 0.07416747 0.02527715
0.53276494 0.11622342 -0.03273148 0.05072632 0.07136250 0.01883172
0.32092061 -0.35159025 -0.04132087 0.06721587 0.04490744 0.13455431
0.16845604 -0.27776187 -0.12591188 0.06465965 0.06274279 0.08814446
0.34423422 -0.29513955 -0.06287739 0.05637109 0.05451223 0.11339562
0.23335077 -0.31883519 -0.03382063 0.05815477 0.06670416 0.10802659
0.42409770 -0.28559232 -0.15448320 0.04090111 0.05854862 0.11485320
0.33534192 -0.19417910 -0.08872574 0.07427412 0.06456171 0.10993823
0.34955323 -0.16126312 -0.04911260 0.03464096 0.05378309 0.08599882
0.40739898 -0.01155926 0.02966348 0.05448278 0.05807952 0.04963254
0.33565518 -0.07119036 -0.02942652 0.04525061 0.07157724 0.03249240
0.32801576 -0.01949405 -0.04333613 0.04330930 0.06858075 0.03654328
0.32252889 -0.06654063 0.04377314 0.05220352 0.07595615 0.04666976
0.38219932 -0.05288135 -0.08338288 0.04358235 0.07013298 0.04069847
0.34491904 0.01421698 -0.01704394 0.05404898 0.06927086 0.04205897
0.33876635 0.02233188 -0.00654050 0.03389452 0.06342932 0.02643605
0.12197600 -0.17395204 0.01669199 0.05256919 -0.00252064 0.01428903
0.07322432 -0.15666422 -0.05916220 0.03911172 0.00521717 -0.01854456
0.06580460 -0.17025163 -0.02403356 0.05692528 0.00054614 -0.00992387
0.00157201 -0.26441032 0.01722061 0.04915647 0.00457375 0.00300908
0.04171769 -0.24081858 -0.04068603 0.05549282 -0.00324563 0.00222564
0.05141085 -0.14533064 -0.03510432 0.05386451 0.00200070 -0.00021680
0.08984013 -0.15655581 -0.02247074 0.03846493 -0.00086326 -0.01116673
0.37517942 0.03308848 0.01998571 0.01463317 0.04782992 0.04072879
0.32948140 0.05196149 -0.04307955 0.00590242 0.05580344 0.03663309
0.35817269 0.04123808 -0.07443261 0.01041926 0.05517599 0.04605508
0.29177062 0.01327006 0.04373158 -0.00058293 0.05885345 0.05074329
0.32451648 0.03062917 -0.05184559 -0.00064359 0.05662152 0.03980110
0.33768065 0.01775136 -0.01810790 0.01531946 0.05541258 0.03790406
0.32520592 0.04785218 -0.01129058 0.00179930 0.05123896 0.03181649
0.24421033 0.04577051 -0.01289682 0.01741177 0.01773920 0.00627611
0.21866379 0.09438670 -0.04069925 0.00668796 0.02305080 -0.00199830
0.24274737 0.07797725 -0.04873415 0.01672302 0.02008023 0.00076859
0.15624370 0.04746277 0.01394906 0.00969032 0.02197597 0.00793176
0.17567528 0.07227135 -0.03421231 0.01269364 0.02184737 0.00738682
0.18397843 0.05936600 0.01943563 0.01574734 0.02157654 0.00936163
0.23064196 0.09292262 0.00131604 0.01384390 0.01862157 0.00419413
-0.01970286 0.11247556 -0.03899590 -0.00487928 0.02095913 0.02083994
-0.03809534 0.17293544 -0.07122186 -0.02131870 0.02110465 0.02076318
0.06381351 0.14704519 -0.00139915 -0.00114511 0.01793370 0.01453595
0.00247606 0.09791398 0.00842827 -0.01224378 0.01943895 0.01255562
0.05810749 0.11363943 -0.04908639 -0.01228851 0.02487892 0.01794086
0.08181596 0.10143507 -0.02678290 -0.01715222 0.01857308 0.02826599
0.07828494 0.09719281 -0.00822496 -0.00482215 0.01670196 0.02789674
-0.15355516 0.19852810 0.07196561 -0.05015960 0.06797572 0.07251183
-0.19033343 0.19676838 0.09190892 -0.07909173 0.08390148 0.08742734
-0.08455786 0.20868827 0.10415415 -0.07764840 0.07395565 0.09843912
-0.08688082 0.11099776 0.20844311 -0.07678694 0.08347272 0.07614192
-0.00663635 0.14601354 0.00528302 -0.08738108 0.08514188 0.09715409
-0.01272658 0.11142485 0.14591848 -0.06243489 0.07275055 0.10162787
-0.00193900 0.12468548 0.12300564 -0.06689515 0.06836216 0.07875569
0.00626395 -0.26903167 0.00974397 -0.02517079 0.00072144 0.05267228
0.01361351 -0.19176673 0.03948595 -0.02872109 0.01271294 0.03166740
0.10266985 -0.24548892 0.02187935 -0.02301728 0.00142690 0.04570448
0.02485423 -0.23402713 0.05498727 -0.03186752 0.01321380 0.05678641
0.04794096 -0.15454653 0.01206666 -0.01848963 0.00604028 0.04557424
0.05763309 -0.16613681 0.06648328 -0.00979058 0.00291562 0.04534621
0.06436505 -0.06788253 0.00532087 -0.03014141 0.00546958 0.02695200
-0.18927667 0.00187875 0.02900854 -0.03852211 0.00063671 0.02120915
-0.19815406 0.02122141 0.02501082 -0.05266444 0.00700204 0.01511304
-0.07191698 -0.02094823 0.01599408 -0.04738986 0.00104732 0.03878947
-0.12127939 -0.10697440 0.15647423 -0.04900090 0.00356268 0.02722110
-0.12453445 -0.05209918 0.01840324 -0.04057341 0.00635819 0.03721688
-0.04960920 -0.10342132 0.10964721 -0.04723731 -0.00230480 0.03313453
-0.09092257 -0.08620751 0.06028504 -0.03707370 0.00353832 0.02978801
-0.06870471 -0.16527914 0.04029992 -0.00627684 0.00548286 0.00300248
-0.04108396 -0.11725692 0.04112880 -0.02133778 0.00995720 -0.00688940
0.02457905 -0.14752874 0.04441753 -0.00555933 0.00615606 -0.00535258
-0.02480599 -0.18185802 0.09539397 -0.01325817 0.00971621 0.00402929
-0.03179428 -0.13841943 0.03192411 0.00191103 0.00779539 -0.00243777
-0.02001641 -0.13541428 0.07518454 -0.00509921 0.00536974 0.00662534
-0.03645028 -0.08935333 0.04431466 -0.00057586 0.00681893 -0.00214110
-0.07231560 -0.02042348 0.04748068 -0.00538522 0.01422670 0.01126035
-0.05289446 0.00859208 0.01739399 -0.02296094 0.01661675 0.00420946
0.01839141 0.00899388 0.03852797 -0.00277913 0.01355579 0.00098300
-0.01855765 -0.04949117 0.09602756 -0.01210098 0.01537876 0.00716138
-0.00985259 -0.01126640 0.01569038 -0.00462050 0.01742716 0.00639789
0.00538863 -0.00226552 0.04570513 -0.01087058 0.01379315 0.01720267
0.00883765 0.00476255 0.03364399 0.00257578 0.01275404 0.00853936
-0.12232888 0.19133741 -0.02145259 0.00279498 0.00871619 0.00646979
-0.11666602 0.19281380 -0.07652548 -0.01253340 0.01085434 -0.00213443
-0.02832021 0.18576745 0.00941584 0.00260838 0.00759149 -0.00267858
-0.10926130 0.08539764 0.04976888 -0.00417880 0.00702942 -0.00269995
-0.01224000 0.12282400 -0.05164407 0.00312427 0.01176166 0.00522866
0.00729067 0.10448644 0.01947010 -0.00950343 0.00840598 0.01391476
0.01464458 0.12585318 0.01396187 0.00859881 0.00649672 0.00883160
-0.04222366 -0.13132499 0.01842152 0.00603490 0.01449485 0.00234386
-0.02240108 -0.09475078 -0.01729338 -0.00787940 0.01934532 -0.00987134
0.04103276 -0.13274326 -0.00490682 0.00863153 0.01554754 -0.00603676
-0.03141333 -0.17479539 0.03859202 -0.00278241 0.01946728 0.00477466
-0.03087413 -0.15085311 -0.01470127 0.01009628 0.01593933 -0.00554997
-0.00388876 -0.12570858 0.00713337 0.00488423 0.01464243 -0.00012134
-0.00818331 -0.09310774 -0.01361951 0.00558797 0.01557105 -0.00338285
-0.09608452 -0.13886390 0.02689090 -0.00088701 0.02975733 0.02108918
-0.05830649 -0.09680870 0.00124592 -0.01462690 0.03551160 0.01445498
-0.01927176 -0.13134102 0.00835149 0.00618718 0.03022755 0.01235087
-0.05919793 -0.16877137 0.05842579 -0.01021168 0.03605275 0.02139660
-0.08092023 -0.14989835 0.00592245 -0.00065275 0.03298082 0.01393108
-0.03341535 -0.11413765 0.01541286 0.00141063 0.03093235 0.02401925
-0.03809833 -0.09763350 -0.02331630 -0.00020774 0.02888233 0.01503023
-0.10933739 -0.18278522 0.02258405 -0.00331269 0.01863024 0.01160290
-0.08274168 -0.13048717 -0.01096378 -0.01403997 0.02300719 0.00146236
-0.02649012 -0.15063578 0.00190253 0.00411741 0.01957861 0.00433509
-0.06240952 -0.18940624 0.02427611 -0.01362269 0.02470819 0.01385621
-0.07701369 -0.17937239 0.00286413 -0.00034940 0.02031121 0.00278427
-0.05309450 -0.12624295 0.01223754 -0.00179079 0.01955852 0.00913047
-0.05479954 -0.13320078 -0.02227452 -0.00235671 0.01867967 0.00543596
-0.01245997 -0.09601185 0.03689571 0.01541561 0.01565080 0.00169616
0.01268423 -0.04220854 -0.01499224 0.00064327 0.02083186 -0.01189689
0.07163028 -0.08995499 0.00912917 0.01456118 0.01685322 -0.00952578
0.00305069 -0.11358858 0.04109130 0.00699252 0.02075842 0.00188876
-0.00154060 -0.11347885 -0.00981233 0.01565877 0.01793900 -0.00496702
0.03351217 -0.07119929 0.01002161 0.01379112 0.01713317 0.00354481
0.02894870 -0.03521384 -0.00225295 0.01641854 0.01677262 -0.00287124
0.03693867 -0.06720141 0.00114323 0.01065516 0.00972540 0.01121524
0.03293905 -0.00841641 -0.02589800 -0.00326390 0.01196744 -0.00184578
0.08599848 -0.03895647 -0.00417646 0.01521746 0.01041251 -0.00025109
0.05286161 -0.08344714 0.01601397 0.00023856 0.01242245 0.00615913
0.06129526 -0.05605606 -0.00971725 0.01098124 0.01091718 0.00034685
0.06992320 -0.01555469 0.00089644 0.00447154 0.01136014 0.00907554
0.07002991 -0.01833278 -0.01150552 0.01528995 0.00915697 0.00772019
-0.04027624 -0.09127805 0.01230533 0.00220571 0.01812165 0.00720975
-0.03340939 -0.05016136 -0.01884046 -0.01138179 0.02106833 -0.00316499
0.01189603 -0.06465443 -0.00299241 0.00600226 0.01908006 -0.00308378
-0.02323240 -0.11743413 0.02395193 -0.00632054 0.02146160 0.00372308
-0.02335371 -0.08904492 -0.00350281 0.00294412 0.02018007 -0.00224239
-0.00436192 -0.06059894 0.01154531 -0.00351770 0.01984148 0.00820254
-0.00925485 -0.06306077 0.00212117 0.00743334 0.01735961 0.00545245
0.04832118 -0.07934010 0.00064316 -0.00066537 0.01156947 0.01574785
0.05723768 -0.01133859 -0.03598005 -0.01429705 0.01335983 0.00599274
0.09854208 -0.03281646 -0.00315762 0.00333595 0.01168173 0.00805883
0.06981287 -0.08483950 0.02824395 -0.01238737 0.01364396 0.01231614
0.07618425 -0.05033872 -0.00699871 -0.00263601 0.01240500 0.00741794
0.03517831 -0.02700718 -0.00761611 -0.00116437 0.01051717 0.00697756
0.02286663 -0.00112051 -0.00104940 -0.00607714 0.00811941 0.00536980
0.01521540 -0.00623615 -0.03333810 0.01448023 0.00516226 -0.01273277
0.00811108 -0.00092856 0.02522124 0.00080072 0.00456652 -0.00160506
-0.00779966 0.00451059 0.02512180 0.00280560 0.00838825 -0.01120744
-0.01717039 0.02398626 0.01292018 -0.00880270 0.00890198 0.00412614
-0.00713681 0.03055853 0.00965499 0.01258862 0.00267060 0.00760387
