0.02661749 0.16766503 0.00381696 -0.00291365 0.00443217 -0.01761940
0.10086879 0.11797674 0.01191978 0.00104652 0.00220704 -0.01176787
0.05308353 0.06593443 -0.03493143 -0.00876215 0.00403248 -0.01162160
0.06837636 0.11597202 -0.05681485 -0.00815842 0.00267431 -0.02349998
0.14087193 0.12448246 0.06322562 -0.00461100 0.00281613 -0.01650773
0.03832985 0.16708316 0.02500280 -0.00520752 -0.00062368 -0.01045715
0.10327976 0.14609394 0.04396941 0.00384982 0.00490790 -0.01735146
0.04808552 0.15369648 0.00314500 -0.01149608 0.00209717 -0.00957445
0.12598769 0.10876799 0.00418200 -0.00814555 -0.00081566 -0.00562686
0.06852832 0.04756375 -0.04237678 -0.01690823 0.00172007 -0.00325611
0.09114009 0.10669705 -0.05819205 -0.01510478 -0.00015319 -0.01738019
0.16419243 0.10978969 0.06012586 -0.01291642 0.00090692 -0.01001145
0.06270405 0.16216101 0.01850236 -0.01290760 -0.00311868 -0.00370166
0.12592281 0.13397801 0.04008300 -0.00313749 0.00323938 -0.01270620
0.04801555 0.13757175 0.00399927 -0.01304187 0.00184599 -0.00573508
0.12100148 0.09597486 0.00053963 -0.00987637 -0.00115624 -0.00236031
0.06056610 0.03366933 -0.04250204 -0.01780409 0.00153902 -0.00093882
0.08481457 0.09749586 -0.05378019 -0.01724067 -0.00051463 -0.01378338
0.15487284 0.09028330 0.05199214 -0.01441916 0.00031535 -0.00745075
0.05510276 0.14883432 0.01322517 -0.01437430 -0.00360198 -0.00045318
0.11819229 0.12157231 0.03893360 -0.00472615 0.00266788 -0.00972878
0.01287410 0.14970414 0.00508178 0.00040544 0.00595686 -0.01739276
0.08107827 0.10491081 0.01172491 0.00347871 0.00386343 -0.01137174
0.04220380 0.06151431 -0.03149933 -0.00623863 0.00552003 -0.01249972
0.05102727 0.11135464 -0.04737919 -0.00688734 0.00433511 -0.02259868
0.12775177 0.11052327 0.05955389 -0.00163709 0.00401950 -0.01701787
0.01807357 0.15895905 0.02596712 -0.00364821 0.00064316 -0.01026125
0.08408802 0.13999936 0.03974639 0.00642927 0.00597602 -0.01620277
-0.01270138 0.12108687 -0.00450596 -0.00273999 0.00487641 -0.01312372
0.05443487 0.08505881 0.01397346 0.00119134 0.00306695 -0.00782099
0.02219479 0.04290687 -0.02897815 -0.00766345 0.00473604 -0.00938888
0.02345034 0.09390542 -0.03917750 -0.00866123 0.00303777 -0.01781783
0.09695880 0.07956545 0.04242099 -0.00372207 0.00293289 -0.01389835
-0.01096312 0.13358571 0.01968484 -0.00487353 -0.00035285 -0.00580243
0.06090990 0.11934650 0.03853542 0.00357074 0.00549137 -0.01205411
0.03421026 0.18308472 -0.00982845 -0.00852642 0.00253183 -0.01578508
0.12469057 0.13792114 0.02342542 -0.00377324 -0.00000774 -0.01040234
0.08927364 0.08438746 -0.02365164 -0.01546006 0.00170270 -0.00775922
0.09520565 0.12638132 -0.06980301 -0.01274347 -0.00011915 -0.02215628
0.16852085 0.16884366 0.07318041 -0.01093960 0.00151740 -0.01301830
0.06318386 0.19939879 0.04140018 -0.00985291 -0.00178438 -0.00968896
0.12843372 0.18628463 0.04339750 0.00063612 0.00335681 -0.01844147
0.03383100 0.19479170 -0.00616903 -0.00299106 0.00413913 -0.02200098
0.11845633 0.15338054 0.02938472 0.00144316 0.00155706 -0.01456321
0.08360818 0.09364461 -0.01973407 -0.01083366 0.00296813 -0.01277783
0.08802516 0.13531258 -0.07359411 -0.00839184 0.00083086 -0.02673911
0.15073348 0.17415045 0.07465017 -0.00633365 0.00238387 -0.01640470
0.05644595 0.19784961 0.04889974 -0.00510423 -0.00024647 -0.01448302
0.12065660 0.19273449 0.04682358 0.00583516 0.00406254 -0.02224963
0.68233252 -0.22533236 0.06701357 0.00755089 0.02652401 0.04740529
0.59848234 -0.22853415 0.04991588 0.01818646 0.03091554 0.03824165
0.65073967 -0.16898803 0.08182717 -0.00418795 0.02605041 0.05348603
0.67559063 -0.20959191 0.11463309 0.00022385 0.03003514 0.04377628
0.66812225 -0.17003618 0.04975609 0.00399756 0.02797972 0.04970360
0.60254786 -0.14132337 0.05701968 0.00852001 0.02368124 0.03484680
0.58601923 -0.16368706 0.02350039 -0.00289860 0.02831736 0.04881578
1.04314707 -0.19667806 0.07475054 0.01305323 0.02750383 0.05662694
0.91867998 -0.21135082 0.05221011 0.01938288 0.03522607 0.04655637
0.98190218 -0.12248210 0.09598762 0.00254245 0.03032999 0.06220498
1.06193051 -0.18197767 0.11041632 0.00862286 0.03564037 0.04908706
1.02952681 -0.17022269 0.06237801 0.00996459 0.03296356 0.06302744
0.93293235 -0.13548495 0.04676398 0.01642521 0.02818623 0.04058750
0.92207223 -0.15591337 0.03814070 -0.00726145 0.03247243 0.05597066
0.16739570 -0.25964795 -0.01382869 -0.03074509 0.00586499 0.05174160
0.15294040 -0.18317737 0.02135355 -0.02294195 0.00480737 0.04224557
0.16476277 -0.20572644 0.01384940 -0.03786564 0.00288264 0.05392076
0.13111376 -0.17201073 0.03637496 -0.04108352 0.00191253 0.04658286
0.14484187 -0.21428624 -0.01283769 -0.03411017 0.00267930 0.04465182
0.11493433 -0.13920804 0.01777432 -0.03217788 -0.00171889 0.04649179
0.11534214 -0.12720186 0.00960493 -0.02442787 0.00556595 0.04284011
0.92802197 -0.31926051 0.03262851 0.00491071 0.02098083 0.07752564
0.73303513 -0.28797146 0.05890733 0.01165679 0.02601496 0.06313834
0.79032995 -0.22517920 0.06933343 -0.01070886 0.02088657 0.08475232
0.85294187 -0.24180070 0.10743295 0.00060469 0.02772877 0.06588716
0.84667712 -0.28159825 0.07264571 0.00231409 0.02594240 0.08141887
0.74590743 -0.21361142 0.04298165 0.01303439 0.01972966 0.06031484
0.78815594 -0.22587601 0.04058017 -0.01931906 0.02430030 0.07111524
1.13269314 -0.07806579 0.09926407 0.01120602 0.02847040 0.04209434
1.04123279 -0.10727532 0.05155184 0.01669833 0.03764241 0.03353132
1.11670285 -0.03814033 0.08458728 0.00509169 0.03301696 0.04547235
1.21317856 -0.10309299 0.11023641 0.00904277 0.03662707 0.03239765
1.16002522 -0.07291013 0.05886100 0.01006110 0.03470729 0.04670223
1.08005978 -0.06470804 0.04476667 0.00887742 0.02980511 0.02829764
1.02510072 -0.08436466 0.03968736 -0.00665683 0.03551251 0.04176657
1.07528239 -0.05814087 0.10742059 0.00602681 0.02780592 0.04063939
1.02142647 -0.09100348 0.05081662 0.01333067 0.03588498 0.03079790
1.08694337 -0.03267604 0.07963618 0.00164647 0.03160326 0.04403633
1.17805816 -0.09632831 0.11255121 0.00457465 0.03428628 0.03154174
1.11376703 -0.05369691 0.04768942 0.00583086 0.03283822 0.04343969
1.05568357 -0.04694756 0.04593884 0.00398692 0.02843008 0.02717520
0.98936014 -0.06873387 0.03151812 -0.00732419 0.03443160 0.04014922
1.05594181 -0.04992590 0.10579698 0.00590796 0.02761020 0.03938911
1.01026766 -0.08730449 0.04753442 0.01342304 0.03557920 0.02917284
1.07114017 -0.02797658 0.07631207 0.00237441 0.03138528 0.04274537
1.16241604 -0.09851280 0.11220284 0.00431095 0.03395077 0.02963283
1.09942257 -0.04959811 0.04569524 0.00581916 0.03234123 0.04138753
1.03805691 -0.04606823 0.04369123 0.00385850 0.02800266 0.02545645
0.97440846 -0.06748131 0.02881252 -0.00713486 0.03397335 0.03893670
0.97417735 -0.08382756 0.09522587 0.00446771 0.02728039 0.04266449
0.93968965 -0.12235040 0.04555951 0.01365052 0.03433141 0.03151978
0.99063717 -0.05637629 0.07639777 -0.00017532 0.03054083 0.04681078
1.07118949 -0.12889040 0.10669783 0.00304915 0.03338434 0.03350962
1.01779751 -0.08038937 0.04321957 0.00318599 0.03127652 0.04519056
0.94970949 -0.06764960 0.03997398 0.00407416 0.02738768 0.02724935
0.90130493 -0.08911013 0.02011823 -0.00824323 0.03307524 0.04278790
1.11839809 -0.04344142 0.10999719 0.00952593 0.02945026 0.03732965
1.05405018 -0.07817473 0.04833346 0.01568334 0.03826962 0.02810781
1.12445489 -0.01854336 0.08035874 0.00477234 0.03403772 0.04039187
1.22129492 -0.08777370 0.11368503 0.00807835 0.03691925 0.02730604
1.15941130 -0.04076137 0.05247342 0.00899654 0.03520638 0.04093778
1.09494112 -0.04055888 0.04596189 0.00654988 0.03085576 0.02364532
1.02518395 -0.06278993 0.03781171 -0.00522512 0.03661212 0.03751709
1.04591325 -0.13150334 0.09156214 0.00876426 0.02956496 0.04725062
0.97157553 -0.16081573 0.04015910 0.01695183 0.03718598 0.03693579
1.02818586 -0.08239176 0.09360759 0.00127454 0.03315067 0.05206050
1.11250296 -0.15147992 0.10720203 0.00688186 0.03688893 0.03928629
1.06889740 -0.11794664 0.05433577 0.00701592 0.03441817 0.05240522
0.99016428 -0.09458874 0.04158909 0.00991613 0.03060323 0.03155978
0.95115244 -0.11674376 0.03642455 -0.00610764 0.03565686 0.04769503
0.97323917 -0.29660499 0.03666082 0.01294874 0.02254935 0.07457602
0.77667825 -0.28108090 0.06065547 0.01793863 0.02862612 0.06073373
0.84290810 -0.21048136 0.08094238 -0.00289415 0.02309566 0.08160783
0.90577446 -0.23612693 0.11182662 0.00720204 0.03054415 0.06338485
0.89535177 -0.26054524 0.07113927 0.00949014 0.02793853 0.07993575
0.78755617 -0.20930056 0.04637027 0.02072544 0.02207944 0.05737068
0.82290672 -0.21815799 0.04301383 -0.01271995 0.02562413 0.06947764
0.10494212 -0.23414062 0.01229594 -0.01319264 0.01075658 0.04027805
0.04481277 -0.19035643 0.02930343 -0.00343724 0.01009164 0.03433506
0.03154582 -0.19020505 -0.00382870 -0.02732991 0.00860132 0.04515097
0.02102562 -0.14388277 0.04830434 -0.02535965 0.00975412 0.03651974
0.04922888 -0.19069962 0.04972587 -0.01759468 0.01018067 0.03587368
0.02440526 -0.11892910 0.03757136 -0.01097579 0.00462424 0.03901311
0.03418414 -0.14523827 0.01099163 -0.01341929 0.00877204 0.03976324
-0.36438547 -0.09099837 -0.05372105 -0.02316711 0.00955557 0.01780778
-0.25288079 -0.03749886 0.03673839 -0.03403319 0.00989728 0.00929454
-0.23471946 -0.02569075 0.05880561 -0.03861940 0.00707357 0.00597797
-0.32748893 0.00395593 -0.04544578 -0.04233409 0.00601933 0.01443783
-0.25815502 -0.02673185 -0.06770119 -0.03514172 0.00614118 0.00928116
-0.33898141 -0.00874003 0.04401512 -0.03515048 0.00619621 0.02701040
-0.26886078 0.06439337 -0.03312600 -0.02125123 0.00389752 0.01447606
-1.07487850 0.08200286 -0.00759139 0.01757972 -0.02735729 -0.04935163
-0.95537260 0.05726435 -0.03148768 0.01002069 -0.02415857 -0.05080515
-0.98829098 0.09366252 -0.03880326 -0.00054021 -0.03302938 -0.05055549
-1.05346344 0.04134086 -0.08747356 -0.00691206 -0.02339293 -0.06137146
-1.00655556 0.08677187 -0.03027319 0.00524796 -0.03132484 -0.05802047
-0.99890776 0.04276381 -0.02163130 -0.00390924 -0.02983930 -0.04930428
-1.03555858 0.09574541 -0.12897018 0.01268980 -0.03182613 -0.04805275
-0.98083712 0.04643328 -0.00231205 0.02578784 0.00778142 -0.05157252
-0.90875223 0.04472823 0.02522851 0.02084582 0.01064691 -0.05087221
-0.86382836 0.03642184 0.03179736 0.00049043 0.00391858 -0.05717288
-0.98270036 0.01352054 0.00042464 0.01244716 0.01384038 -0.05961567
-0.89796200 0.08111298 0.00868283 0.01871233 0.00936838 -0.05493144
-0.94865404 0.01585050 0.00925913 0.00128672 0.01050343 -0.04351417
-0.95481373 0.08173429 -0.04530548 0.02222039 0.00338458 -0.04072800
-1.30914301 0.04855054 -0.00884625 -0.02206865 -0.06662977 -0.03368947
-1.13475926 -0.00374727 -0.08462771 -0.01412950 -0.06421159 -0.03794673
-1.19248293 0.01029592 -0.08848028 -0.02174994 -0.07357451 -0.03684236
-1.20296478 -0.07883240 -0.07979250 -0.02222690 -0.06055520 -0.04630556
-1.18968278 0.00359852 -0.04456696 -0.01146341 -0.07079573 -0.05047722
-1.12684555 -0.04204537 -0.11487053 -0.02253530 -0.06201560 -0.03953551
-1.16699092 0.03962898 -0.16402002 -0.02638261 -0.06685477 -0.04157245
-1.29554227 0.05064696 -0.01787675 -0.01075350 -0.06674412 -0.04153831
-1.11346655 -0.00594840 -0.08786225 0.00122977 -0.06406640 -0.04509107
-1.17113806 0.01468201 -0.09276101 -0.00886414 -0.07306339 -0.04568408
-1.18469372 -0.08233038 -0.07815776 -0.01337236 -0.05924048 -0.05056132
-1.16712332 -0.00842046 -0.05082913 0.00044771 -0.07004431 -0.05997318
-1.10778362 -0.04472711 -0.13393991 -0.00878524 -0.06014833 -0.04574031
-1.13044433 0.04582545 -0.17224682 -0.01425937 -0.06724635 -0.04838497
-1.20125555 0.06611049 0.00315684 0.00799956 -0.03884296 -0.05411307
-1.05798990 0.01981111 -0.07107015 0.02017070 -0.03681493 -0.05410488
-1.10613629 0.04989260 -0.06481972 0.00030224 -0.04457565 -0.05717300
-1.12478398 -0.05532919 -0.04477899 0.00544765 -0.03010876 -0.05908354
-1.08879454 0.02606166 -0.01482168 0.01835071 -0.03886606 -0.06647105
-1.04255311 -0.02704950 -0.09157536 0.00651561 -0.03075447 -0.05582827
-1.07105829 0.04608485 -0.13582530 0.00609114 -0.03942584 -0.05156499
-1.38378397 0.03558342 -0.01359227 -0.01850013 -0.07057548 -0.03554222
-1.17162600 -0.01611652 -0.08310488 -0.00055442 -0.06626043 -0.04299287
-1.23401836 0.00632423 -0.07584730 -0.01315142 -0.07583013 -0.04066294
-1.23702027 -0.11335208 -0.06979135 -0.01564160 -0.06084315 -0.04556044
-1.21905506 -0.01712102 -0.05788208 -0.00474997 -0.07202312 -0.05527171
-1.15806304 -0.07198993 -0.13562459 -0.01134239 -0.06255662 -0.04124773
-1.18743069 0.05060498 -0.17625436 -0.01883916 -0.06991996 -0.04365835
-1.35359049 0.04498383 -0.01771404 -0.02554268 -0.07559310 -0.03201616
-1.14207461 -0.01185893 -0.08947424 -0.00666408 -0.07208740 -0.03939039
-1.20777123 0.00641997 -0.09251235 -0.01824274 -0.08172842 -0.03709734
-1.20827295 -0.10744733 -0.08051450 -0.01963158 -0.06631230 -0.04247635
-1.19312912 -0.01984729 -0.06311005 -0.00944577 -0.07777391 -0.05322366
-1.12831078 -0.06605137 -0.14640427 -0.01610757 -0.06701766 -0.03995975
-1.14812709 0.05176386 -0.18542195 -0.02581410 -0.07489655 -0.04248666
-1.28923327 0.05716199 -0.00335359 -0.00750369 -0.05156062 -0.04345912
-1.12290226 0.00680668 -0.07389695 0.00737391 -0.04851489 -0.04705377
-1.17106579 0.01775448 -0.07679079 -0.01096497 -0.05668028 -0.04656635
-1.18401907 -0.06881631 -0.05703297 -0.00482652 -0.04155743 -0.05095221
-1.15478620 0.01097197 -0.02496082 0.00410034 -0.05170523 -0.05646929
-1.10774785 -0.04176898 -0.10343414 -0.00698658 -0.04260952 -0.04612956
-1.13289490 0.04889070 -0.13953308 -0.00990412 -0.05049721 -0.04544488
-1.30233735 0.05845717 -0.01180161 -0.02724246 -0.07012709 -0.03209656
-1.12037674 0.00051657 -0.09215817 -0.01034434 -0.06733105 -0.03780948
-1.17928237 0.00685522 -0.10117227 -0.02478820 -0.07641929 -0.03552197
-1.18109681 -0.07943762 -0.08170579 -0.01987082 -0.06096225 -0.04221101
-1.16496801 -0.00531446 -0.04286629 -0.01188548 -0.07258848 -0.04916109
-1.10864140 -0.04645020 -0.12488390 -0.02167678 -0.06157475 -0.03977554
-1.13109715 0.04802000 -0.16920282 -0.02863277 -0.06924632 -0.04128276
-1.29216433 0.05027485 -0.01780085 -0.03141779 -0.07164644 -0.02766676
-1.09346040 -0.00148672 -0.08757117 -0.00765324 -0.06821087 -0.03512496
-1.15331307 0.01519182 -0.09374413 -0.02334448 -0.07789381 -0.03222351
-1.15280472 -0.10072657 -0.06932101 -0.02010757 -0.06177479 -0.03678315
-1.13084160 -0.01960000 -0.06241838 -0.01064087 -0.07201797 -0.04932980
-1.07447304 -0.06515688 -0.14609936 -0.01773568 -0.06105832 -0.03709830
-1.08095869 0.05163944 -0.18590180 -0.02903371 -0.06962162 -0.03797684
-1.02476999 0.04034017 0.01200655 0.00653617 -0.01683240 -0.03814635
-0.88065945 0.02078224 -0.02422577 0.02274637 -0.01433191 -0.04314966
-0.93627617 0.03604445 -0.00424776 -0.00098825 -0.01931995 -0.04290412
-0.94709940 -0.05739884 -0.01909402 0.00443068 -0.00768323 -0.04395026
-0.86630650 0.02092572 -0.01488025 0.01305553 -0.01158978 -0.05270926
-0.85205644 -0.05097152 -0.06080216 0.00648065 -0.00900114 -0.03777870
-0.86871460 0.04857562 -0.08096851 0.01166178 -0.01713081 -0.03470975
-0.82511254 -0.01934079 0.02109175 -0.00199030 -0.01254125 -0.00938617
-0.73722906 -0.02844199 -0.01754337 -0.00513905 -0.00956508 -0.01739866
-0.74971803 -0.01736439 -0.01184374 -0.02139786 -0.01556256 -0.01471625
-0.79594217 -0.05773344 -0.02435979 -0.02303005 -0.00991185 -0.01827578
-0.72019234 -0.00269688 0.00470706 -0.01434498 -0.01153009 -0.01978387
-0.71710221 -0.03659918 0.01590821 -0.01918107 -0.01368126 -0.00792592
-0.75209737 0.05934110 -0.02360177 0.00288477 -0.01375220 -0.00946200
-0.26872149 0.11421133 -0.01917519 -0.02028505 -0.00027112 0.00839448
-0.15327116 0.13429534 0.04992768 -0.02227870 -0.00196936 0.00330800
-0.15108753 0.17010484 -0.02714351 -0.03408760 -0.00334655 0.01651623
-0.20119404 0.16533790 -0.10261806 -0.03411042 -0.00270451 0.00176280
-0.19189782 0.19750996 -0.03946315 -0.03397340 0.00004363 0.00884102
-0.18468650 0.18128220 0.08475957 -0.03029180 -0.00265799 0.00508030
-0.19595185 0.18833552 -0.03322066 -0.01185059 0.00156021 -0.00088193
-0.27144419 -0.01996143 -0.07519679 -0.01202901 0.01199433 -0.00661525
-0.17101686 0.03114903 0.05622779 -0.01305147 0.01064268 -0.00295328
-0.13530444 -0.00992675 0.03893798 -0.01955455 0.01009885 -0.00887243
-0.25735909 0.03016553 -0.04402156 -0.01929526 0.00757175 -0.00770351
-0.19854613 -0.00786156 -0.05394536 -0.01153477 0.00910077 -0.00770131
-0.26918711 0.01103051 0.00554707 -0.01845785 0.00714487 0.00539526
-0.18445406 0.07228540 0.00285840 -0.00465792 0.00863415 -0.00237930
-0.22091458 -0.14679916 -0.12631871 -0.02500027 0.00528969 0.02096122
-0.15062228 -0.03959193 0.05523972 -0.02573471 0.00284346 0.02116017
-0.07842178 -0.12885201 0.03788184 -0.03000379 0.00298626 0.01610170
-0.25250977 -0.07637844 0.00233169 -0.03204949 -0.00071716 0.01802083
-0.18325102 -0.12811039 -0.09450274 -0.02540258 0.00284468 0.01737798
-0.27657812 -0.07363321 -0.04849712 -0.02968563 -0.00017143 0.02691090
-0.14956454 0.01657946 0.03721869 -0.02072879 0.00421747 0.01361134
0.17290957 0.20497063 0.02091285 -0.00463542 0.00498226 -0.01267873
0.23335056 0.16469570 0.03507358 -0.00332497 0.00300144 -0.01007573
0.18785110 0.10751628 -0.02535604 -0.01410544 0.00370526 -0.00698448
0.21490434 0.16077895 -0.07812678 -0.01084894 -0.00004548 -0.02054615
0.19935813 0.15841408 0.05939845 -0.00875227 0.00244225 -0.00682225
0.16321694 0.17819216 0.06023296 -0.01086387 -0.00036976 -0.01016691
0.19262865 0.18695202 0.03859466 0.00625538 0.00226304 -0.01705575
0.30785857 -0.25770312 0.01927832 0.00953766 0.01890138 0.03540662
0.17180266 -0.22293866 0.03928144 0.01437118 0.02024204 0.03260629
0.20349221 -0.21170452 0.02148902 -0.00993913 0.01581120 0.04308017
0.18675661 -0.18294111 0.08655065 -0.00637708 0.01954270 0.03350774
0.22955302 -0.22450861 0.07044809 0.00387715 0.01951651 0.03456358
0.17291222 -0.15947741 0.04468540 0.00652859 0.01294993 0.02999218
0.19990101 -0.17559066 0.03544192 -0.00041111 0.01660446 0.03885402
-0.06435262 -0.16443757 -0.05189315 -0.01094807 0.00501674 0.01668743
-0.07098633 -0.09425407 0.02224024 -0.00360929 0.00429070 0.02158848
-0.03837584 -0.15209248 0.00376958 -0.00997801 0.00386924 0.02003990
-0.12537130 -0.08827780 0.03472250 -0.01516663 0.00041440 0.01927248
-0.06080549 -0.16673386 -0.03851486 -0.00461855 0.00025387 0.01422127
-0.12828861 -0.09339417 -0.01466654 -0.00930527 -0.00289222 0.02249442
-0.05956439 -0.08603924 0.05298893 -0.00571649 0.00482060 0.01888841
0.01536511 -0.15855405 -0.03528728 -0.01375099 0.00533558 0.02378580
-0.01056225 -0.10617068 0.01946602 -0.00932644 0.00470219 0.02417822
0.00734099 -0.13723184 -0.00334745 -0.01967153 0.00392193 0.02395986
-0.05733765 -0.08988368 0.02112591 -0.02524441 0.00182115 0.01994491
0.01509343 -0.15544029 -0.01580429 -0.01362279 0.00247760 0.01818560
-0.06154330 -0.06978123 -0.00189301 -0.01581609 -0.00208987 0.02600521
-0.00363283 -0.06718016 0.03758181 -0.00936448 0.00466585 0.02119329
0.04120919 0.13620521 0.01373715 -0.00447486 0.00482863 -0.01188897
0.09532010 0.10008367 0.00891631 -0.00094905 0.00229192 -0.00780814
0.04736554 0.05225231 -0.03865134 -0.01060012 0.00426148 -0.00773088
0.06707875 0.10480480 -0.04671819 -0.01103064 0.00253501 -0.01899626
0.13458056 0.09404324 0.05604485 -0.00614592 0.00287932 -0.01284773
0.03524454 0.14926917 0.02707290 -0.00769656 -0.00085601 -0.00562598
0.09555452 0.12630885 0.03514030 0.00264638 0.00465820 -0.01267854
-0.01624644 0.16437879 -0.00464799 0.00155650 0.00644360 -0.02174524
0.06210472 0.12631627 0.02584813 0.00510226 0.00473527 -0.01482552
0.04576306 0.08644010 -0.01806892 -0.00596209 0.00594296 -0.01577932
0.03239948 0.12112074 -0.05025526 -0.00580299 0.00478504 -0.02592568
0.10978806 0.14121296 0.06427955 -0.00106561 0.00464911 -0.01935632
0.00094252 0.17915754 0.04121764 -0.00206254 0.00171532 -0.01411667
0.06942860 0.16905211 0.04473931 0.00866552 0.00611819 -0.01886551
0.02198221 0.14519030 0.00860657 -0.00038427 0.00572284 -0.01617193
0.08368673 0.10083122 0.01542392 0.00322487 0.00382327 -0.01091342
0.05048529 0.06092094 -0.03264924 -0.00753472 0.00527723 -0.01034961
0.05442780 0.10506280 -0.04572466 -0.00764442 0.00443195 -0.02179308
0.13897654 0.11779370 0.06768482 -0.00324295 0.00444734 -0.01570522
0.02887307 0.16450685 0.03122312 -0.00366395 0.00059041 -0.00964871
0.09029334 0.13892203 0.04503988 0.00629865 0.00593724 -0.01572552
-0.00924993 0.14839727 -0.01490397 -0.00460722 0.00432703 -0.01484227
0.07517016 0.11270979 0.02767236 -0.00155322 0.00202786 -0.00905560
0.05845250 0.06846999 -0.01719264 -0.01185718 0.00340238 -0.00868473
0.04235062 0.10734906 -0.05394540 -0.01109914 0.00168460 -0.01993892
0.12127255 0.13256865 0.05719390 -0.00818316 0.00258780 -0.01330537
0.01066258 0.17200729 0.03351347 -0.00732302 -0.00039823 -0.00820005
0.08186118 0.16407937 0.04308646 0.00239418 0.00457457 -0.01602809
0.00987021 0.13587156 -0.00433561 -0.00895818 0.00359000 -0.00920752
0.08850247 0.09908004 0.01169293 -0.00519965 0.00106105 -0.00556342
0.05709135 0.05507562 -0.02523773 -0.01576019 0.00315502 -0.00403891
0.05420830 0.10143716 -0.05160179 -0.01474630 0.00105248 -0.01649387
0.13033296 0.10857238 0.05890934 -0.01135944 0.00175600 -0.00927047
0.02689778 0.15975093 0.03538174 -0.01099016 -0.00154944 -0.00348788
0.09348839 0.14658662 0.03723282 -0.00048470 0.00355972 -0.01139731
0.00835588 0.14312313 -0.00328952 -0.00274697 0.00498328 -0.01548500
0.07510282 0.10396197 0.02154754 0.00167212 0.00298955 -0.00952670
0.04663146 0.05782773 -0.02403755 -0.00977863 0.00453531 -0.00919530
0.04504442 0.10059849 -0.04716350 -0.00912369 0.00300411 -0.02031658
0.12427311 0.12067152 0.06336125 -0.00525935 0.00338348 -0.01377419
0.01760564 0.16190879 0.03406819 -0.00444895 0.00023389 -0.00930424
0.08367624 0.14582706 0.04880352 0.00465127 0.00530248 -0.01540279
0.02500687 0.17282540 0.00092329 -0.00374442 0.00415190 -0.01946803
0.10421046 0.12636628 0.01631541 0.00044016 0.00193183 -0.01319903
0.06466102 0.07518495 -0.03157278 -0.01011277 0.00360739 -0.01216732
0.07464631 0.11855312 -0.06001199 -0.00873667 0.00202027 -0.02473942
0.14687154 0.13981981 0.06725650 -0.00612574 0.00278621 -0.01695796
0.04451934 0.17910408 0.03203742 -0.00565293 -0.00056951 -0.01172806
0.10981808 0.15901472 0.04443289 0.00401650 0.00465123 -0.01880051
0.03840833 0.14446895 0.00371950 -0.00999351 0.00294372 -0.00968676
0.10984855 0.10270897 0.00657991 -0.00600030 0.00027067 -0.00612553
0.06450390 0.05234299 -0.03526920 -0.01602205 0.00264223 -0.00374507
0.08109148 0.10279255 -0.05410648 -0.01488493 0.00059992 -0.01720082
0.15262317 0.10881400 0.06097725 -0.01214318 0.00136327 -0.01020425
0.05189267 0.16247366 0.02753867 -0.01129103 -0.00222543 -0.00369339
0.11554561 0.13718559 0.04047934 -0.00165090 0.00355825 -0.01251992
0.03248029 0.14783981 -0.00686522 -0.01288357 0.00223246 -0.00840903
0.11428004 0.11182241 0.01757235 -0.00921962 -0.00053132 -0.00482040
0.07203067 0.05660055 -0.02676457 -0.01905329 0.00164113 -0.00268534
0.07734736 0.10913962 -0.06472454 -0.01764126 -0.00094741 -0.01621196
0.14240040 0.12002638 0.05704551 -0.01555514 0.00065480 -0.00797608
0.04726808 0.16470075 0.03710527 -0.01420541 -0.00257606 -0.00279240
0.11216966 0.15300510 0.03852942 -0.00362844 0.00264191 -0.01262935
0.02493724 0.13617298 -0.00040479 -0.01099910 0.00252168 -0.00990104
0.10004964 0.09544181 0.00764597 -0.00739493 0.00010991 -0.00543289
0.05570990 0.03997765 -0.03799578 -0.01596258 0.00239168 -0.00400951
0.06744679 0.09066452 -0.04978345 -0.01508156 0.00044038 -0.01674983
0.10025802 0.10079642 0.03118898 -0.00517846 0.00345600 -0.01208771
0.05123232 0.10616831 0.01356023 -0.00475084 0.00019399 -0.00454298
0.06809588 0.05728615 0.00272594 -0.00231335 0.00410316 -0.01121915
0.02676996 0.06389014 -0.01501861 -0.00097238 0.00226633 -0.01528428
0.06747687 0.02053957 0.03912692 0.00489292 0.00196696 -0.01022519
0.02422132 0.07150190 -0.01352050 0.00036004 0.00027653 -0.00841267
0.06378822 0.03687172 0.08614898 0.00545502 0.00545452 -0.01440259
