-0.00561044 -0.17434474 0.01450842 -0.00549974 0.04399968 0.00765481
0.02483328 -0.15753245 -0.01574632 -0.02062900 0.05061583 0.00851212
0.07230948 -0.12942568 -0.00619689 -0.00328240 0.04494700 0.00389235
0.01245518 -0.14293890 0.07093462 -0.01333255 0.05266573 0.01299273
0.00176794 -0.17391324 -0.01453219 -0.00898105 0.04970554 0.00581057
0.05781269 -0.11057528 -0.04052736 -0.00641071 0.04451879 0.01987679
0.02745635 -0.13174762 -0.03154972 -0.00870150 0.04423172 0.00107948
0.04789506 -0.04757222 -0.03853228 0.00631145 0.01789260 0.00276001
0.03122175 -0.02334048 -0.08528621 -0.00838518 0.01695064 -0.00114341
0.10182611 -0.02863736 -0.03443978 0.00864243 0.01527531 -0.00551418
0.06379941 -0.07341409 -0.00067832 -0.00339697 0.01818357 0.00344877
0.05907078 -0.07265311 -0.03636549 0.00398263 0.01919122 -0.00524509
0.11753378 -0.01899041 -0.06461876 -0.00392666 0.01655079 0.00915519
0.08487242 -0.06123302 -0.06645827 0.01105860 0.01618512 0.00273616
0.03369432 -0.03734301 -0.00768573 0.00817230 0.02431642 0.00684683
0.03902757 -0.01969268 -0.06181153 -0.00853308 0.02583433 0.00346746
0.08730489 0.00200595 -0.02586478 0.00971395 0.02321711 -0.00206314
0.04914606 -0.05466483 0.01646415 -0.00068208 0.02654218 0.00476642
0.03393753 -0.05629060 -0.01730570 0.00436287 0.02703018 -0.00035695
0.08631684 0.00948392 -0.04428252 -0.00358090 0.02413146 0.01598768
0.06752204 -0.03471836 -0.02758555 0.01156428 0.02272560 0.00792042
0.06484707 -0.12169633 -0.04913662 0.02656368 0.00590342 -0.00047527
0.04471578 -0.12096533 -0.06078557 0.00925892 0.00777617 -0.00842699
0.08422333 -0.14871113 -0.06756656 0.04061759 0.00376189 -0.02312246
0.05459769 -0.21196725 -0.00558696 0.02293409 0.00877964 -0.00589228
-0.01105911 -0.20001588 -0.04678231 0.02791318 0.00702741 -0.01602019
0.07148502 -0.10645855 -0.09030353 0.01449274 0.00915054 0.00465850
0.07175734 -0.13256271 -0.02300448 0.03051977 0.00168117 -0.00379851
-0.10769793 -0.20157721 -0.01165649 -0.03649114 0.05666934 0.02297173
-0.08474311 -0.20777097 0.00869869 -0.05121108 0.06900561 0.02251232
-0.01368101 -0.15375453 0.02475293 -0.03856151 0.05992271 0.01991589
-0.11264338 -0.15944900 0.05187974 -0.04361984 0.07032554 0.02778574
-0.11177103 -0.14170402 -0.02669849 -0.04049203 0.06611795 0.02418358
-0.07838110 -0.11582093 -0.00452054 -0.02428148 0.05866073 0.03595492
-0.07936671 -0.08083689 -0.00789857 -0.03916988 0.05755459 0.00675233
0.06377128 0.20076998 -0.06524401 -0.05474816 0.01608171 0.00520054
0.04535435 0.26906649 -0.10395234 -0.06384470 0.01493914 0.02393181
0.10646685 0.37832197 0.03020919 -0.05902159 0.01413871 -0.00338988
0.09391448 0.22259152 -0.05139601 -0.05150321 0.01325967 -0.00712599
0.11394198 0.23624197 -0.06731017 -0.07654825 0.02553324 0.03238230
0.18082669 0.26780616 -0.06922441 -0.07435657 0.01860606 0.04162825
0.18767748 0.21836262 0.00842302 -0.06009841 0.00964102 0.02149644
0.20042732 0.22167873 -0.14209276 0.01397225 -0.00005867 -0.02141802
0.12257505 0.17934717 -0.23136355 0.01391688 0.00162090 -0.02249084
0.23066115 0.15055957 -0.19632187 0.02117497 0.00128869 -0.03508413
0.16261505 -0.02101642 -0.00477514 0.02197625 0.00149655 -0.02855145
0.15272682 -0.05574970 -0.11727071 0.01950547 0.00760305 -0.01989309
0.24211394 -0.03107043 -0.07933801 -0.00565180 0.00433981 0.00472429
0.26235413 -0.04226635 -0.02772768 0.01771863 0.00240684 -0.00812216
0.42892639 -0.56070205 -0.03508615 0.08980411 0.08071646 0.22231050
0.32808628 -0.43585125 -0.05675924 0.05575715 0.10801366 0.19626000
0.47263388 -0.50559424 -0.03155011 0.08428831 0.09005352 0.19265952
0.34591898 -0.45288935 -0.03549469 0.08225316 0.10435104 0.19886225
0.54372121 -0.42382173 -0.00561627 0.03969494 0.10370148 0.21002977
0.47672018 -0.33040799 -0.07740902 0.09574487 0.10575248 0.20251298
0.40722214 -0.36035191 0.00531846 0.04130294 0.08860511 0.17318397
-0.00473067 -0.70997022 -0.15580650 0.07931132 0.02415262 0.23487701
-0.12269994 -0.64715371 -0.11977733 0.02686110 0.05661693 0.19724821
-0.02862596 -0.64594403 -0.06018814 0.07551020 0.02794043 0.19275866
-0.16284205 -0.50458830 -0.10757231 0.05841951 0.05501878 0.19859762
0.07673946 -0.60425010 -0.02866421 0.02562159 0.04944756 0.21164944
0.01972951 -0.50561152 -0.13435407 0.08802745 0.05066930 0.21229711
-0.03751298 -0.35490226 -0.00946973 0.02818813 0.03304330 0.15970675
0.59455160 -0.57124250 -0.02831698 0.03342845 -0.09068465 0.06374738
0.43266427 -0.37844520 -0.11423551 0.00542622 -0.08524987 0.00970454
0.71436636 -0.41630536 -0.06505787 0.01224869 -0.08554361 0.04828309
0.53545468 -0.32086615 -0.03554237 0.00532363 -0.07798959 0.04968540
0.72000593 -0.35673331 -0.02477061 0.01698745 -0.08971021 0.03621800
0.71787030 -0.25176916 -0.01976142 0.03083249 -0.07463655 0.02494595
0.66509239 -0.32840144 0.04084605 -0.02473485 -0.07362682 0.03195469
1.01918340 0.04451625 0.07062196 -0.03441388 0.09842101 0.04036412
1.06848344 0.05255368 0.08984218 -0.03606860 0.10395015 0.05961291
1.08382963 0.03609727 0.11987516 -0.04092242 0.10185859 0.05317014
1.10125378 0.05502754 0.10517838 -0.03470506 0.11284892 0.04711150
1.06935941 0.08735016 0.01545283 -0.04308334 0.11465270 0.05086709
1.09089620 0.00308897 0.09657072 -0.03094701 0.11032992 0.04486541
1.07593916 0.02401951 0.03831453 -0.04340617 0.10612631 0.03152493
1.42066717 0.06424441 0.09505636 0.01381261 0.07896445 0.06113905
1.45302609 0.01895873 0.08910327 0.00288586 0.09280193 0.06038620
1.46252021 0.02091347 0.12023538 0.00026550 0.08971664 0.05740877
1.43843889 0.00253520 0.11237347 0.01328100 0.09804849 0.06448027
1.49294868 0.04734211 0.01635441 0.00644313 0.09658099 0.05637122
1.45664454 0.01322147 0.07816297 -0.00163625 0.09280626 0.05518756
1.42384768 0.04973040 0.02646493 0.00354743 0.08905580 0.04694032
1.01885587 0.05399222 0.10286386 0.02618141 0.03685690 0.06771039
0.98349556 0.08311827 0.04568941 0.02599068 0.04381535 0.04684720
1.01822257 0.07672912 0.10901207 0.01680245 0.04424412 0.05696121
0.99521033 0.05795588 0.09647922 0.03010240 0.04996866 0.06273458
1.06909238 0.09522461 -0.03457896 0.02070147 0.05135374 0.05842372
1.03307590 0.06301358 0.06672805 0.02103811 0.05102882 0.04753470
0.99534072 0.10731084 0.06339668 0.01209597 0.04622472 0.04975299
0.82833655 -0.00117866 0.01242551 0.02629935 0.02561124 0.05719823
0.68605706 0.07443591 -0.07239386 0.02414320 0.03079140 0.04643790
0.77506587 0.05064364 0.02783796 0.02179368 0.02963825 0.04180409
0.70304021 -0.01151752 0.00707161 0.03583427 0.03890445 0.05879100
0.79744741 -0.01129876 -0.10085312 0.02379071 0.03939328 0.05015388
0.78824773 0.04049856 -0.02520517 0.02289166 0.04320247 0.04898407
0.74401818 0.06485230 -0.01080048 0.00443223 0.03321738 0.03859459
1.13344021 0.24808701 -0.00922946 0.01427335 0.06148405 0.05112640
1.10384762 0.35038449 -0.04393576 0.01772169 0.06227652 0.05827056
1.19350232 0.32063741 0.11729309 0.01226818 0.06439674 0.05517398
1.18708193 0.27793199 0.02740511 0.02072367 0.07369902 0.04741629
1.18825600 0.26777910 -0.06479672 0.00367501 0.07512276 0.05419542
1.17193937 0.34724087 0.02750702 0.01259434 0.08322538 0.03948142
1.17581643 0.27076375 0.00582824 -0.01230385 0.07051841 0.03818581
1.14700384 0.38910102 -0.02944345 0.02610397 0.05916832 0.04669574
1.10655777 0.44243112 -0.06330312 0.04206528 0.05947352 0.05087667
1.21115826 0.49154487 0.04677364 0.03067332 0.06314176 0.06064016
1.20321125 0.43767855 0.01129388 0.03417080 0.06903536 0.04245316
1.14912704 0.39709959 -0.09208222 0.01737204 0.06957172 0.05353791
1.16449341 0.49620692 0.02678659 0.03416689 0.07575357 0.03212632
1.15869947 0.42828009 -0.04974382 0.00644628 0.06745128 0.04661175
1.34995088 0.20629676 0.05966242 0.02372164 0.08642729 0.06822188
1.33934811 0.19219637 -0.01645555 0.02319380 0.09446591 0.06953400
1.42928556 0.22653975 0.08916878 0.01883520 0.09241827 0.07859820
1.40234590 0.19184241 0.09956474 0.02894856 0.10304185 0.06871631
1.47390157 0.17999962 -0.05122873 0.01309249 0.10291222 0.06636017
1.42880231 0.25542114 0.05940206 0.02615504 0.10503719 0.05374686
1.38455689 0.20558413 -0.02094817 -0.00063166 0.09739152 0.06252518
1.06584422 -0.17669413 0.14487136 0.04898603 0.03278580 0.08820633
0.97655132 -0.15008258 0.00164070 0.04645616 0.04670890 0.06080226
1.03628300 -0.14834656 -0.00227291 0.03439840 0.04463272 0.08250201
0.99538185 -0.18536679 0.08222130 0.04299375 0.05226634 0.09060103
1.13919020 -0.11104491 -0.04423833 0.04218124 0.04803674 0.07262744
1.06392682 -0.14459684 0.05448029 0.05046858 0.05102258 0.06719945
1.01686671 -0.11589278 0.03732355 0.02113975 0.04688338 0.06197562
0.85854582 -0.45450468 0.11803498 0.09197239 0.04259256 0.16480057
0.72675258 -0.17131653 0.02083106 0.06885857 0.05982441 0.13470021
1.01745605 -0.28404545 0.02923574 0.07735650 0.05455620 0.14452245
0.83849922 -0.19305691 0.05092883 0.08258700 0.06847570 0.13664937
1.06870070 -0.15740564 0.02549784 0.05373826 0.06382480 0.14318118
1.06766768 -0.12380246 0.06999885 0.10387214 0.07686934 0.12288238
0.97642660 -0.14961929 0.16086679 0.02416874 0.06273396 0.12719254
0.86089253 -0.15268385 0.02833388 0.03519779 0.08860745 0.10429260
0.79191849 -0.07309366 -0.04979479 0.03139446 0.10456696 0.08751960
0.82852185 -0.12164023 -0.06607958 0.02526923 0.09894136 0.09816636
0.81334375 -0.12725797 0.01687942 0.02956973 0.10858514 0.10406299
0.86417548 -0.04707546 -0.09481926 0.01901372 0.10604727 0.09056914
0.83066493 -0.05818962 -0.01837789 0.04483408 0.10458655 0.08544297
0.81051551 -0.05307334 -0.04834551 0.01043483 0.09762914 0.07793180
0.32472506 -0.15816711 0.08730173 0.03084095 -0.01771637 0.05372406
0.29101962 -0.10632082 0.02765523 0.02907249 -0.01142265 0.01278669
0.26103679 -0.13808951 0.01169537 0.03068848 -0.01515238 0.04037933
0.25666315 -0.17783776 0.14471748 0.02584396 -0.01293089 0.04100943
0.23963213 -0.11363518 0.03843224 0.02856244 -0.01812393 0.03821360
0.24446880 -0.11076419 0.04599328 0.04083093 -0.01385526 0.03083433
0.23509230 -0.06034567 0.05643103 0.01125205 -0.01258959 0.03999573
-0.03555121 -0.12932729 -0.01142079 -0.00767393 -0.02502666 0.04301236
-0.08418629 -0.06359673 0.02307289 -0.00537969 -0.02039155 0.01686657
0.02462688 -0.04865642 0.05445995 -0.01303362 -0.02300082 0.05096404
0.06514464 -0.08968421 0.05542654 -0.02345311 -0.02092814 0.03862073
0.07194525 -0.02489388 0.01299230 -0.00845130 -0.02162698 0.03130938
0.10337269 -0.01547610 0.04622112 -0.00056837 -0.02443095 0.02260094
0.05660108 -0.02023581 0.02707260 -0.01064153 -0.01891851 0.03315870
-0.09668794 -0.14956012 0.01313048 -0.02585185 -0.01056939 0.01724879
-0.10936707 -0.10809715 -0.03809302 -0.02762009 -0.00475747 -0.00037066
-0.02622001 -0.13578156 0.03671607 -0.03407111 -0.00743226 0.02843671
-0.01300300 -0.15409980 0.04872865 -0.03925659 -0.00452430 0.02387088
0.01141447 -0.13131249 -0.00253099 -0.01908449 -0.00588190 0.01323962
0.00587269 -0.13742890 0.03335363 -0.01301303 -0.00943535 0.00806121
-0.00839073 -0.11997749 -0.01194720 -0.02305010 -0.00279160 0.00957774
-0.09438897 -0.10906344 0.07273424 0.00333473 0.00033848 0.02951337
-0.09379985 -0.08325881 0.08456876 0.00038363 0.00706658 0.01398585
-0.05751465 -0.11774490 0.12294785 0.01004199 -0.00167049 0.02337338
-0.04582466 -0.14030889 0.16063139 0.00499186 0.00543291 0.02600429
-0.08037920 -0.08319914 0.05152430 0.01321060 0.00324995 0.02018068
-0.05764643 -0.12636804 0.04123044 0.01385601 0.00215982 0.02935548
-0.06256164 -0.05728775 0.06218316 0.00642037 0.00372945 0.01793608
-0.23951245 -0.04399646 0.03812941 -0.00811012 0.04771401 0.00302441
-0.28308442 -0.03690467 0.04008037 -0.01804040 0.05403325 0.00150120
-0.19936489 -0.05517208 0.05523024 -0.00300458 0.05026140 0.00757536
-0.22917669 -0.09243102 0.13241828 -0.01448548 0.05470348 0.00864884
-0.21063497 -0.09438243 0.03256807 -0.00944868 0.05466257 0.00174349
-0.20782061 -0.07430092 -0.00113737 0.00067163 0.04925864 0.01102533
-0.23134852 -0.08197479 0.02293779 -0.00663287 0.04848364 0.00096475
-0.26260756 0.04532036 0.03863113 0.00740573 -0.01249977 0.00266464
-0.23770461 0.08769999 0.09188958 0.01313302 -0.00718196 0.00165960
-0.20891175 0.08640629 0.19860182 0.01903676 -0.01650334 0.00346995
-0.14562341 0.10627153 0.12561939 0.01911051 -0.00839711 -0.00936582
-0.18860254 0.15166065 0.10777181 0.02017772 -0.00581436 -0.00623517
-0.20486891 0.08574195 0.10983964 0.02818445 -0.01080178 0.00678183
-0.12633029 0.13824116 0.12223893 0.01580919 -0.01054859 -0.00848666
-0.91667630 -0.13617564 -0.00918091 0.01382162 -0.08963899 0.03363397
-0.93820408 -0.07223274 0.02588988 0.03342319 -0.08685855 0.01669613
-0.81055261 -0.11591201 0.08193552 0.00534763 -0.09741913 0.03089010
-0.81062295 -0.08825472 0.09675727 0.01739224 -0.07759497 0.00797916
-0.76597683 0.01239769 0.05950033 0.02979631 -0.08085031 0.00588252
-0.82515866 -0.05166838 0.08707607 0.02671046 -0.08728365 0.01341462
-0.71193002 0.03746578 0.06786627 0.01002779 -0.07711440 -0.00906961
-1.04598805 0.08482422 -0.01774987 0.01985704 -0.09585136 -0.04345094
-1.07267156 0.07294051 0.06376404 0.03128341 -0.09671039 -0.05474241
-1.01360306 0.03200785 -0.01062143 0.01834962 -0.09722435 -0.02925848
-0.99958666 0.06458170 0.07204701 0.02852341 -0.09738781 -0.04831505
-0.99440813 0.09490790 -0.00847855 0.03620518 -0.09381552 -0.04260589
-0.99869616 0.04585547 0.05914077 0.02389060 -0.09326455 -0.05520654
-0.90541221 0.08058263 -0.04362424 0.02199765 -0.07932644 -0.05119367
-0.66341259 0.26078621 -0.05251158 0.00533482 -0.08391216 0.00323453
-0.66981539 0.31939998 -0.01030750 0.00839323 -0.08278169 -0.01525476
-0.54970637 0.25998320 0.01638561 0.00691050 -0.08300675 0.00061774
-0.61837096 0.25762938 0.06944153 0.00891867 -0.08857276 -0.00897581
-0.57994049 0.21351742 -0.03505619 0.00645079 -0.08447781 0.00564800
-0.56441814 0.22036221 0.02288639 0.00173702 -0.07770671 -0.00855329
-0.47679871 0.27691450 -0.02232455 -0.00194899 -0.07431105 0.00920293
-0.98461978 0.07917463 0.02626846 -0.00183571 -0.06182458 -0.00106253
-0.97711429 0.14116336 0.11121682 -0.00787303 -0.05979138 -0.00192477
-0.92170134 0.09057437 0.06168414 -0.00246471 -0.06084658 0.00950305
-0.95719703 0.13713106 0.09475312 0.00047684 -0.06442352 -0.00438608
-0.96313201 0.11076968 0.03958288 -0.00542627 -0.06153887 0.01004107
-0.97671129 0.11027943 0.09509460 -0.00097231 -0.05823662 -0.00548120
-0.84701285 0.17448291 0.02558545 -0.00137660 -0.05524862 0.00171091
-1.17713034 -0.01459170 0.01622730 -0.01631401 -0.07516930 -0.02721435
-1.16214812 0.00785685 0.08281833 -0.01008053 -0.06962831 -0.02853695
-1.07390873 -0.03284743 -0.01338601 -0.02292976 -0.06811074 0.01454857
-1.11976035 0.02534601 0.11474333 -0.01927724 -0.07853073 -0.01629740
-1.10129066 0.00462420 0.02299054 -0.02337312 -0.07213671 0.00122315
-1.03754342 0.02251345 0.06923420 -0.01168147 -0.07428684 -0.04002134
-0.99441402 0.04935069 -0.05384248 -0.02457798 -0.05876116 -0.01558683
-1.19561017 0.02355553 -0.02334155 -0.04416404 -0.01850811 -0.06430346
-1.17007419 0.14985244 0.08070212 -0.06835268 -0.01834556 -0.04694929
-1.07516952 0.01885251 -0.03753402 -0.05650699 -0.01659721 -0.04515353
-1.16517961 0.16585141 0.01725280 -0.05109978 -0.01512276 -0.04617879
-1.11431614 0.06976859 -0.03919973 -0.03428423 -0.02435192 -0.04494100
-1.05450578 0.06214677 0.06233960 -0.02173940 -0.01517945 -0.05532632
-0.99370912 0.17109988 0.05653176 -0.04997365 -0.01687460 -0.06701300
-0.60486350 0.06382958 0.07216156 -0.03107456 0.01488952 -0.02684996
-0.61987948 0.03566198 0.22916567 -0.04099064 0.01953727 -0.01975467
-0.54771263 0.03290848 0.23949713 -0.03403911 0.01424987 -0.00638496
-0.47294769 0.09771366 0.22595491 -0.02653958 0.02337301 -0.03430969
-0.48901632 0.15132871 0.15406488 -0.02386576 0.02328098 -0.01500040
-0.42263899 0.06325612 0.23626650 -0.01078965 0.01773786 -0.02200840
-0.40804725 0.09302586 0.18068086 -0.02849959 0.01775145 -0.03692393
-0.58992609 0.16183143 0.00253283 -0.03598732 -0.02098731 -0.05506501
-0.51858757 0.20490333 0.06412752 -0.08335335 -0.01633411 -0.02384308
-0.42711537 0.19951943 0.01891881 -0.05987836 -0.01358263 -0.06127361
-0.50802767 0.18840736 0.13385133 -0.04208892 -0.01003608 -0.03514312
-0.55759732 0.15959330 -0.05455869 -0.04619264 -0.01574805 -0.03743349
-0.38988702 0.10221899 0.05200770 -0.04478814 -0.00391355 -0.03328125
-0.41933417 0.12841205 0.07088098 -0.06124182 -0.01548541 -0.05289626
-0.88526957 -0.02116227 0.06549289 -0.02695754 -0.02316052 -0.04926918
-0.82141235 0.06448665 0.15199421 -0.07699865 -0.02288492 -0.02390825
-0.77080131 0.00904833 0.06560827 -0.05312467 -0.02058664 -0.04836013
-0.79455882 0.09084107 0.09511893 -0.04611265 -0.01249399 -0.03314674
-0.82930483 0.05453183 0.00454900 -0.02339364 -0.02219228 -0.03440353
-0.71761511 -0.08382838 0.12257540 -0.02664579 -0.01034287 -0.03468033
-0.69832496 0.01484292 0.08373478 -0.04322886 -0.01866540 -0.05296414
-0.91259405 0.02841343 0.05799562 -0.03249926 -0.05278248 -0.03551061
-0.87773077 0.04846563 0.18354708 -0.04483857 -0.04841097 -0.03721180
-0.87255508 0.00674973 0.03844362 -0.04507654 -0.04898167 -0.02997666
-0.88523589 0.07444931 0.11070431 -0.03153462 -0.05173794 -0.03203208
-0.82769044 0.05683371 0.01352917 -0.02717312 -0.05333806 -0.01928423
-0.79685643 0.00363820 0.09211993 -0.02145953 -0.04631631 -0.03917567
-0.73835649 0.11050375 0.04786449 -0.03010500 -0.04404625 -0.03984284
-1.01917751 -0.06731616 -0.01786962 -0.03946062 -0.06583001 -0.02627636
-1.02154925 -0.00134471 0.03925863 -0.05666716 -0.06549663 -0.03123113
-1.02040395 -0.08894126 -0.05926774 -0.05745451 -0.06539843 -0.01238838
-1.01905249 -0.01770992 0.04189597 -0.04498266 -0.07077743 -0.02625459
-0.95074035 -0.06710195 -0.06536961 -0.04316247 -0.07328442 -0.01081400
-0.88642269 -0.10772752 0.00887895 -0.03063788 -0.06270352 -0.03264638
-0.85515693 -0.01591395 -0.05537497 -0.04645861 -0.05760540 -0.02431026
-0.94673514 -0.09920783 -0.08687024 -0.00587058 -0.07440565 0.00677119
-0.93473792 -0.02888161 -0.05263367 -0.01279494 -0.07117078 -0.00856002
-0.87023959 -0.07708752 -0.11694167 -0.00992263 -0.07172959 0.02504787
-0.91715336 -0.02224276 -0.00051579 -0.00739530 -0.07958736 0.00615634
-0.91431238 -0.07302748 -0.07371143 -0.02141219 -0.08066211 0.01851100
-0.85217372 -0.05179539 -0.02687280 -0.00857383 -0.07164426 -0.00952180
-0.79799615 -0.00994838 -0.13043446 -0.02210185 -0.06449995 0.00887301
-0.71108706 -0.25321806 0.00942327 -0.04474873 -0.07646823 -0.00647909
-0.71472421 -0.16328290 -0.00368441 -0.05594885 -0.07131731 -0.00466734
-0.59968751 -0.19777965 0.00944361 -0.04603217 -0.07238940 0.02014941
-0.68264931 -0.10591707 0.00502684 -0.05800107 -0.07091868 0.01022777
-0.63649826 -0.10852986 -0.00631087 -0.05617713 -0.07541547 0.00346955
-0.58059208 -0.06280970 0.00054919 -0.05214614 -0.07270566 -0.03077306
-0.57647564 -0.16482249 -0.09446873 -0.06353721 -0.06560488 -0.01714022
-1.12483896 -0.02230988 0.04563899 -0.03853118 -0.00860929 -0.02475886
-1.07585728 0.08510112 0.13861353 -0.07191125 -0.00811154 -0.00394015
-1.05804741 -0.00196144 0.13703194 -0.04858888 -0.00728274 -0.00499624
-1.05341673 0.11127094 0.07810741 -0.05472209 -0.00233711 -0.01319242
-1.04452565 0.04781288 0.04575528 -0.04133087 -0.01232706 -0.00514446
-0.97851872 -0.03395584 0.13059126 -0.02814761 -0.00371771 -0.01869420
-0.92637241 0.09996613 0.10012216 -0.04886419 -0.00978547 -0.02839867
-1.70301914 -0.07024310 0.05922609 -0.02285044 0.02156432 -0.05798407
-1.71815529 0.11136881 0.20734727 -0.07305484 0.02168260 -0.02580765
-1.65745348 0.01059155 0.08056573 -0.03490177 0.02177367 -0.02950021
-1.52554855 0.20452555 0.10649015 -0.03926286 0.04017977 -0.04731918
-1.56651989 0.03596285 0.05901891 0.00057916 0.01757409 -0.04684166
-1.45155907 -0.05078530 0.21373574 0.01107253 0.02768609 -0.04566996
-1.41345039 0.12762671 0.09458714 -0.03154065 0.02102986 -0.08343470
-1.12147711 -0.01370287 0.01769959 -0.03213211 0.01953817 -0.04244477
-1.08290307 0.10043836 0.08806565 -0.06583381 0.02158526 -0.01832958
-1.04107536 0.02295460 0.09096902 -0.03576625 0.02326950 -0.01432837
-1.05892986 0.07966457 0.09344769 -0.05079690 0.02947840 -0.02671667
-1.02889940 0.03031677 0.02947099 -0.02907867 0.01973818 -0.01972996
-0.94086073 -0.05559894 0.10027575 -0.01315551 0.02317465 -0.02845483
-0.95350660 0.07804329 0.04858340 -0.03961217 0.01974597 -0.04308221
-0.37167225 -0.23011850 -0.06455304 -0.01521731 0.01925314 0.01528100
-0.41543659 -0.19904925 -0.09211215 -0.03226640 0.02331691 0.01436493
-0.32064423 -0.19977747 -0.05342359 -0.01460740 0.01932505 0.02867272
-0.33720113 -0.24762193 -0.01883944 -0.03058262 0.02288603 0.03191953
-0.36842152 -0.24547951 -0.06427902 -0.02324209 0.01859189 0.01617750
-0.29229879 -0.18804237 -0.03868131 -0.01467157 0.01523332 0.01455679
-0.34382019 -0.23640499 -0.08994711 -0.01559869 0.01878613 0.00782104
0.13777007 0.02874788 -0.05027528 0.00557516 0.02930135 0.00139385
0.11077631 0.06922894 -0.08869854 -0.00122314 0.02920436 0.00162535
0.16789541 0.04496633 -0.02585429 0.00814988 0.02793373 -0.00423339
0.13909725 0.07205013 -0.02639723 -0.00106512 0.03068604 -0.00301968
0.13865567 0.03379662 -0.00080308 0.00043058 0.03248296 0.00099541
0.17152511 0.04082629 -0.04795805 -0.00606726 0.02897714 0.00694349
0.14113513 0.01372688 -0.04485773 0.00527465 0.02785909 0.00385354
-0.11345897 -0.04973797 -0.00731885 -0.00057078 0.02603610 -0.00283068
-0.12092147 -0.02199554 -0.05645118 -0.01700703 0.02570515 -0.00170795
-0.05426344 -0.07811005 -0.04711717 0.00780761 0.02338285 -0.00439619
-0.10421121 -0.12389399 0.05674955 -0.00529875 0.02429597 0.00262994
-0.12794864 -0.12239502 -0.00016150 -0.00203564 0.02805056 -0.00328646
-0.07541972 -0.10375981 -0.05342486 -0.00908061 0.02309457 0.00948755
-0.07926795 -0.13172024 -0.04076234 0.00753811 0.02194071 0.00252789
-0.10097571 -0.21502260 -0.03252091 -0.00561775 0.04098828 0.02080369
-0.08586572 -0.18368281 -0.05920812 -0.02181097 0.04760666 0.01938631
-0.05608571 -0.20787925 -0.04010119 0.00278914 0.03931154 0.01380109
-0.06407176 -0.25292573 0.02491483 -0.01165973 0.04823177 0.03007888
-0.14803805 -0.24485471 -0.03719227 -0.01223143 0.04406672 0.01702098
-0.05568455 -0.18633373 -0.05113124 -0.00588984 0.04054179 0.02832401
-0.07975954 -0.20871460 -0.07853976 -0.00747778 0.03862002 0.00846483
0.16458724 -0.00160838 -0.01477341 0.00547102 0.01930849 0.01747366
0.13660178 0.05575077 -0.06578845 -0.00990774 0.01916821 0.01519593
0.18661883 0.04388527 -0.03220355 0.00808204 0.01816876 0.01263847
0.15153107 0.01366096 -0.01590370 -0.00718005 0.01972274 0.01520622
0.15816633 0.00651782 -0.01235274 -0.00333648 0.02152938 0.01208845
0.18466940 0.02003230 -0.05037150 -0.00970145 0.01862342 0.02161785
0.14921536 -0.00013534 -0.04303494 0.00582925 0.01615795 0.02185870
0.05141973 -0.06249531 -0.01123937 0.00686391 0.02198294 0.01138308
0.05785793 0.00218300 -0.06140201 -0.01052557 0.02289653 0.01017491
0.08193231 -0.00398599 -0.03187516 0.01069504 0.02096290 0.00566320
0.06711029 -0.04683229 -0.00029059 -0.00310809 0.02299673 0.01162250
0.05613353 -0.04722728 -0.00470405 0.00014655 0.02474809 0.00640412
0.06966529 0.00247132 -0.04325566 -0.00514907 0.02110089 0.01759662
0.05341866 -0.03188818 -0.04893341 0.01073829 0.01929192 0.01336328
0.05497496 -0.06787424 -0.01254819 0.00106179 0.02653855 0.01077425
0.05126844 -0.02222893 -0.05155155 -0.01505849 0.02711878 0.00994735
0.08612621 -0.03512795 -0.02225158 0.00641564 0.02484673 0.00421148
0.07361379 -0.07858589 0.00503357 -0.00787423 0.02784413 0.01217529
0.05405180 -0.07640709 0.00755026 -0.00364110 0.02895721 0.00415649
0.07550726 -0.02042748 -0.04362208 -0.01000403 0.02580361 0.01732014
0.05513954 -0.05729482 -0.04955581 0.00468280 0.02361639 0.01086082
0.05247297 -0.12346667 -0.00633589 -0.00930997 0.03241189 0.01251407
0.06573791 -0.08221331 -0.04049173 -0.02908093 0.03543886 0.01534883
0.08736066 -0.09233179 -0.01979223 -0.00827193 0.03278122 0.01052571
0.06816715 -0.13626266 0.01213521 -0.02123366 0.03765638 0.01996478
0.03143337 -0.14694986 0.00516950 -0.01596116 0.03651323 0.00911361
0.06839290 -0.10192499 -0.03049240 -0.01801753 0.03223009 0.02038398
0.03340218 -0.12673247 -0.05158591 -0.00791629 0.03043030 0.01349499
0.02785584 -0.09848311 -0.02335139 -0.00366674 0.03075282 0.00904360
0.03072970 -0.06129855 -0.07184586 -0.01965414 0.03173653 0.01053668
0.05423597 -0.07567686 -0.02875861 -0.00076974 0.03007541 0.00602613
0.04272265 -0.12416653 -0.01370066 -0.01537414 0.03420041 0.01328306
0.01436077 -0.11154196 -0.02263353 -0.01061751 0.03364146 0.00473784
0.04308570 -0.04939928 -0.06017355 -0.01285294 0.03032772 0.01405067
0.00130674 -0.09461693 -0.07743203 -0.00084745 0.02863327 0.00951678
0.00702252 -0.09542948 -0.03123157 0.00709195 0.02350438 0.00542580
-0.00813601 -0.03274459 -0.05980098 -0.01269062 0.02486822 0.00258046
0.03497730 -0.04734846 -0.02466085 0.00865351 0.02319463 -0.00070151
0.03240432 -0.09134254 -0.00709265 -0.00177500 0.02565267 0.00719920
0.00167560 -0.08382610 -0.01601779 0.00126982 0.02632375 -0.00111916
0.02963848 -0.01541051 -0.04568490 -0.00213237 0.02359449 0.01000780
0.00654296 -0.06065256 -0.05608489 0.01292202 0.02266702 0.00521728
0.05371586 -0.11070994 -0.02956104 -0.00945092 0.03315776 0.00932017
0.06180080 -0.06078960 -0.06352684 -0.02924442 0.03573966 0.01198560
0.09479051 -0.08861535 -0.03758767 -0.00914420 0.03328550 0.00806712
0.05883752 -0.12909837 -0.00396077 -0.02080553 0.03717982 0.01736395
0.03479616 -0.12987885 -0.01788734 -0.01677704 0.03677447 0.00606349
0.06164853 -0.07647185 -0.05059400 -0.01678893 0.03267319 0.01623678
0.02706179 -0.11262081 -0.06969879 -0.00788223 0.03126510 0.00952242
-0.01313074 0.00617346 -0.05093595 0.02158917 0.00448753 0.00046356
-0.05984275 0.06584491 -0.02473586 0.00507449 0.00244243 0.00141140
0.00018233 0.05761641 -0.06446142 0.02615371 0.00150907 -0.01334422
-0.00116425 0.06756789 -0.03362489 0.01592645 0.00152804 -0.00431970
-0.01876871 0.06349649 0.02991434 0.01662636 0.00631026 -0.00991390
-0.03028668 0.09264935 -0.05444387 0.00097807 0.00508883 0.00634108
-0.04450104 0.05368755 -0.02677016 0.02491494 0.00126136 0.00651708
