0.07860211 -0.06806103 0.03282666 0.00605150 0.01989871 0.00028702
0.06466363 -0.04631109 0.01517649 -0.01326993 0.02295698 -0.00411088
0.07615079 -0.05028722 0.02834832 0.00385567 0.01993033 -0.00972087
0.07352722 -0.11722606 0.06707457 -0.00167349 0.02403814 0.00606480
0.02944086 -0.07615565 0.00745335 0.00146864 0.02253728 -0.00261011
0.08478029 -0.07194110 0.00194500 -0.00519268 0.02110658 0.00893372
0.03383967 -0.05724749 0.00071476 0.00764607 0.02051813 -0.00273215
0.12765740 -0.00767655 0.00746124 0.02081085 0.00253650 0.00224015
0.10617968 0.04982466 -0.01696490 0.00587091 0.00305332 -0.00506115
0.12623987 0.02547960 0.02381219 0.02359881 0.00045214 -0.01066137
0.11239215 -0.02693402 0.03520465 0.01543267 0.00213891 0.00193208
0.08671911 0.00757817 -0.00170408 0.01693155 0.00326699 -0.00205227
0.14113851 0.02315012 -0.01118661 0.00605780 0.00234620 0.00932457
0.10893595 0.01624085 0.00914173 0.02652633 0.00213667 0.00370757
0.14026084 0.01970984 -0.00107338 0.01045081 0.00042458 0.00147028
0.11482848 0.07188954 -0.05844559 -0.00170905 -0.00160737 -0.00224819
0.14822169 0.05227261 -0.00505034 0.01472137 -0.00245791 -0.01554390
0.12922903 -0.00918602 -0.00495025 0.00640329 -0.00236059 -0.00038474
0.10953532 -0.00344727 -0.01618036 0.00657302 0.00087720 -0.00391066
0.15479660 0.01225268 -0.05256988 -0.00713308 -0.00060377 0.00925971
0.14843361 -0.00356821 -0.01966507 0.01596850 -0.00158675 0.00460560
-0.01616625 -0.14229691 0.02438315 -0.01944139 0.02384696 -0.00298403
-0.02355348 -0.10940099 -0.01849041 -0.03211659 0.02507621 -0.00289177
0.00134118 -0.12807742 0.01148067 -0.01310188 0.02324943 -0.00996442
-0.01914700 -0.17709833 0.05476723 -0.02386988 0.02675741 0.00508178
-0.04389982 -0.15621440 0.00082514 -0.02012918 0.02710918 -0.00206483
-0.00669630 -0.14035111 -0.01257841 -0.02418763 0.02379999 0.00757541
-0.02837757 -0.16741045 -0.01183270 -0.01248304 0.02378585 -0.00554377
0.20649679 -0.01224222 0.02633064 0.01597444 0.01566600 0.00187158
0.20251608 0.04079434 -0.00572328 0.00092306 0.01719819 -0.00242160
0.20448383 0.02818703 0.02437552 0.01535197 0.01547396 -0.00782314
0.20552859 -0.02345728 0.05309652 0.00814796 0.01843059 0.00495281
0.17852556 0.00325009 0.01346839 0.01009389 0.01792039 -0.00098895
0.20479491 0.02295798 0.01963060 0.00484007 0.01773700 0.00767685
0.16314391 0.00419393 0.01417932 0.01915826 0.01606824 0.00067892
0.08398489 -0.00738118 -0.02131011 -0.00141896 0.01613802 0.01143858
0.06653842 0.02270436 -0.05695085 -0.01630433 0.01588456 0.00542158
0.08813516 0.01264981 -0.01815296 0.00494744 0.01515756 0.00066250
0.04129746 -0.06125395 0.02908907 -0.00872291 0.01566587 0.01287998
0.04324770 -0.06248696 -0.00834789 -0.00744763 0.01795331 0.00757323
0.07462589 -0.03068757 -0.03289679 -0.01599140 0.01637980 0.01854378
0.05096520 -0.06979009 -0.02027307 0.00130458 0.01362489 0.01398570
-0.02782269 -0.08772294 0.04403724 0.01035279 0.06454591 -0.00971547
-0.03045140 -0.08795567 0.07383524 -0.00483729 0.07529566 -0.00858658
0.00942304 -0.08408522 0.05739084 0.00850791 0.06872078 -0.01726282
-0.03777030 -0.10846678 0.12288344 0.01066286 0.07771381 0.00511773
-0.03283573 -0.07154451 0.02622214 0.00546164 0.07138064 -0.00536523
-0.02656960 -0.06655498 0.05583519 0.02077635 0.06836961 0.00131785
-0.05304074 -0.04109967 0.01661545 0.00956048 0.06706007 -0.02186102
-0.14879531 0.02080284 -0.02315357 0.01519926 0.00883007 -0.01777626
-0.23462279 0.02492588 -0.03545663 0.02572007 0.01286419 -0.01761026
-0.05974383 0.10393483 0.00357157 0.00051962 0.01557907 0.01425950
-0.04217235 0.15207066 -0.03683962 -0.00358858 0.02037809 -0.00028997
0.07972129 0.09686693 -0.08097525 0.00381062 0.01363662 -0.00563492
0.05808074 0.21735605 0.02224728 0.02802666 0.00839785 -0.03499397
-0.03731738 0.20856440 -0.02514150 0.00772431 0.02340902 -0.01883157
-0.18390847 -0.18615479 0.06934530 0.04794463 0.00061905 0.00404809
-0.23490135 -0.17733725 0.04190670 0.04160789 0.00972162 -0.02230434
-0.14801194 -0.18453130 0.07045787 0.05729102 0.00186068 -0.01381495
-0.16358599 -0.25795696 0.12597310 0.05376351 0.00861626 0.00467650
-0.20343751 -0.21438343 -0.00005269 0.05398432 0.00064138 -0.00429986
-0.16784605 -0.14149990 0.00800272 0.05597015 0.00575086 0.00013680
-0.18945429 -0.11841171 0.02417569 0.04413670 0.00570331 -0.01899493
0.12359825 0.04175348 0.02988708 0.01641839 0.03022025 -0.00608611
0.08644637 0.07641210 -0.00165102 -0.00184367 0.03312845 -0.00912271
0.14218687 0.07245510 0.01314007 0.01087043 0.03029993 -0.01911040
0.10422722 0.01520714 0.04620689 0.00857136 0.03476012 -0.00094267
0.12127499 0.03067985 0.00494665 0.01034691 0.03517718 -0.00905335
0.16548887 0.02698800 -0.00277406 0.00426784 0.03158561 0.00012923
0.10450638 0.02260492 0.03060802 0.01684299 0.03117702 -0.00830410
-0.08390061 -0.11315021 0.05006429 0.02144708 0.00669946 0.02280369
-0.09158401 -0.15327449 0.02300844 0.01225402 0.01384287 0.00636229
-0.02726846 -0.17086964 0.06742794 0.02962095 0.00690713 0.00444627
-0.04826773 -0.25188822 0.11647460 0.02357012 0.01314749 0.02453154
-0.12097347 -0.18069172 -0.00799979 0.03030068 0.00839232 0.01520024
-0.01990370 -0.17845755 -0.00467266 0.02062216 0.01134112 0.02940715
-0.00945607 -0.11543584 0.04418219 0.02787363 0.01012391 0.00776504
0.05897973 -0.08298552 -0.01782569 -0.05144303 -0.02496465 0.08341091
0.09293705 0.01337403 -0.08354490 -0.06042149 -0.02666943 0.08128590
0.10579896 -0.01932141 -0.05683767 -0.04508384 -0.03019235 0.07704349
0.06281273 -0.11247681 0.02978985 -0.05839710 -0.02893509 0.07678122
0.03071141 -0.09988989 -0.06120322 -0.06311666 -0.02362982 0.08540553
0.12082128 -0.10111338 -0.01758141 -0.06414626 -0.02685061 0.09507989
0.10008994 -0.11374687 0.00734273 -0.04473645 -0.02651899 0.08786058
0.23578104 -0.20282712 -0.04592132 -0.00843961 0.05133471 0.03332485
0.18880717 -0.16454328 -0.06216728 -0.01236436 0.06323112 0.02494662
0.17520953 -0.26372317 -0.06522231 -0.00251182 0.05556484 0.02141282
0.13285540 -0.24575662 0.02480039 -0.01063515 0.06303448 0.04048545
0.16235316 -0.20438405 -0.01372925 -0.00545552 0.05694649 0.03037802
0.17573217 -0.22690162 -0.06526330 -0.00435582 0.05614627 0.03813467
0.18322587 -0.20795591 -0.08987241 -0.00582557 0.05175936 0.01179914
0.44026416 -0.30558638 -0.00485130 0.01684683 0.08304702 0.09901696
0.25234153 -0.15878677 -0.11377309 0.02846897 0.10037480 0.07942234
0.39270401 -0.30413084 -0.11351228 0.02001284 0.09554492 0.09248230
0.31350523 -0.27365394 -0.03387825 0.01982116 0.10433262 0.09319655
0.39792135 -0.15234635 -0.09122542 0.00375581 0.10121520 0.08854787
0.38008988 -0.18268228 -0.07605702 0.03179008 0.09897829 0.08917566
0.32610688 -0.15527480 -0.07698782 0.00054681 0.08864298 0.04939189
0.65910190 -0.29581390 -0.00481959 0.02966977 0.07371223 0.08089294
0.50082762 -0.17958781 -0.14150088 0.03240680 0.09023826 0.05905997
0.64091526 -0.30900136 -0.12885643 0.02787833 0.08984023 0.07504106
0.55489261 -0.30550256 -0.03890099 0.03318427 0.09406908 0.07841127
0.69114953 -0.20965485 -0.10581453 0.01571155 0.09252907 0.07067574
0.65214604 -0.20375399 -0.08218305 0.03755852 0.09103652 0.05567526
0.57787318 -0.16352601 -0.07258479 0.00804353 0.08256796 0.03042333
1.15966015 -0.12187531 0.05594683 0.05110952 0.02933474 0.09854419
0.99796668 -0.02934866 -0.07641827 0.04717530 0.03918070 0.06683075
1.16193421 -0.09944320 -0.02938744 0.04256415 0.04110736 0.08662837
1.07215509 -0.15107203 0.04011271 0.04571740 0.04757305 0.09070985
1.27001494 -0.05617290 -0.07817411 0.03856615 0.04735485 0.07713096
1.28564999 -0.02764685 0.02221797 0.04946036 0.05453124 0.06263602
1.20882846 -0.00368028 0.02043122 0.01158395 0.04722505 0.06471781
1.02040410 0.10601670 0.04752197 0.01783784 0.05900075 0.08391382
0.96175306 0.09450163 0.03017576 0.01988160 0.06722363 0.06424283
0.97715117 0.03252595 0.02458319 0.00530948 0.06688653 0.07097563
0.93736120 0.03398391 0.07360273 0.02036193 0.07340903 0.07745036
0.99466011 0.07104712 -0.04102949 0.01259630 0.07533661 0.06942816
0.96586809 0.03806984 0.05303391 0.01373544 0.07460279 0.06989356
0.95398754 0.08067533 0.03757928 0.00560831 0.06926238 0.06338849
1.17327161 0.02994269 0.08437348 0.02589923 0.02402613 0.08387036
1.09168336 0.04738152 -0.01264927 0.03278011 0.02738075 0.06281759
1.16333269 0.01494079 0.01465876 0.01332436 0.03018085 0.08168590
1.10029399 -0.02303981 0.04536903 0.02018840 0.03667418 0.08424494
1.24057434 0.03283692 -0.08264662 0.02289843 0.03743914 0.06928194
1.19396269 0.02886822 0.06466780 0.02486096 0.04177196 0.06283055
1.19290866 0.04010759 0.01557188 -0.00395097 0.03713417 0.06688381
1.41135827 0.12760403 0.08578090 0.07309042 0.03973626 0.09853685
1.34996191 0.15533083 -0.02364369 0.06343001 0.04667308 0.07771293
1.52782336 0.11102327 0.07349200 0.06639162 0.04838836 0.08971081
1.41471282 0.08701282 0.11397057 0.06663628 0.05680132 0.08707686
1.58623189 0.15162081 -0.08048923 0.06272968 0.05748977 0.07906344
1.57140926 0.20875402 0.05193286 0.06617488 0.06588399 0.06188422
1.52370602 0.20178508 0.03102907 0.02675922 0.05744451 0.07468144
1.40404180 0.14568178 0.10662660 0.05520919 0.06190102 0.07472783
1.38092831 0.15060079 0.03273192 0.04236091 0.07164862 0.06314297
1.51500136 0.13475443 0.07411608 0.04526628 0.07293227 0.07588396
1.42898425 0.07440467 0.13547181 0.05083379 0.08230602 0.07218149
1.57168433 0.14913050 -0.07395354 0.04446279 0.08266731 0.06606109
1.54078752 0.17054563 0.04810138 0.05341151 0.08749983 0.04412551
1.50911570 0.16071454 0.04916719 0.01351119 0.08099651 0.04983974
1.30864412 0.01569704 0.08932665 0.07827480 -0.00031415 0.10828236
1.14346758 0.17726272 -0.02102246 0.06067175 0.00905392 0.08962013
1.35943368 0.10670296 -0.01370039 0.07019522 0.01211325 0.10598693
1.23358294 0.04601295 0.09453089 0.06613532 0.01860660 0.10407071
1.41412586 0.10555289 -0.09353881 0.06267459 0.01695471 0.10037246
1.38690397 0.17548818 0.04037706 0.07198748 0.02798372 0.07171376
1.31470561 0.15773188 0.06472261 0.01327058 0.02086735 0.08312814
1.21107958 0.07476804 0.10376874 0.07730265 0.01600748 0.05334835
1.09065160 0.23628686 0.04390772 0.06355561 0.02244569 0.03515508
1.25837013 0.16861763 0.06956868 0.06559739 0.02431691 0.04659266
1.19627148 0.13933423 0.09806295 0.07146817 0.03642949 0.04689175
1.28984898 0.16886152 -0.10166717 0.07100347 0.03332265 0.04516467
1.33344963 0.22013545 0.11542733 0.07611601 0.04569689 0.02200445
1.30736038 0.19681934 0.12324150 0.01597418 0.03876169 0.02764296
1.13977350 0.16821312 0.03055318 0.02501774 0.02494685 0.04600081
1.06615342 0.22839930 -0.05276184 0.02470556 0.02792445 0.05435318
1.17759861 0.20623457 0.01577257 0.02175344 0.02940465 0.05626504
1.14943355 0.15728561 0.02346528 0.02249098 0.03795037 0.05422181
1.17434330 0.12700655 -0.17489612 0.02122474 0.04078243 0.05372264
1.19857967 0.16507568 0.01148764 0.01977589 0.05091012 0.03230745
1.23526938 0.17036173 0.03431522 -0.01567323 0.03987929 0.03815398
0.55118714 0.07276693 -0.11932349 -0.02470946 0.04487526 0.01968453
0.45369543 0.10044294 -0.16641323 -0.01712596 0.04261525 0.02632231
0.47884878 0.07436431 -0.14105994 -0.02000436 0.04757438 0.03171762
0.47999386 0.10083595 -0.11188691 -0.01838227 0.04937367 0.02749365
0.45750409 0.03712354 -0.21939062 -0.02843037 0.05069688 0.03552504
0.42705484 0.00771188 -0.10018429 -0.01589590 0.05150882 0.01757542
0.51252969 0.05300791 -0.11745081 -0.02636600 0.04684952 0.02201279
0.28387792 0.71323141 -0.07754649 0.07298326 0.00217487 -0.04480534
0.19114198 0.80239214 0.00076323 0.08439115 0.00109897 -0.05636630
0.25330998 0.70045762 0.14825374 0.07804713 0.00400561 -0.04009218
0.26189081 0.76571107 0.09504718 0.07559019 0.00806648 -0.06077846
0.25428768 0.66916883 0.06168061 0.07295834 0.01073301 -0.03801328
0.28646631 0.77254489 0.04603529 0.08597876 0.00437827 -0.04277292
0.28574076 0.74812517 0.02428235 0.06837284 0.00770793 -0.04541705
-1.20337032 -0.08974051 0.05933998 -0.01400869 -0.06645354 -0.03970994
-1.19347960 -0.01322799 0.08851795 -0.01893094 -0.06566559 -0.05255288
-1.10480122 -0.15348805 0.06763965 -0.02267583 -0.06725958 -0.00430355
-1.17554128 -0.10659534 0.14032763 -0.02618079 -0.06186546 -0.03954042
-1.05066657 -0.01166028 0.07158614 -0.00322405 -0.06659638 -0.02494518
-1.04223818 -0.11334301 0.16080214 -0.00434001 -0.06571761 -0.06002713
-0.99817932 -0.10053541 0.02322903 -0.01537631 -0.05526127 -0.04584565
-0.75456724 0.04450353 -0.01965111 -0.02509811 -0.05217917 -0.00934900
-0.74116275 0.09057946 0.11173866 -0.03345934 -0.04816392 -0.00975549
-0.69429643 0.02804547 0.02404467 -0.02950088 -0.05044885 0.01071747
-0.74744634 0.05693865 0.12135475 -0.02540195 -0.05227287 -0.00820051
-0.68889976 0.10105772 -0.00789306 -0.02077285 -0.05168845 0.01571212
-0.66862315 0.01916453 0.04967581 -0.02149081 -0.04847939 -0.00603814
-0.61975684 0.11096942 -0.01519347 -0.02245808 -0.04301497 0.00505724
-1.14241593 0.08668530 -0.01196155 -0.00079302 -0.05883871 -0.07003846
-1.10647067 0.13477447 0.02788560 -0.01780745 -0.05715061 -0.07806850
-1.06473267 0.01006835 -0.04233938 -0.00657521 -0.05573757 -0.04612936
-1.17823601 0.07087160 0.03749258 0.00135005 -0.06651956 -0.06285874
-1.09865844 0.05883185 -0.02487557 0.01034319 -0.06646733 -0.04053036
-1.08126059 -0.00150449 0.03894479 0.01031651 -0.05981741 -0.07188129
-1.00324593 0.13526503 -0.09180824 0.00218083 -0.05193718 -0.05931073
-1.22695915 -0.02519832 -0.00314488 -0.01863133 -0.06694399 -0.02509814
-1.19383231 -0.05335488 0.10668222 -0.01883120 -0.06380709 -0.03001709
-1.16506077 -0.10705273 -0.05915767 -0.01954420 -0.06218317 0.00068094
-1.19290620 -0.03937164 0.09120622 -0.01398778 -0.07197131 -0.02164164
-1.18183658 -0.03574757 0.02861515 -0.02126673 -0.06818410 -0.00618140
-1.17470384 -0.05160355 0.03723932 -0.01929767 -0.06800719 -0.03313873
-1.07840583 0.00783132 -0.08755301 -0.01598140 -0.05641366 -0.01258821
-1.19657785 0.01674657 0.00443449 -0.03587032 -0.05210719 -0.04852376
-1.19194590 0.02742327 0.11488531 -0.03948290 -0.04354429 -0.05228885
-1.10066734 -0.05816921 -0.04171413 -0.03271790 -0.04273863 -0.01434159
-1.21032104 0.03848037 0.10582394 -0.02935340 -0.05414156 -0.02920711
-1.19476147 0.00079178 0.00496541 -0.03453004 -0.05452172 -0.01858728
-1.11777306 0.00187228 0.03911167 -0.02436337 -0.05061165 -0.04718010
-1.02425516 0.08653358 -0.04146107 -0.03402072 -0.04000933 -0.03018147
-0.67085557 -0.06129365 -0.01481378 -0.03672104 -0.07691906 -0.00314508
-0.73019505 -0.04027038 0.01521706 -0.01473011 -0.07753285 -0.01293667
-0.69043808 -0.09529401 0.04566032 -0.03890017 -0.08061402 0.01568006
-0.60451981 -0.08946885 0.04175653 -0.01701695 -0.08023296 -0.00627533
-0.57244308 -0.03857513 0.06230630 -0.02536733 -0.07202252 -0.00017593
-0.58761328 -0.04410913 0.09702098 -0.03895899 -0.07961526 -0.01004491
-0.56729209 -0.05811823 -0.00187741 -0.02994227 -0.06433049 -0.00297684
-0.95804423 -0.31040113 -0.02305180 -0.05730304 -0.12304386 0.04954005
-0.97819030 -0.28103054 0.01759803 -0.04257721 -0.12237101 0.03104505
-0.98995999 -0.34306675 -0.00753489 -0.06258770 -0.12814693 0.05650616
-0.93325786 -0.32313488 0.02842755 -0.05507818 -0.12241981 0.04255168
-0.89108050 -0.25540801 0.00859686 -0.05408056 -0.12152452 0.03875926
-0.90714209 -0.30812077 0.04728539 -0.06567299 -0.12531917 0.03026783
-0.89529008 -0.28646290 -0.02016871 -0.06305960 -0.10903176 0.03001035
-0.73903166 -0.30075748 -0.01627886 -0.09743841 -0.09437022 0.02502616
-0.76280214 -0.24104437 -0.01112954 -0.08961550 -0.09539820 0.03416504
-0.79326414 -0.30318636 -0.04077797 -0.10717381 -0.09534689 0.05047486
-0.66548899 -0.25264949 0.00274543 -0.09381396 -0.09213561 0.03711682
-0.68877645 -0.21635538 0.01628584 -0.09858670 -0.08620489 0.02948092
-0.69766372 -0.28581060 0.03025922 -0.10273733 -0.09520968 0.02033471
-0.70055634 -0.26182316 -0.04620155 -0.09401813 -0.08032613 0.02127831
-0.75863577 0.08768538 -0.02252616 -0.04884064 -0.07450819 0.03461608
-0.73853806 0.13623374 0.09877897 -0.05770010 -0.07106261 0.02237087
-0.80992870 0.07632670 -0.05358902 -0.06061668 -0.06749406 0.04849569
-0.73375449 0.16011955 0.10958861 -0.05894310 -0.07549941 0.03215685
-0.76214954 0.12040148 -0.00502345 -0.06442825 -0.07296306 0.05841501
-0.68920404 0.10709796 0.03078039 -0.05421073 -0.07054233 0.03185846
-0.65542668 0.18668357 -0.05836293 -0.05468332 -0.06071176 0.05101197
-0.90524822 -0.10354277 -0.02851086 -0.06063512 -0.04006011 -0.00040652
-0.84827140 -0.13718498 -0.04886880 -0.03294060 -0.03606807 0.02096892
-0.78014374 -0.14866427 0.04594817 -0.07950163 -0.03769499 0.04796240
-0.69554389 -0.08762973 0.02622635 -0.06262627 -0.02833566 0.00811200
-0.58895014 -0.05694668 0.04185176 -0.05120674 -0.02485538 0.01005026
-0.59872694 -0.10409509 0.10328925 -0.02666094 -0.04161170 -0.00373546
-0.58847822 -0.08612872 -0.05081586 -0.05011531 -0.02207900 -0.00170697
0.16022272 0.14447173 -0.09336638 -0.05820401 0.08988258 -0.04549845
0.19360736 0.20700702 -0.05957319 -0.06770554 0.08615880 -0.03130586
0.20138688 0.25685910 0.00134454 -0.08101146 0.09281857 -0.01281369
0.26095375 0.24369396 -0.05894893 -0.05521497 0.09708771 -0.04818068
0.22454318 0.10166761 -0.09362818 -0.07254924 0.09303947 -0.00016153
0.18789520 0.20967130 -0.10203414 -0.04409814 0.08515500 -0.02164739
0.21830462 0.13973928 -0.06415358 -0.06630579 0.09277843 -0.03032752
-0.99891610 0.08869010 0.00621478 0.00527176 -0.10175338 0.01328110
-0.97742885 0.13099533 0.03633606 0.00538241 -0.10263633 0.00244878
-0.96470259 0.06468807 -0.02737055 0.00094255 -0.10266785 0.02056326
-0.93784682 0.13311799 0.02988488 0.00498108 -0.10839205 -0.00046736
-0.90205148 0.10431074 0.01440071 0.00270099 -0.10596921 0.01738453
-0.91107942 0.07604044 0.03590038 0.00030498 -0.10262120 0.00227653
-0.81774533 0.15893705 -0.03547169 0.00244633 -0.09117592 0.02077637
-0.44560369 -0.15411895 0.01460811 0.01448523 -0.06448172 0.02148521
-0.43485809 -0.08126650 -0.04570310 0.03114746 -0.06476928 0.00728660
-0.31257477 -0.12480717 0.06819094 0.02021625 -0.06849112 0.03706820
-0.30985836 -0.05622409 -0.01605388 0.01311530 -0.06378201 0.01762368
-0.23149550 -0.02546570 0.05006375 0.01185659 -0.06614194 0.00609677
-0.27881099 0.03168607 0.05754055 0.02299833 -0.06782735 -0.00974441
-0.26035119 -0.01297886 -0.07923854 0.00916100 -0.05566570 0.00616230
-0.41639529 0.07742533 0.10645819 0.02776642 -0.03180443 -0.00119924
-0.42497117 0.11981303 0.00500885 0.04561537 -0.03064730 -0.02351485
-0.29111970 0.08731953 0.05277097 0.01295724 -0.02802994 0.03759105
-0.31242583 0.14305001 0.07755823 0.01514529 -0.03175791 0.00614839
-0.13492960 0.14266565 0.06990129 0.02408911 -0.03229607 0.00636993
-0.17800706 0.17528724 0.14619559 0.03785903 -0.03648689 -0.02587556
-0.20191975 0.17506097 -0.03168963 0.02097643 -0.01697940 0.00805325
0.16833179 0.05153870 0.03435635 0.01668043 0.00150579 0.00786330
0.17239843 0.07835976 -0.03138268 0.00366828 0.00019925 -0.00300210
0.20418715 0.07931375 -0.01721045 0.01623044 -0.00021217 -0.00107853
0.17178018 0.02902043 0.05764517 0.00663363 0.00092904 0.00501473
0.17879438 0.03692588 0.02141559 0.01208517 0.00266414 -0.00011521
0.21769563 0.04293645 0.00649946 -0.00053537 0.00152941 0.01214800
0.17855410 0.02546761 0.00580029 0.02145262 0.00200505 0.01372557
0.06472443 -0.03456277 0.00111561 0.01495105 0.00680181 0.00798560
0.08338550 0.00099275 -0.03781642 0.00102675 0.00732216 -0.00029971
0.12640853 0.00705091 0.00104020 0.01291136 0.00519415 -0.00058582
0.06471652 -0.02258134 0.02450890 0.00419067 0.00830917 0.00753024
0.07966303 -0.02940673 0.00538997 0.01203653 0.00751657 -0.00145803
0.11355905 -0.00208278 -0.01301431 0.00451343 0.00775780 0.00958871
0.08708908 -0.01758468 -0.02394761 0.02011425 0.00727521 0.00765977
0.03707521 -0.02640871 0.02436422 0.02281370 -0.00742157 0.01174250
0.05711797 0.02517472 -0.02793885 0.00694145 -0.00789301 0.00123392
0.09870951 0.03432964 -0.00453333 0.02031774 -0.01128234 -0.00096394
0.03830698 -0.02371853 0.05218775 0.01598917 -0.00954983 0.00747016
0.03953731 -0.01398479 0.01163254 0.01802863 -0.00765059 0.00420785
0.06534569 0.02280819 -0.00968518 0.00947885 -0.00951691 0.01628401
0.07328061 0.01209101 -0.00683145 0.02715413 -0.00855847 0.01239968
0.01833062 -0.05543763 0.02862814 0.01841330 0.01616702 -0.00852902
0.02452684 -0.02261042 -0.01721545 0.00176784 0.01723995 -0.01400223
0.10814275 -0.02169588 0.00614687 0.01832527 0.01452511 -0.01863902
0.03234242 -0.07138174 0.06529664 0.01200509 0.01844768 -0.00596537
0.03592522 -0.06842745 0.00824618 0.01754645 0.01750097 -0.01590515
0.08195704 -0.01349998 0.00561673 0.01190766 0.01695484 -0.00330543
0.04882682 -0.02837881 -0.01236656 0.02489285 0.01630183 -0.01086046
0.02474324 -0.06989711 -0.00419946 0.01197809 0.00660309 0.00414004
0.04872617 -0.02664774 -0.03466856 -0.00533372 0.00911622 -0.00369193
0.08009392 -0.01378597 -0.00073288 0.01073634 0.00651970 -0.00409098
0.05832191 -0.08872572 0.03995710 0.00158058 0.00912966 0.00676917
0.03174240 -0.05723929 -0.02440655 0.01122400 0.00755525 -0.00142183
0.07044677 -0.00529920 0.02005036 0.00561499 0.00700681 0.00668014
0.04530554 -0.02352420 -0.02905194 0.01809540 0.00701669 0.00200981
-0.00994381 -0.11409352 0.03379964 0.01251704 0.01661828 0.00387826
0.01610023 -0.08339483 -0.04138627 0.00190000 0.01775555 -0.00313027
0.05810841 -0.09242050 -0.00308159 0.01691538 0.01304142 -0.00807556
-0.01953392 -0.14206967 0.05533704 0.00721326 0.01897276 0.00565100
-0.04075132 -0.13770156 -0.00243993 0.01158453 0.01640588 -0.00605861
0.02157720 -0.07528929 -0.01661818 0.00681415 0.01619793 0.00691884
0.00164048 -0.10073987 -0.02181140 0.01485878 0.01528218 -0.00044957
0.04344902 -0.08820557 0.01368920 0.00428499 0.01542379 0.00940559
0.05777386 -0.04338855 -0.03365926 -0.01293955 0.01509319 0.00609907
0.12047353 -0.05000102 -0.00829264 0.00588315 0.01314942 -0.00005670
0.06292901 -0.08838061 0.03951783 -0.00564761 0.01739286 0.01103629
0.06551446 -0.08502111 0.00910660 -0.00004490 0.01747993 0.00036045
0.10469770 -0.02305272 -0.01069617 -0.00657023 0.01523583 0.01440723
0.07694486 -0.08353078 -0.03467884 0.01038505 0.01439302 0.00842943
-0.14568463 -0.26377210 0.00451041 -0.02760122 0.03754301 0.00632105
-0.10987123 -0.22002865 -0.00008744 -0.04216714 0.04158604 0.01254853
-0.03759547 -0.22382036 -0.01649317 -0.02397169 0.03684223 0.01146435
-0.08388336 -0.23722362 0.04323098 -0.03786167 0.04528458 0.02371313
-0.08974602 -0.25205156 -0.00084094 -0.03102618 0.04232992 0.00340715
-0.04062064 -0.18441701 0.01581721 -0.02359573 0.03622369 0.00960831
-0.08896322 -0.22579953 -0.05323092 -0.02449197 0.03798590 -0.00209547
0.00379503 -0.02537549 0.02199500 0.01969386 0.00148973 -0.00538973
-0.01318185 0.01239189 -0.03187027 0.00711718 0.00196549 -0.01610231
0.07617802 0.01579938 -0.00345613 0.02000676 -0.00002764 -0.01722117
0.01877596 -0.02448608 0.03648276 0.01161776 0.00119003 -0.00591393
0.04238487 -0.01609928 -0.00278949 0.01996651 0.00151601 -0.01537666
0.06982710 0.03640292 0.00248367 0.01038921 0.00133162 -0.00507403
0.02656071 0.01189187 -0.02138593 0.02806434 0.00218323 -0.00636063
0.03919956 0.05654361 0.01535187 0.04407810 0.00329624 -0.02174681
0.02485307 0.09183497 -0.04296546 0.03138554 0.00443476 -0.03079559
0.09078001 0.09384747 0.00628709 0.04237631 0.00112160 -0.04130251
0.04523322 0.03394048 0.02408280 0.04032791 0.00390137 -0.02626165
0.07521577 0.06476726 0.00280976 0.04408946 0.00424435 -0.03332670
0.09079400 0.09189138 -0.01255853 0.03032624 0.00419886 -0.02117487
0.08106011 0.10618301 -0.01818691 0.04765520 0.00411102 -0.02541347
0.14422984 0.07602073 -0.00096752 0.02610947 -0.00592808 -0.00083116
0.13544602 0.10221182 -0.08150020 0.01359500 -0.00852179 -0.01633858
0.18350217 0.09799174 -0.04160945 0.02392715 -0.00775071 -0.01305703
0.13728408 0.03602256 0.01037229 0.01599112 -0.00803673 -0.00647187
0.15597864 0.03718635 -0.01196699 0.02551971 -0.00591978 -0.01065682
0.20182094 0.05726241 -0.03367499 0.00718516 -0.00656946 0.00010366
0.16938929 0.05733593 -0.03695572 0.03168271 -0.00530227 0.00024905
0.11595461 0.05187405 0.02790991 0.02999338 0.00794191 -0.00937808
0.13082301 0.09306858 -0.03444584 0.01585674 0.00800168 -0.01812567
0.18250588 0.11188434 -0.01158893 0.02681069 0.00744242 -0.02196634
0.14173536 0.06882837 0.02449888 0.02126935 0.00769591 -0.01221928
0.17619606 0.08554553 0.02290329 0.02778723 0.01010980 -0.01655533
0.17936572 0.08952191 -0.00571613 0.01438214 0.00873607 -0.00749680
0.17498568 0.07214008 -0.01066483 0.03416003 0.00802765 -0.00832724
0.02623364 0.10014044 0.01328285 0.04037297 0.00772533 -0.01091315
0.02301704 0.12927345 -0.03884793 0.02471776 0.00804053 -0.02071029
0.10747961 0.13386005 -0.01100599 0.03574954 0.00546378 -0.02448581
0.04737785 0.10045445 0.03576952 0.03331423 0.00735571 -0.01550046
0.07663469 0.08659462 -0.00469952 0.03561705 0.00886039 -0.02034155
0.10562139 0.12054820 -0.01536810 0.02599950 0.00722841 -0.00815578
0.09584933 0.10777626 -0.00739875 0.04319013 0.00835254 -0.01005993
0.02045605 0.02807154 -0.00073327 0.02560519 0.00711660 -0.01529970
0.01539887 0.06086364 -0.07351817 0.01326269 0.00640154 -0.02015835
0.08922759 0.06181591 -0.03119050 0.02546771 0.00435517 -0.02905300
0.02494773 0.00717105 0.01003782 0.02081039 0.00645494 -0.01585056
0.04778970 0.01634312 -0.01265353 0.02738085 0.00810573 -0.02464748
0.08130172 0.05444133 -0.05491370 0.01384417 0.00652955 -0.01170748
0.07666294 0.02278677 -0.03920723 0.03135077 0.00754999 -0.01326408
0.04873005 -0.05501720 0.00411925 0.01136693 0.00934260 0.00199224
0.05297320 -0.00989061 -0.04960232 -0.00454878 0.00865435 -0.00352834
0.09500853 -0.01530125 -0.01372004 0.01256517 0.00752781 -0.00887864
0.05794428 -0.05600726 0.00975482 0.00308922 0.00991321 0.00211216
0.05562550 -0.05333626 -0.00303521 0.00824523 0.01071808 -0.00646815
0.03702317 -0.01868453 -0.03040180 0.00524338 0.00069593 0.00781206
0.01296375 -0.00161597 -0.01975243 0.00530115 -0.00246664 0.00410873
-0.00124975 0.00241343 -0.06179748 0.01877757 -0.01228557 -0.00252973
0.01095331 -0.00642260 -0.00347932 0.00500922 -0.01345605 0.00513786
-0.04048819 -0.00002892 0.02747492 0.00677436 -0.00928424 -0.00195565
-0.02338780 0.01831399 -0.03091951 -0.00936409 -0.00993390 0.01421724
-0.02573795 0.00353318 -0.01599634 0.01770280 -0.01284705 0.01697257
