0.06238607 -0.01335087 -0.00807739 0.02122095 0.01567929 0.00223187
0.05727374 0.02517744 -0.03769239 0.00816935 0.01656827 -0.00533589
0.09454410 0.02114306 -0.00594632 0.02402302 0.01435460 -0.01091343
0.08482185 -0.00847245 0.01344878 0.01694908 0.01600429 0.00007844
0.06364736 -0.00287330 0.00197308 0.01870705 0.01726124 -0.00506865
0.08455155 0.01958804 -0.02565775 0.01194657 0.01444291 0.00500011
0.05853810 0.02180750 -0.02551821 0.02644759 0.01457729 0.00028264
0.00147392 -0.12510014 -0.01079188 0.00049216 0.02628643 0.01446747
0.02598178 -0.09094878 -0.03603843 -0.01951094 0.03049945 0.00977660
0.03351037 -0.08954193 -0.02213128 0.00165144 0.02627267 0.00877169
0.02092391 -0.14579464 0.02519581 -0.01016547 0.03119432 0.01759747
-0.01749396 -0.11876531 -0.01855157 -0.00445595 0.02905527 0.00998733
0.00667727 -0.08989295 -0.01052003 -0.00362481 0.02588803 0.01644584
-0.01430366 -0.08074089 -0.04169419 0.00064074 0.02459653 0.00961103
0.02932576 -0.15470039 -0.01253431 -0.01112846 0.03417457 0.00254380
0.05015926 -0.11701849 -0.07534768 -0.02680326 0.03526190 0.00549507
0.07297517 -0.14156224 -0.04626035 -0.00827594 0.03294396 -0.00095593
0.02830321 -0.16856965 -0.02015148 -0.01960279 0.03755440 0.01174669
0.00719371 -0.16976871 -0.02174906 -0.01569948 0.03641058 -0.00125013
0.03448384 -0.14079925 -0.06020086 -0.01617351 0.03247078 0.00866220
0.00182870 -0.14895114 -0.07216182 -0.00875468 0.03138752 0.00164827
0.18705942 0.00754421 0.00995327 -0.00122979 0.04136774 0.00910909
0.17095711 0.02114186 -0.03476772 -0.01448187 0.04533790 0.00876089
0.21908626 0.01547874 -0.00204624 -0.00558369 0.04238833 0.01013430
0.22182442 -0.00801260 0.01214626 -0.01054830 0.04793589 0.01277693
0.21071760 0.00073524 -0.01925065 -0.01006713 0.04774342 0.00830492
0.26659800 0.02320122 -0.00270263 -0.00563656 0.04126707 0.01442139
0.19302133 -0.00543840 -0.03608176 -0.00558582 0.04316047 0.00868898
-0.08450865 -0.10326043 -0.00579210 0.01644600 0.01335002 0.00495342
-0.03785384 -0.07934993 -0.04096842 0.00039882 0.01497505 -0.00235259
-0.04811362 -0.10770390 -0.02800677 0.02661605 0.00971909 -0.01180322
-0.08099427 -0.18039288 0.02757919 0.01193934 0.01358064 0.00127379
-0.12185850 -0.16891660 -0.01158096 0.01629546 0.01268552 -0.00491750
-0.08419132 -0.11285950 -0.04801971 0.00705382 0.01203581 0.01019543
-0.06685005 -0.11740935 -0.02906305 0.02210617 0.00905633 -0.00003539
0.10591070 -0.00770469 -0.03006441 0.00657203 0.00653433 0.02416086
0.11266328 0.02646724 -0.06933891 -0.00845468 0.00846912 0.01822985
0.16313702 0.01734705 -0.01379252 0.00881205 0.00537493 0.01697180
0.13815125 -0.03017622 -0.00006106 -0.00530284 0.00788748 0.02150387
0.15133326 -0.00085647 -0.01892129 0.00008086 0.00812312 0.01492868
0.17671814 0.01536220 -0.02431404 -0.00597176 0.00447424 0.02449838
0.14303346 -0.00122524 -0.05093222 0.00695228 0.00541856 0.02504421
0.20370066 0.05687875 -0.01005612 0.01475743 0.02157999 0.00137395
0.15645638 0.09319850 -0.05503706 0.00764842 0.02322839 -0.00536086
0.22555340 0.07241162 -0.00689747 0.01446320 0.02122089 -0.00195274
0.18342134 0.07706495 0.00936358 0.00833519 0.02358925 -0.00265237
0.20092275 0.08268267 0.00648306 0.01186687 0.02466875 -0.00201901
0.23254989 0.05968871 -0.00264874 0.00688484 0.02179633 0.00171528
0.17948028 0.06737442 -0.02730532 0.01617225 0.02158379 0.00148659
-0.05011980 -0.21024497 -0.02023274 0.02636929 0.02491759 -0.00115237
-0.03843854 -0.21256804 -0.03441065 0.00905060 0.03026281 -0.00940809
-0.00632591 -0.25553472 -0.02548204 0.03870050 0.02396051 -0.02242678
0.00153885 -0.28924881 0.05964887 0.02687201 0.03118194 0.00168467
-0.10195019 -0.27389957 -0.00664406 0.02452297 0.02678214 -0.01028300
-0.00205597 -0.20913109 -0.05847150 0.02681127 0.02762743 -0.00002029
0.00235488 -0.23001552 -0.03016684 0.02701434 0.02361430 -0.01751318
0.27481493 -0.04381073 -0.01482763 0.01735943 -0.04490366 0.01823691
0.31834584 0.01169307 -0.02457142 0.01150710 -0.04212391 -0.00889351
0.31429391 -0.01589311 -0.00132710 0.01176794 -0.04579380 0.00791540
0.29830854 -0.01879685 0.02862220 0.00808340 -0.04692984 0.00769102
0.31566046 0.00716488 0.02070738 0.02478997 -0.04491045 0.00625626
0.32133751 -0.01135389 0.00384422 0.01031556 -0.04745359 0.00447084
0.31362947 0.01662378 -0.02799422 0.01614628 -0.04067585 0.01049371
0.28761208 -0.03497449 0.03806978 0.00254639 0.00023608 0.01477119
0.23421314 0.00755202 0.00353730 -0.00628930 0.00323380 -0.00084270
0.26449870 -0.00831050 0.01533262 -0.00459274 0.00264223 0.02361404
0.27923584 -0.00566452 0.03853607 -0.01334003 0.00448652 0.02043637
0.30026294 0.01408182 0.03745031 -0.00461625 0.00251954 0.01507744
0.30657051 0.02164556 0.07237919 -0.00138286 0.00226846 0.00974329
0.27100548 -0.00181402 0.00307272 -0.00103688 0.00426486 0.01500196
0.42173538 -0.11539663 0.03582872 -0.02793330 0.01850005 0.03215291
0.36114309 -0.05681491 0.03797779 -0.02701719 0.02347776 0.01661883
0.35175882 -0.15187280 0.06471010 -0.03809296 0.02195406 0.03294372
0.36438972 -0.08175316 0.08119804 -0.03575400 0.02526533 0.03406333
0.36746230 -0.08314429 0.01904502 -0.02999515 0.02665912 0.03189815
0.38726307 -0.15144374 0.06088639 -0.02540601 0.02306758 0.02818548
0.39580867 -0.09722154 0.00752677 -0.02505504 0.02383935 0.02147071
0.82129501 -0.06890858 0.14948625 -0.01005341 0.04541580 0.03127653
0.84477723 -0.05990226 0.09242293 -0.01059933 0.05229285 0.02227488
0.84328800 -0.09329191 0.14131635 -0.02529325 0.05207872 0.03607486
0.84272705 -0.07920960 0.13383557 -0.01306275 0.05927056 0.03322219
0.88881299 -0.05227763 0.03826277 -0.01433573 0.06039688 0.03238440
0.88536069 -0.10373972 0.11691188 -0.00886278 0.05834605 0.01956140
0.86153343 -0.06961791 0.05712050 -0.02114677 0.05741256 0.01231557
0.82397766 -0.13664111 0.13586358 0.00566061 0.04218596 0.04658781
0.78491673 -0.16158113 0.05771533 0.00441068 0.05249196 0.03036929
0.78482963 -0.18346295 0.02622139 -0.00260342 0.05021547 0.04462348
0.76686472 -0.18863339 0.10954059 0.00060265 0.05872483 0.05536109
0.83948441 -0.17441506 -0.00233127 0.00299010 0.05607103 0.04195231
0.81593245 -0.19544436 0.07972633 0.00661868 0.05703860 0.03778728
0.78607805 -0.17722480 0.03557931 -0.01164835 0.05413826 0.02950714
0.98709315 -0.16224273 0.14010755 -0.02091490 0.06101406 0.07886356
0.94900072 -0.15478612 0.07375975 -0.02117484 0.07337641 0.07550431
0.96107282 -0.18625282 0.00336407 -0.02529545 0.06940157 0.08237853
0.96517876 -0.17271277 0.11432354 -0.02822738 0.07713611 0.08805534
0.97204201 -0.10940452 -0.00632185 -0.02191034 0.07687916 0.07511182
0.94587982 -0.15958475 0.06453587 -0.02045297 0.07000654 0.07712051
0.90660594 -0.16445346 -0.03324379 -0.02681904 0.06936578 0.06712365
0.11548125 -0.29758424 -0.00770507 -0.07673831 -0.06017772 0.14676688
0.19432895 -0.24501478 -0.03807016 -0.07714286 -0.05881180 0.12956028
0.14014616 -0.28730288 -0.01412407 -0.08046371 -0.06417821 0.14937478
0.18633645 -0.33503305 0.04001011 -0.09435849 -0.05919351 0.14129723
0.12399323 -0.29173411 -0.02821933 -0.08937712 -0.06025520 0.13981111
0.19320263 -0.28016312 0.03540811 -0.08593587 -0.06166083 0.13570359
0.16731214 -0.29735375 -0.01855762 -0.07518567 -0.05572122 0.13269945
0.44565666 -0.15033856 0.06725723 0.00490262 0.01290815 0.06333951
0.38093857 -0.08910036 -0.04413542 0.01591892 0.02217424 0.03199013
0.39310616 -0.12641916 -0.06026370 0.00295143 0.01891049 0.05408041
0.37682388 -0.11693235 -0.00367295 0.00041800 0.02425181 0.05887469
0.43481074 -0.10162177 -0.07190638 0.00859191 0.02070060 0.05500782
0.42705745 -0.08302400 -0.03365712 0.01044788 0.02073559 0.05137967
0.43298151 -0.05075289 -0.05199432 -0.00445919 0.01931917 0.03668521
0.34472827 -0.03238359 -0.03188536 0.01812427 0.00730309 0.04412407
0.32529872 -0.00382212 -0.05112850 0.01712827 0.01458462 0.02042426
0.29972337 -0.06426877 -0.01878142 0.02256599 0.00888399 0.02552807
0.25476303 -0.09363610 -0.00806850 0.02207124 0.01465004 0.03535596
0.28935879 -0.09543112 -0.06247050 0.02593344 0.01170628 0.03726094
0.32192074 -0.08832531 -0.05027126 0.01800459 0.01298271 0.04384851
0.32712180 -0.04439981 -0.01263418 0.01955560 0.00969794 0.02653173
0.64484142 0.02323512 0.02472649 0.00617443 0.03374731 0.09413629
0.63131280 0.06190573 0.03747609 0.01160988 0.04291462 0.06117293
0.61703440 -0.03495748 0.08306186 -0.00098396 0.03785626 0.07919164
0.62287871 -0.03080025 0.01435142 0.01832864 0.04566535 0.07747031
0.70827939 0.00654956 -0.04601276 0.00793866 0.04758536 0.08677898
0.66276133 -0.04316276 0.02655031 0.00604296 0.04342553 0.08628742
0.70550971 0.01063122 0.03283020 0.00617390 0.04189078 0.06874457
0.48254099 0.11600486 -0.01873098 0.03324767 0.02336947 0.03562675
0.46781700 0.12663770 -0.02453651 0.04231414 0.02729476 0.00823797
0.49006049 0.04721020 0.03822310 0.03011203 0.02573607 0.02029641
0.44310294 0.03112310 -0.00613826 0.04162757 0.03080364 0.02186511
0.49608964 0.05069643 -0.05570853 0.04260664 0.03225595 0.02964293
0.52337982 0.03051355 -0.01797304 0.03327257 0.02979673 0.02944127
0.56624595 0.06569427 0.00657520 0.03428556 0.02904038 0.02013222
0.56187909 -0.10655876 0.03974594 0.01963976 0.04942772 0.06039693
0.50722692 -0.03858660 -0.03032639 0.02660103 0.05955909 0.04044431
0.56714963 -0.12710587 0.01638167 0.02689062 0.05184668 0.04635148
0.52675210 -0.18095205 0.00117409 0.03882652 0.06588180 0.05720149
0.62551312 -0.15685642 -0.07618518 0.03027342 0.06185793 0.05648918
0.61206281 -0.13349665 -0.02376656 0.03297991 0.06033339 0.05803639
0.58105294 -0.10601648 -0.05838786 0.01492751 0.05418848 0.03024338
0.37495714 -0.12285551 -0.03448405 0.01091869 0.01666080 0.06548272
0.27975289 -0.05908681 -0.08021929 0.02132485 0.02513467 0.03548225
0.31280551 -0.14898960 -0.06598596 0.02125330 0.01643139 0.04893467
0.28233115 -0.20440258 -0.01095902 0.02309797 0.02784130 0.05679680
0.34829855 -0.21558022 -0.10361363 0.02365179 0.02253571 0.05472257
0.37922584 -0.15135910 -0.07098211 0.02010409 0.02426426 0.06244789
0.37099391 -0.13022722 -0.07957112 0.00832563 0.01921051 0.03887205
0.24199810 -0.04633056 -0.07972050 0.00789298 -0.00154391 0.03641987
0.21104109 -0.01259080 -0.12360123 0.00717941 0.00229369 0.01054753
0.25984164 -0.06143514 -0.08292349 0.01496139 -0.00296013 0.02426935
0.15226854 -0.10084943 -0.03934457 -0.00241130 0.00042474 0.02840016
0.20252315 -0.09619090 -0.06554058 0.01147175 -0.00104492 0.02802346
0.27744351 -0.06503059 -0.08398229 0.00283426 -0.00082884 0.03215634
0.25273405 -0.04908583 -0.05331867 0.00663951 -0.00173868 0.02719013
0.25236819 0.16550688 -0.15010893 -0.00222803 0.01481804 -0.00060505
0.22086166 0.24144107 -0.14453267 -0.00104579 0.00877479 0.00099406
0.22172909 0.25965698 -0.04918341 -0.00178223 0.01009341 -0.00523550
0.20590264 0.26298670 -0.13767521 -0.00041750 0.01105001 -0.01072386
0.22833301 0.20234987 -0.06415095 -0.00649716 0.01433672 0.00436255
0.29545618 0.21365177 -0.09585056 -0.01417175 0.01449429 0.00372198
0.29392261 0.17187119 -0.09380967 -0.00319801 0.01106576 0.00113395
0.05845075 0.35584718 -0.06315248 -0.01878915 0.02920720 -0.00006215
0.06673754 0.37984282 -0.10490933 -0.01978335 0.02566121 0.00016073
0.09099602 0.40347937 -0.01047390 -0.01645857 0.02658113 -0.00239706
0.05799535 0.30699426 -0.02242791 -0.01546654 0.02596457 -0.01512685
0.08654216 0.27874921 -0.05105195 -0.02571297 0.03450092 0.01968031
0.14002247 0.30455559 -0.02724349 -0.03173692 0.02833831 0.01879672
0.15036074 0.25873058 -0.03374961 -0.01748705 0.02582535 0.01114935
0.21471500 0.09218117 -0.01888349 0.00914069 0.06193516 -0.00240950
0.21697314 0.09075079 -0.03485138 0.01224710 0.06265525 -0.00440393
0.29304054 0.06466440 -0.00045581 0.01324414 0.06200566 0.00250406
0.23457501 0.04598815 -0.00370840 0.01397066 0.06826601 -0.00128601
0.24291441 0.05627282 -0.00347534 0.00422029 0.06887750 -0.00121925
0.27267104 0.04450079 -0.00561493 0.01699596 0.06444869 -0.00072040
0.25193941 0.05767573 -0.04697973 0.00964378 0.06369024 -0.00441292
0.31289514 0.01634548 -0.08068062 0.00030417 0.03730363 0.04082956
0.29552873 0.07215462 -0.10929090 -0.00121742 0.03914126 0.03510771
0.31921428 0.03859970 -0.09221389 0.00198538 0.03795614 0.03911929
0.26271272 -0.02377934 -0.06454644 -0.00482059 0.04278393 0.04144984
0.30087359 -0.04891509 -0.08722794 -0.00440076 0.04314907 0.03835645
0.36024526 -0.01801137 -0.06644839 0.00093513 0.04221370 0.04154790
0.33731528 -0.01318868 -0.08258239 -0.00378133 0.03679732 0.03954904
0.44796381 -0.08669312 0.02691437 0.00314385 0.05130222 0.05890120
0.44225689 -0.02969147 -0.03942496 0.01156665 0.05878202 0.03936119
0.48957627 -0.10809910 0.02295302 0.00424543 0.05407434 0.05488336
0.43611243 -0.11125665 0.02070986 0.01213318 0.06390211 0.05499792
0.54806557 -0.14049188 -0.03221008 0.00416227 0.06518636 0.05550814
0.55045009 -0.11873368 -0.00865119 0.01222076 0.06081435 0.05262524
0.51212899 -0.06108439 -0.05051598 -0.00357463 0.05711659 0.03611433
0.91172278 0.00413144 0.02166496 -0.00438366 0.07498830 0.09202456
0.86056963 0.02226832 -0.05156086 0.00013507 0.08507444 0.08454737
0.91782816 -0.00422100 0.00466270 -0.01025851 0.08033507 0.09406500
0.85350424 -0.00845413 -0.00225861 -0.00196889 0.09032607 0.09115118
0.95576815 -0.00941382 -0.08663968 -0.00969422 0.09173986 0.09029881
0.91312483 -0.03962970 -0.00344404 -0.00280896 0.08677718 0.08950011
0.91543145 0.00746264 -0.08840094 -0.01609215 0.08146764 0.08359679
1.19113617 0.12874222 0.06076777 0.03458263 0.09425502 0.06800346
1.15151770 0.12658040 0.00547805 0.03096607 0.10392862 0.05929793
1.21933378 0.12669726 0.07334566 0.02289416 0.10301562 0.07078303
1.19389266 0.09564790 0.08328711 0.03607630 0.11329624 0.06947513
1.26632839 0.15021967 -0.03518562 0.02115626 0.11356146 0.06411663
1.19458556 0.12922321 0.06012276 0.03881169 0.11150351 0.05392654
1.18613742 0.15393631 -0.01940817 0.01231796 0.10537074 0.05409835
0.52367754 -0.10675375 -0.01005198 0.02068243 0.05936980 0.04627156
0.44758637 -0.09331402 -0.09302364 0.02100052 0.06865182 0.03216938
0.46484701 -0.11713334 -0.09771347 0.00925650 0.06686456 0.03676636
0.40751718 -0.12223820 -0.02042823 0.01236837 0.07367524 0.04837602
0.44795025 -0.07713444 -0.11981863 0.01731346 0.06913171 0.03417035
0.43235339 -0.09478746 -0.07088063 0.02683883 0.06681377 0.04210142
0.43696947 -0.05635737 -0.06237604 0.00764575 0.06479703 0.03214539
0.48415590 -0.16713947 -0.04249210 0.02266454 0.03308586 0.06632826
0.39706532 -0.09001765 -0.15210086 0.02161884 0.04162260 0.04198065
0.45292635 -0.12726443 -0.15403492 0.01126228 0.03934938 0.05433281
0.36951810 -0.14542047 -0.06224230 0.01194275 0.04499905 0.06336923
0.41044220 -0.10508557 -0.12347908 0.01293809 0.04214915 0.05200590
0.44781290 -0.10602051 -0.11092946 0.02739700 0.04384665 0.05003154
0.44477433 -0.08549089 -0.09887981 0.00329365 0.03783049 0.04349307
0.35017204 0.03700508 0.05329038 0.02865928 -0.02600611 0.03565183
0.36187533 0.03250940 0.00812883 0.02068724 -0.02116634 0.00235505
0.31062860 0.04382639 0.02840006 0.01589417 -0.02266888 0.03168893
0.28061666 -0.03228266 0.06805868 0.00958977 -0.02315524 0.02848568
0.30641209 0.02601210 0.01213530 0.02483601 -0.02776668 0.03001962
0.32039888 -0.03239470 0.05140650 0.02570700 -0.02548059 0.02320664
0.29196229 0.07646764 0.05983084 0.01644504 -0.02004277 0.03284983
0.10652476 -0.05199502 0.05751998 0.02405468 -0.01061971 0.02574824
0.08335879 -0.05037534 0.05059191 0.00884389 -0.00490655 0.00041508
0.11350396 -0.05396710 0.07331631 0.01887816 -0.00881239 0.01522420
0.12060909 -0.10829816 0.09105704 0.01362906 -0.00495399 0.01989625
0.07534541 -0.07284028 0.01623643 0.02634593 -0.01052254 0.01552546
0.10618398 -0.06520370 0.04756454 0.02233470 -0.00698095 0.01897136
0.11190752 -0.00668590 0.05754720 0.01957644 -0.00628788 0.01581246
-0.02624197 0.04301620 0.01098141 -0.00329805 0.00571667 0.00410740
-0.06196416 0.05328333 0.03348832 -0.02024855 0.00889269 -0.00179939
0.00555141 0.05070551 0.07596179 -0.00264734 0.00527680 -0.00540898
0.01286814 0.01438260 0.04922303 -0.00862642 0.00702760 -0.00125902
0.01180019 0.04998842 0.00571089 -0.00459780 0.01005786 -0.00279349
0.01535131 0.03724147 0.01806119 -0.00870256 0.00817916 0.01000442
0.00645489 0.05685893 0.04929544 0.00261958 0.00673566 0.00227147
-0.09665355 -0.08117011 0.06556187 0.01990597 0.01339922 -0.01110746
-0.12224793 -0.09274856 0.04304528 0.00130004 0.01806007 -0.01692687
-0.05146029 -0.09199582 0.06058133 0.02105055 0.01440085 -0.02287656
-0.07301376 -0.17025178 0.12842764 0.01751514 0.01658878 -0.00936591
-0.12983729 -0.13216469 0.02767060 0.02210001 0.01534907 -0.01728156
-0.08689892 -0.12436692 0.02858661 0.01481380 0.01574781 -0.00571089
-0.08888983 -0.08135588 0.04923547 0.02442060 0.01363204 -0.01435171
-0.16835790 -0.19777849 0.01498568 0.07921944 -0.03661617 0.05338710
-0.19559393 -0.04474600 0.06155803 0.07247037 -0.02237402 0.01058159
-0.06536827 -0.02678589 0.06123220 0.06757823 -0.03616411 0.04407015
-0.05230260 -0.00765083 0.12060915 0.08688175 -0.02344665 0.03636029
0.01453723 0.04953736 0.02122847 0.07638888 -0.03120652 0.03415844
-0.07176503 0.08629395 0.08503124 0.10030386 -0.03393954 0.01833409
-0.03952780 0.19441854 0.03963239 0.05694081 -0.02424673 0.00620747
-0.06651199 -0.07333804 -0.01243974 0.00975174 -0.00480188 0.00786792
-0.11385722 -0.06487672 -0.03960791 -0.00630158 -0.00130517 -0.00715707
-0.03613051 -0.05632839 0.01711572 0.00137365 -0.00307834 0.00258555
-0.04622502 -0.15538428 0.05662342 -0.00455985 -0.00185523 0.00732901
-0.06389870 -0.12020762 -0.03275733 0.00815425 -0.00251363 0.00040902
-0.01088853 -0.11413582 -0.02141861 0.00046935 -0.00363465 0.00590515
-0.05127524 -0.10416088 -0.01827034 0.01246337 -0.00155024 0.00598877
0.10136032 -0.07603670 0.00994788 0.02712753 -0.01310544 0.01458944
0.08439638 -0.06119936 -0.02967739 0.01246702 -0.00839873 -0.00959860
0.14214301 -0.04716927 0.04665863 0.02068309 -0.01244940 -0.00014958
0.13520747 -0.12848570 0.04994989 0.01589250 -0.00763088 0.00611692
0.08287591 -0.08273986 -0.03096437 0.02682928 -0.01227061 -0.00001595
0.14479935 -0.04781346 0.01494063 0.02114872 -0.00984043 0.00606187
0.10794084 -0.03104006 -0.00939921 0.02744097 -0.00960114 0.00457416
0.10671080 -0.00758470 0.00887760 0.00932772 0.00258691 0.02713684
0.09847376 0.01438589 -0.01835611 -0.00867737 0.00544447 0.01411726
0.13220041 0.02946186 0.03342055 0.00619094 0.00368009 0.01551253
0.11661332 -0.05567341 0.03115836 -0.00239589 0.00589648 0.02098754
0.09470259 -0.01180568 -0.01456752 0.00230551 0.00453960 0.01768845
0.11474913 -0.02788351 0.00329554 -0.00212356 0.00607260 0.02702072
0.09068786 0.01161455 0.01290043 0.01219676 0.00280617 0.02484954
0.10527604 -0.01230274 -0.00500086 0.01374786 -0.00032563 0.02063685
0.08901360 0.02738714 -0.05867665 0.00061490 0.00093438 0.00762243
0.15612804 0.03337842 0.00721076 0.00981113 0.00013786 0.01082198
0.11962723 -0.04203259 0.03424930 0.00132962 0.00095160 0.01561190
0.11068035 -0.01890841 -0.02947194 0.00887836 0.00091644 0.01151526
0.15681276 -0.01487957 -0.03412077 0.00418652 0.00114872 0.01882599
0.11581057 0.00425045 -0.02185900 0.01551149 0.00019758 0.02012537
0.10574338 -0.06424966 0.00625492 0.01168964 0.00057186 0.01299920
0.09241989 -0.03424396 -0.03403238 -0.00400265 0.00417558 0.00130874
0.14991186 -0.02489491 0.02772971 0.00795569 0.00144560 0.00371092
0.12654550 -0.08628528 0.02453122 -0.00080158 0.00490261 0.00966631
0.11533112 -0.06078590 -0.01700402 0.00799817 0.00257623 0.00286321
0.13755823 -0.03935765 -0.00616278 0.00462041 0.00313813 0.00940408
0.09841408 -0.03439816 -0.01683408 0.01422117 0.00234928 0.00997245
0.11690469 -0.05986037 -0.00955289 0.00663805 -0.01096801 0.03084894
0.11052528 -0.01274036 -0.05706343 -0.00858492 -0.00896607 0.01513560
0.15276699 -0.01326370 0.00020585 0.00143068 -0.01148870 0.02094758
0.13049620 -0.09458905 0.00993782 -0.00702592 -0.00983477 0.02577478
0.10933465 -0.06673183 -0.04974688 0.00133441 -0.01065082 0.02095161
0.15205199 -0.05279034 -0.02347990 -0.00391586 -0.00933816 0.02816707
0.11260767 -0.04386545 -0.02080662 0.00928789 -0.01047332 0.02902178
0.13908434 -0.03002215 -0.02180737 0.02031596 -0.00202265 0.00970526
0.11428457 0.01119484 -0.05323443 0.00587506 -0.00108106 -0.00526769
0.17338227 -0.00894746 0.00269512 0.01570326 -0.00169221 -0.00195400
0.13887830 -0.05614849 -0.01168985 0.01033987 0.00054434 0.00468339
0.13366259 -0.03503214 -0.03947225 0.01619904 -0.00073131 -0.00309959
0.16459944 -0.01614195 -0.02547305 0.01176139 0.00191597 0.00757442
0.11852381 -0.00654882 -0.01045944 0.02442274 -0.00032795 0.00842474
0.12794103 0.00371784 -0.00088047 0.01771252 -0.00642718 0.01465066
0.11490967 0.01334791 -0.05017263 0.00172015 -0.00397576 0.00008201
0.15627149 0.02772690 0.00457786 0.01132869 -0.00507826 0.00192051
0.12890715 -0.05312943 0.00634611 0.00451228 -0.00440414 0.00925950
0.12361287 -0.02097063 -0.03592405 0.01240623 -0.00526559 0.00397610
0.15084310 -0.03129436 -0.02032166 0.00380993 -0.00344735 0.01182074
0.11982881 -0.00074983 -0.01576639 0.01958235 -0.00571978 0.01368478
0.12720670 -0.08090107 -0.02149339 0.00813768 -0.00603197 0.01581200
0.11633312 -0.04641904 -0.06661174 -0.00543503 -0.00450496 0.00224167
0.16696721 -0.04709217 -0.00280189 0.00418039 -0.00586289 0.00645590
0.13739353 -0.11071116 -0.00862618 -0.00563632 -0.00298692 0.01189603
0.13239908 -0.09658234 -0.03882314 0.00362447 -0.00510397 0.00430963
0.16473444 -0.05505050 -0.03586959 -0.00058866 -0.00365427 0.01181315
0.12008079 -0.07957204 -0.03430133 0.00961387 -0.00465823 0.01472704
0.18986117 -0.08705118 -0.02120236 0.00409730 -0.01490819 0.02226400
0.17567415 -0.05359239 -0.05872301 -0.01190839 -0.01283415 0.00592038
0.22953782 -0.06508957 0.00570398 -0.00375984 -0.01422097 0.01346977
0.21682760 -0.13417337 -0.00376005 -0.01169723 -0.01145619 0.01866409
0.20508852 -0.10125080 -0.03434290 -0.00171557 -0.01399853 0.00900163
0.13883012 -0.03166827 -0.04336708 0.00926780 -0.00956338 0.01355209
0.07754009 0.00482780 -0.03255642 0.00367724 -0.00926785 0.01020294
0.04020982 0.08232363 -0.03917633 0.02411973 -0.00684010 -0.00392282
0.04961088 0.06026810 -0.04764570 0.01591352 -0.00872884 0.00242037
0.01473360 0.07915478 0.00175938 0.01723686 -0.00632910 -0.00274917
0.03714178 0.04146039 -0.04865003 0.00253074 -0.00480612 0.01087797
0.01033026 0.07806186 -0.00934517 0.02814748 -0.00925248 0.01459105
