0.06519391 0.17148616 -0.00314509 -0.01339432 0.00187657 -0.00954984
0.14223756 0.13068393 0.01415256 -0.00939676 -0.00105160 -0.00597355
0.09597387 0.06480237 -0.03002570 -0.02067213 0.00112629 -0.00245116
0.11122113 0.11798396 -0.06912695 -0.01776880 -0.00173846 -0.01805813
0.16902741 0.14226710 0.06758300 -0.01615551 0.00067926 -0.00777215
0.07994814 0.18152844 0.04014282 -0.01498557 -0.00285513 -0.00565208
0.14017642 0.16458940 0.04210503 -0.00363148 0.00238960 -0.01521040
0.04250410 0.20983575 -0.00267395 -0.00519108 0.00413472 -0.02312303
0.13105769 0.16674906 0.02947098 -0.00054992 0.00138490 -0.01677093
0.09968763 0.11111764 -0.02091167 -0.01398929 0.00286629 -0.01387590
0.10429847 0.14886379 -0.08047946 -0.01017580 0.00047667 -0.02889975
0.16382705 0.18845934 0.08218683 -0.00892295 0.00278809 -0.01723815
0.07486541 0.21163879 0.06025201 -0.00735245 -0.00006150 -0.01557489
0.13640840 0.20358626 0.04282367 0.00476177 0.00398023 -0.02299766
0.05775387 0.14017896 -0.00227335 -0.01870871 0.00063487 -0.00227104
0.13730543 0.09989529 -0.00087020 -0.01555692 -0.00229961 -0.00002231
0.08587910 0.03171287 -0.04163542 -0.02388648 0.00030732 0.00302918
0.10739577 0.09424009 -0.05423302 -0.02205281 -0.00220618 -0.01122833
0.17277295 0.10369658 0.05528564 -0.02045931 -0.00014278 -0.00332622
0.07385652 0.15998418 0.01618484 -0.01953218 -0.00423284 0.00148877
0.13582223 0.13148288 0.03802028 -0.00919591 0.00181785 -0.00837542
0.64430647 -0.18170182 0.03274718 -0.03388520 0.01034949 0.06737388
0.63930705 -0.18068872 0.02592650 -0.02895729 0.01301648 0.05050696
0.63506201 -0.17412454 0.02483230 -0.04599951 0.00962070 0.06845286
0.67843802 -0.16563904 0.04253335 -0.04154801 0.01010808 0.05603933
0.64271547 -0.16151473 0.03118352 -0.04314259 0.01269414 0.06345749
0.58977988 -0.10736764 0.03401898 -0.03720890 0.00665533 0.04946847
0.56803666 -0.11626992 -0.00802915 -0.03026401 0.01306154 0.05531454
0.83006732 0.09540517 0.09085810 -0.00063415 0.02016874 0.02440709
0.84484667 0.05178344 0.06880611 0.00408326 0.02544626 0.01443425
0.86732380 0.04158732 0.02315879 -0.00352043 0.02212087 0.02378403
0.94247028 0.04220283 0.06112671 -0.00569967 0.02130385 0.01275049
0.84187925 0.06934635 0.04821675 0.00296096 0.02337430 0.02553957
0.83745122 0.06262232 0.04749603 -0.00554758 0.01830605 0.00987840
0.76095439 0.03575783 0.02201859 0.00204028 0.02265365 0.02038185
0.34439579 -0.25182286 0.01059487 -0.02470454 0.00994066 0.05449944
0.29107178 -0.20396680 0.02978277 -0.01704192 0.00984982 0.04416723
0.27938390 -0.20626027 0.01014899 -0.03875101 0.00722885 0.05844407
0.30064857 -0.16644277 0.05435734 -0.03759622 0.00796017 0.04941324
0.29137637 -0.20431189 0.03008312 -0.03249342 0.01063633 0.04838169
0.26374208 -0.13997397 0.03612231 -0.02463161 0.00372208 0.04683356
0.26210353 -0.15588314 -0.00081075 -0.02430676 0.00964652 0.04890614
0.01935324 0.05881002 0.00975753 -0.01477525 0.00388056 0.00183655
0.05899907 0.03002375 -0.01382174 -0.01271857 0.00066110 0.00219739
-0.00856507 -0.02645021 -0.03707096 -0.02034630 0.00329949 0.00099498
0.01033960 0.04021688 -0.03335815 -0.02133723 0.00051640 -0.00565008
0.06010467 -0.02597084 0.02159821 -0.01539773 0.00101119 -0.00187846
-0.00648367 0.06219205 -0.00217426 -0.01792407 -0.00252007 0.00838247
0.04635052 0.04048415 0.04222882 -0.00624339 0.00265656 -0.00004897
-0.64557597 -0.07776543 -0.01014396 -0.01347338 0.00470518 0.00739947
-0.57700977 -0.06326016 -0.00272049 -0.02263428 0.00606350 -0.00229625
-0.58650360 -0.04170856 0.01533763 -0.03521905 0.00221747 -0.00109059
-0.66648237 -0.02230949 -0.03911937 -0.03577401 0.00561573 -0.00117226
-0.58049425 -0.02051010 -0.03073731 -0.02899334 0.00389655 -0.00194599
-0.60808744 -0.01931677 0.04669796 -0.03138470 0.00203355 0.01211089
-0.61979286 0.02946857 -0.04166715 -0.00984477 0.00268583 0.00544876
-0.79850160 -0.07494943 -0.03293728 -0.01405874 -0.00869199 0.00537487
-0.71611933 -0.06710481 -0.01646767 -0.02771501 -0.00676068 -0.00483253
-0.73096961 -0.03502690 -0.01063408 -0.03519073 -0.01262963 -0.00209386
-0.82010113 -0.02960832 -0.06187257 -0.04247215 -0.00781648 -0.00442139
-0.75085044 -0.02874547 -0.04984989 -0.03300714 -0.01081139 -0.00518451
-0.76366104 -0.02499113 0.02157744 -0.03364348 -0.01207462 0.00541231
-0.78115396 0.02632477 -0.08914356 -0.01246286 -0.01195503 -0.00016474
0.26451085 -0.31315744 0.02897266 0.04136459 0.03139148 0.01766542
0.08677026 -0.28081253 0.05362891 0.04653703 0.03543442 0.01869514
0.15105689 -0.22890441 0.05965725 0.01632490 0.02808820 0.02892460
0.11153128 -0.23922645 0.13525610 0.02332868 0.03586264 0.01997266
0.17068926 -0.23754947 0.10296557 0.03364648 0.03224116 0.02341190
0.09753440 -0.19414840 0.05648858 0.03588235 0.02617431 0.01462029
0.11960518 -0.21701876 0.03283542 0.02117190 0.02816692 0.03296447
-0.61438166 -0.00035576 0.01138593 0.03394159 0.02259866 -0.03734380
-0.66014960 -0.02052669 0.00362423 0.02262981 0.02035787 -0.03031251
-0.57924185 0.01838724 -0.00377895 0.01132048 0.01812580 -0.04061651
-0.71219482 0.02521687 0.00979279 0.01094803 0.02451411 -0.03924691
-0.57342529 0.02442217 0.02056711 0.02463379 0.02211076 -0.03656698
-0.62519871 0.03193809 0.02870346 0.01217385 0.01888178 -0.03126640
-0.65412305 0.01228400 -0.01315668 0.03159699 0.01706104 -0.02545967
-0.24186691 0.03408701 0.01100488 0.03720158 0.02683862 -0.03772427
-0.20675229 0.03424258 0.04493469 0.03482397 0.02784434 -0.02943002
-0.15767165 0.04634711 0.03728325 0.02178414 0.02512177 -0.04099203
-0.26242778 0.06004756 0.02500115 0.01942609 0.02660834 -0.03645507
-0.15345779 0.04684753 0.01800199 0.03505847 0.02402430 -0.03785075
-0.26564473 0.04667036 0.02159685 0.02173476 0.02159347 -0.02422689
-0.21039018 0.08477288 0.03167471 0.03495277 0.02075830 -0.02117115
-0.68502955 -0.06756684 -0.02800700 0.00784214 0.01963130 -0.01578847
-0.63510753 -0.04464660 0.02364209 -0.00698371 0.02135701 -0.01837662
-0.58732670 -0.05764561 0.05769402 -0.01816975 0.01606306 -0.02421985
-0.72228111 -0.04488357 0.01687587 -0.01423800 0.02028179 -0.01821689
-0.62827982 0.00068169 -0.00971310 -0.00764328 0.01990768 -0.02017893
-0.67802452 -0.03134346 0.05165888 -0.01610349 0.01840925 -0.00535302
-0.67346409 0.02790484 0.00557935 0.00598969 0.01378609 -0.00705497
-0.85741527 -0.03431266 -0.00519237 -0.00351914 -0.01365812 -0.00810823
-0.73369965 -0.04833832 -0.01051007 -0.00167004 -0.01060403 -0.01535908
-0.75626254 -0.03739938 0.01415728 -0.01808714 -0.01555592 -0.01534454
-0.81640951 -0.07356510 -0.01270249 -0.02226098 -0.01009406 -0.01709772
-0.71880624 -0.04129005 -0.02939801 -0.01133136 -0.01157761 -0.02370317
-0.74052602 -0.07597605 -0.03787820 -0.01380554 -0.01374704 -0.00473701
-0.73322438 0.03969410 -0.04917403 0.00111891 -0.01512164 -0.01014541
-0.57067484 -0.13404312 -0.07669073 -0.00494857 0.01766985 0.00002788
-0.48253626 -0.06059456 0.05763842 -0.02011548 0.01940101 -0.00376934
-0.41642759 -0.08533977 0.09084228 -0.02582558 0.01353141 -0.01146802
-0.59331898 -0.04429390 0.00656512 -0.02586514 0.01527539 0.00086379
-0.51036991 -0.04050949 -0.07592873 -0.02018484 0.01586051 -0.00551538
-0.58285657 -0.06211698 0.03602112 -0.02504676 0.01520766 0.01082253
-0.53075038 0.03390090 -0.01216747 -0.00563036 0.01124128 0.00338211
-0.82165629 -0.02843821 -0.02067634 0.00462694 0.01273508 -0.01212634
-0.75376727 -0.01984202 -0.00352747 -0.01178610 0.01297486 -0.01880880
-0.75393096 0.01127309 0.00750247 -0.02476377 0.00848031 -0.01734986
-0.84308498 0.01925505 -0.04049890 -0.02168574 0.01531843 -0.01899487
-0.74875966 0.04055226 -0.01490034 -0.01598104 0.01391795 -0.01680775
-0.77469222 0.01048362 0.05554168 -0.02104442 0.01168114 -0.00470891
-0.79603031 0.05031192 -0.03769324 -0.00053447 0.00982457 -0.00660538
-1.14364900 -0.08120677 0.00386426 -0.00107045 -0.01799183 -0.01346774
-1.03308551 -0.09794712 -0.03987313 -0.00862883 -0.01378138 -0.02311509
-1.04447812 -0.09054631 -0.00563077 -0.02306889 -0.02177253 -0.02378950
-1.10886224 -0.15140151 -0.00101683 -0.02116547 -0.01179111 -0.02347614
-1.03857964 -0.05968013 0.00525200 -0.01656267 -0.01623099 -0.02510860
-1.02194466 -0.10627099 -0.01318443 -0.02316397 -0.01534569 -0.01045786
-1.07514106 0.01451551 -0.04901310 -0.00301086 -0.01972606 -0.01085089
-1.30929559 0.05104575 0.00889993 0.00666076 -0.03439476 -0.04495504
-1.16136543 0.00520838 -0.05259115 0.01372028 -0.03016515 -0.05051660
-1.18960939 0.00338660 -0.04310751 -0.00839975 -0.03839437 -0.05119478
-1.23085648 -0.06164224 -0.04009140 -0.00072541 -0.02344306 -0.05663026
-1.18128732 0.02196100 -0.00149733 0.00382659 -0.03269384 -0.05660902
-1.16336294 -0.04044436 -0.06702679 -0.00760107 -0.02717618 -0.04412313
-1.20425917 0.06638555 -0.10422224 0.00252618 -0.03443313 -0.04316900
-1.18194975 0.00692463 0.01506587 -0.00455910 -0.03109394 -0.02527395
-1.03442520 -0.03618759 -0.04287877 0.00574462 -0.02626908 -0.03305727
-1.06974259 -0.02400100 -0.01606723 -0.01361816 -0.03401040 -0.03153932
-1.10079177 -0.11103132 -0.01730230 -0.01188651 -0.02217977 -0.03694896
-1.02237016 -0.02085045 -0.00957436 -0.00574769 -0.02788009 -0.04258863
-1.00641929 -0.08668615 -0.06948435 -0.01074410 -0.02587482 -0.02473806
-1.04103789 0.04847292 -0.08510396 -0.00108576 -0.03123089 -0.02496562
-1.15635045 -0.02478576 0.00618592 -0.00791593 -0.03009071 -0.01780989
-1.00887105 -0.05734810 -0.04162856 -0.00053279 -0.02558591 -0.02712658
-1.04675733 -0.04518322 -0.01599391 -0.01800936 -0.03322263 -0.02416966
-1.07985601 -0.12318579 -0.01442366 -0.01772013 -0.02226666 -0.02865283
-1.00103632 -0.04107583 -0.01798139 -0.01242892 -0.02692165 -0.03477452
-0.98438904 -0.09905425 -0.06529043 -0.01550779 -0.02541209 -0.01667380
-1.01469122 0.03315544 -0.07898457 -0.00479217 -0.03022258 -0.01850715
-1.37278229 0.03922561 0.00603951 -0.01224597 -0.05615827 -0.03449540
-1.19465411 -0.01307063 -0.07027562 0.00286090 -0.05070999 -0.04152001
-1.23325676 -0.00769136 -0.06518831 -0.01760631 -0.06090235 -0.04018156
-1.25783235 -0.10363565 -0.04914454 -0.01218561 -0.04538093 -0.04776057
-1.21758074 -0.01011949 -0.02609530 -0.00584412 -0.05550702 -0.05218558
-1.18071459 -0.06679926 -0.10296152 -0.01550390 -0.04848015 -0.03885877
-1.21923707 0.05762577 -0.14533795 -0.01315931 -0.05483160 -0.03764536
-1.09653451 -0.00934876 0.00000312 0.00373160 -0.02365561 -0.02722463
-0.95185429 -0.03842989 -0.03845630 0.00992481 -0.01972702 -0.03315594
-0.99710926 -0.02315312 -0.01545090 -0.00963909 -0.02652365 -0.03249079
-1.03054374 -0.09224021 -0.01987785 -0.00889909 -0.01535482 -0.03516682
-0.94681717 -0.02540948 -0.01783164 -0.00283855 -0.02050016 -0.04199301
-0.93695223 -0.07735752 -0.06188689 -0.00516719 -0.01894363 -0.02564744
-0.96413858 0.04077758 -0.07862454 0.00620843 -0.02480869 -0.02565041
-0.66283144 -0.07608335 -0.00145167 -0.02610046 -0.00773374 0.02448438
-0.55878766 -0.08236596 -0.01486739 -0.02584457 -0.00691119 0.01021353
-0.58988724 -0.06982685 0.00803214 -0.04457871 -0.00927563 0.01762216
-0.64024583 -0.08175197 -0.02040038 -0.04564529 -0.00715089 0.01537923
-0.53855632 -0.07904403 -0.02308324 -0.03735338 -0.00529804 0.00916988
-0.56302745 -0.07906061 0.00670319 -0.03562510 -0.00927248 0.02442511
-0.55101641 0.01804952 -0.01989728 -0.01905116 -0.00782871 0.01648560
-1.07563682 -0.05938184 -0.01408296 -0.01072015 -0.01610011 -0.00571694
-0.97916692 -0.05815406 -0.04047077 -0.02616632 -0.01286307 -0.01570465
-1.00656554 -0.04692827 -0.03277845 -0.03842972 -0.02132047 -0.01345783
-1.07416138 -0.07699658 -0.03870424 -0.03690818 -0.01176153 -0.01723221
-1.00390263 -0.02326507 -0.00930557 -0.03158660 -0.01455072 -0.01522152
-0.99949487 -0.05799657 0.01605736 -0.03970978 -0.01481021 -0.00798351
-1.04734577 0.02471677 -0.07679021 -0.01609181 -0.01790237 -0.00745871
-1.05100028 -0.07809076 -0.01939090 -0.01476802 -0.01568668 0.00138943
-0.94292872 -0.08128675 -0.04151476 -0.03103465 -0.01306069 -0.01076370
-0.98310970 -0.08014796 -0.02985401 -0.04360523 -0.01950986 -0.00519531
-1.03316925 -0.10726833 -0.03101745 -0.04017029 -0.01069399 -0.00819692
-0.95867597 -0.05005222 -0.00977142 -0.03785752 -0.01208953 -0.00872051
-0.94377719 -0.07292738 0.01205437 -0.04206059 -0.01173914 0.00278351
-0.98093696 0.01192951 -0.04084935 -0.02039869 -0.01656924 -0.00154358
-0.96639134 -0.08412369 0.00131701 -0.01593830 -0.01043114 0.00607710
-0.85206762 -0.08392248 -0.03147543 -0.02170614 -0.00826708 -0.00570832
-0.89883700 -0.09047139 -0.00592353 -0.03734888 -0.01302947 -0.00185552
-0.92807584 -0.11404187 -0.01860329 -0.03310416 -0.00567126 -0.00158495
-0.84617242 -0.05004300 -0.00216037 -0.03151799 -0.00581423 -0.00750223
-0.83515786 -0.08974511 0.00357416 -0.03314831 -0.00562649 0.01023677
-0.85993662 0.00469489 -0.01229357 -0.01767806 -0.01019819 0.00393459
-1.02207519 -0.10857435 -0.01942790 -0.00829429 0.00419392 -0.00052909
-0.94983280 -0.08414874 -0.02871647 -0.02682288 0.00463573 -0.01105835
-0.96875459 -0.06881498 -0.01781788 -0.04004962 -0.00147490 -0.00603549
-1.03560269 -0.07995856 -0.02324006 -0.03312859 0.00788531 -0.00776444
-0.96032068 -0.02559118 -0.01220393 -0.03225638 0.00755270 -0.00586887
-0.93746439 -0.06045875 0.04547191 -0.03799917 0.00649764 0.00521464
-0.99946044 -0.00866006 -0.03618597 -0.01597777 0.00315785 0.00319197
-1.08232588 -0.13594696 0.00662233 -0.02134720 -0.01748178 0.01166765
-0.96467257 -0.13776492 -0.04355066 -0.02590894 -0.01442359 -0.00457328
-1.00562550 -0.13652050 -0.00384757 -0.04167285 -0.02070318 0.00090868
-1.03586257 -0.18322274 -0.00158138 -0.03702368 -0.01266812 0.00169233
-0.96225426 -0.09869920 -0.00412601 -0.03618991 -0.01383727 -0.00255127
-0.92520535 -0.14149633 -0.00739302 -0.03827823 -0.01320356 0.01409063
-0.97981676 -0.02075348 -0.02196912 -0.02109884 -0.01717149 0.00949660
-0.82516626 -0.02957854 0.01999689 0.00125846 -0.01589591 -0.01115672
-0.71259111 -0.05311690 -0.02582331 0.00986474 -0.01199702 -0.01530118
-0.74031852 -0.03979933 -0.00022853 -0.00902511 -0.01717274 -0.01508434
-0.77751145 -0.09186321 -0.00168923 -0.01432409 -0.01161186 -0.01637396
-0.67613952 -0.06186884 -0.01793941 -0.00168312 -0.01317853 -0.02867126
-0.68426251 -0.10129034 -0.05363618 -0.00408565 -0.01598818 -0.00717069
-0.67975201 0.01712447 -0.04527040 0.00607251 -0.01636755 -0.00995088
-0.47412463 -0.02753947 -0.04653432 0.00496491 0.01956128 -0.01557907
-0.39890997 0.02840330 0.05664161 -0.00430613 0.02000121 -0.01500037
-0.33004463 0.02402932 0.06201722 -0.01374255 0.01694668 -0.02375521
-0.48872221 0.05249736 -0.02195686 -0.01244563 0.01870488 -0.01879457
-0.38398806 0.04866227 -0.03999537 -0.00341908 0.01868356 -0.02023288
-0.47561992 0.02677839 0.04797659 -0.01157705 0.01662640 -0.00448450
-0.42014398 0.09579525 -0.01800683 0.00765275 0.01379241 -0.00985909
0.00080753 0.28500171 0.00233244 0.00705126 0.01039095 -0.04661009
0.08785698 0.27164033 0.08373890 0.01178541 0.00737324 -0.03714082
0.11288827 0.26555039 -0.00012005 -0.00873925 0.00687161 -0.03097657
0.07014510 0.25289573 -0.10278070 0.00027827 0.00483214 -0.04612780
0.10980488 0.30543217 0.08356286 0.00120894 0.00830494 -0.03210567
0.04658459 0.29121710 0.14141632 -0.00044012 0.00714089 -0.03496699
0.09918677 0.30752905 0.01712651 0.02000763 0.00697183 -0.03724388
0.16475074 0.35960793 0.03178400 0.02148458 0.00742628 -0.07458919
0.23988735 0.32408778 0.12487148 0.03216450 0.00724063 -0.05975407
0.28356833 0.25373682 -0.01636449 0.01398251 0.00358396 -0.05029265
0.26100509 0.26178099 -0.08715983 0.01979907 -0.00131107 -0.05749122
0.21253183 0.41534796 0.15409495 0.02279580 0.00999101 -0.04633028
0.22975164 0.34538630 0.13342315 0.02096037 0.00834834 -0.05405659
0.22289008 0.33994820 0.07825069 0.04442499 0.00597078 -0.06159952
0.70581347 -0.03945915 0.07705562 -0.01197659 0.01661168 0.03698172
0.71103163 -0.04769832 0.04693379 -0.00333473 0.01951911 0.02703679
0.72052971 -0.04357475 0.02642226 -0.01738681 0.01655803 0.03862209
0.78472003 -0.03400856 0.06434991 -0.01743526 0.01660425 0.02834235
0.70293367 -0.02656380 0.02350726 -0.01162022 0.01888979 0.03575055
0.69956884 -0.00718268 0.04314695 -0.01047511 0.01256640 0.02403709
0.64877763 -0.04060308 0.00605708 -0.00759159 0.01833604 0.03216885
-0.21925202 -0.15002292 -0.12239374 -0.00645353 0.00986066 -0.00075870
-0.18574588 -0.02441649 0.05635889 -0.00967478 0.00843454 0.00374059
-0.08730456 -0.13550098 0.04269029 -0.01069176 0.00651319 -0.00321481
-0.26449831 -0.08398362 0.01879208 -0.01168035 0.00505382 -0.00040303
-0.18595129 -0.13982007 -0.07992394 -0.00592949 0.00670636 -0.00096512
-0.29504394 -0.07908227 -0.07337761 -0.01355835 0.00376778 0.01092967
-0.17059958 -0.00885389 0.05766412 -0.00430218 0.00898919 0.00007467
0.03349638 0.16327441 -0.00090663 -0.00937738 0.00286135 -0.01103071
0.12279892 0.12167726 0.01149492 -0.00615273 0.00004857 -0.00822853
0.07820351 0.07594022 -0.03094999 -0.01675456 0.00222524 -0.00572970
0.09141824 0.12913126 -0.06326451 -0.01506208 0.00001523 -0.01968856
0.16338659 0.13393091 0.06418882 -0.01277029 0.00117142 -0.01067088
0.05657400 0.18185481 0.04440735 -0.01249753 -0.00217558 -0.00521375
0.12348239 0.16519219 0.03085901 -0.00123294 0.00321249 -0.01397573
0.14014564 0.30541664 0.01477148 0.00545865 0.00562863 -0.04805545
0.22268470 0.28828472 0.10819605 0.01353959 0.00308873 -0.03713781
0.23641035 0.21567188 -0.01275257 -0.00429276 0.00189986 -0.02862028
0.22056514 0.23748890 -0.09962980 0.00316325 -0.00268033 -0.04415202
0.20387545 0.34086555 0.12264138 0.00258454 0.00514305 -0.02875990
0.18190121 0.30160762 0.12665628 0.00467072 0.00326130 -0.03408515
0.20235145 0.30701324 0.06033568 0.02326322 0.00348495 -0.04292585
0.03662488 0.16603075 -0.00732120 -0.01221377 0.00283349 -0.00915140
0.12226807 0.12558114 0.00826756 -0.00963099 0.00012947 -0.00700874
0.07258544 0.06882655 -0.02074662 -0.02029854 0.00236491 -0.00399626
0.07912048 0.11700718 -0.07461233 -0.01771369 -0.00043144 -0.01799308
0.13310816 0.11506151 0.05824303 -0.01576841 0.00089465 -0.00752978
0.05289098 0.16514286 0.04472204 -0.01436644 -0.00199563 -0.00489072
0.11819163 0.15917599 0.03817856 -0.00279767 0.00249699 -0.01250269
-0.20777008 -0.11933105 -0.09475240 -0.01962121 0.00687262 0.01394294
-0.14203938 -0.04635513 0.04670491 -0.02076854 0.00548723 0.01428669
-0.10096934 -0.10220397 0.02899050 -0.02664097 0.00523684 0.01058366
-0.23209726 -0.06675324 -0.01302038 -0.02824153 0.00122660 0.00934158
-0.16891334 -0.11529526 -0.06772181 -0.02049555 0.00349356 0.01017087
-0.24356337 -0.05391783 -0.02293153 -0.02499383 0.00161303 0.02085682
-0.15263246 0.00572744 0.02885969 -0.01402094 0.00507288 0.01061850
0.01717135 0.17738698 0.00297158 -0.00068448 0.00556071 -0.02002017
0.09061148 0.12840252 0.01569276 0.00336385 0.00388959 -0.01439196
0.04986836 0.08005747 -0.02668777 -0.00746677 0.00527947 -0.01490864
0.05515515 0.12377885 -0.05889182 -0.00626232 0.00355799 -0.02506948
0.11710920 0.13068603 0.06145810 -0.00263663 0.00401124 -0.01734623
0.02580455 0.16640574 0.03922766 -0.00351019 0.00078839 -0.01338802
0.08995267 0.15811000 0.04550347 0.00675221 0.00520683 -0.01850154
0.03026551 0.14668671 -0.00483953 -0.00997861 0.00382014 -0.01002572
0.09783633 0.10548178 0.01017294 -0.00643508 0.00164614 -0.00591233
0.05592365 0.04125732 -0.02716219 -0.01613978 0.00390221 -0.00514984
0.06106372 0.09821450 -0.05389849 -0.01534642 0.00090472 -0.01641697
0.11123297 0.09363355 0.05008219 -0.01146160 0.00232967 -0.00870587
0.03066268 0.14010186 0.02858344 -0.01121720 -0.00103309 -0.00532483
0.09294369 0.12927664 0.04788865 -0.00160695 0.00383553 -0.01207126
0.04644844 0.19680254 -0.00614218 -0.00846969 0.00302655 -0.01711137
0.13457704 0.15312921 0.02181750 -0.00454826 -0.00000029 -0.01201136
0.09513905 0.09364163 -0.02292925 -0.01675467 0.00209271 -0.00866131
0.10364847 0.13718220 -0.08098992 -0.01339272 -0.00017160 -0.02436689
0.16638063 0.17022343 0.07897875 -0.01208159 0.00163146 -0.01317444
0.07259291 0.19965826 0.05197980 -0.01032682 -0.00138814 -0.01082381
0.13918445 0.19012351 0.04291242 0.00095399 0.00329978 -0.01941066
0.04104693 0.16300501 -0.00342511 -0.01103847 0.00201785 -0.01103775
0.12610159 0.11729054 0.00933709 -0.00732070 -0.00081462 -0.00668756
0.07646719 0.05743016 -0.03410162 -0.01720189 0.00160339 -0.00433922
0.09320481 0.11259956 -0.06261577 -0.01516366 -0.00029559 -0.01840659
0.16641341 0.12943305 0.06370636 -0.01330351 0.00084495 -0.01061105
0.06179864 0.17578464 0.02568869 -0.01226116 -0.00279792 -0.00508499
0.12688464 0.15154398 0.04177219 -0.00252413 0.00312864 -0.01444759
0.02914641 0.18009217 0.00114055 -0.00552717 0.00414997 -0.01657548
0.11423068 0.13293073 0.01401660 -0.00163093 0.00155804 -0.01229569
0.06911205 0.08462343 -0.02930494 -0.01216592 0.00339912 -0.01023861
0.08150838 0.13159435 -0.06863070 -0.01014506 0.00198287 -0.02380705
0.15586981 0.14631445 0.07022738 -0.00789572 0.00261121 -0.01525290
0.05066130 0.18833417 0.03866998 -0.00817064 -0.00080196 -0.00990067
0.11802234 0.16846597 0.03813664 0.00250870 0.00465413 -0.01745457
0.04516777 0.17108658 -0.00039449 -0.00891450 0.00335775 -0.01347750
0.12429325 0.12681006 0.01027594 -0.00500867 0.00065865 -0.00940807
0.07356979 0.06880849 -0.03247908 -0.01549560 0.00253009 -0.00690498
0.09130447 0.12196528 -0.06849604 -0.01325886 0.00064706 -0.02115780
0.15911162 0.13416411 0.06826805 -0.01133513 0.00195672 -0.01182839
0.06067708 0.17604463 0.03542420 -0.01144295 -0.00159466 -0.00823110
0.09640727 0.13259552 0.02538298 -0.00172873 0.00380026 -0.01321230
0.08351449 0.06558220 0.00029076 0.00075400 0.00243314 -0.00400910
0.02495676 -0.03132133 -0.05064594 -0.00584171 0.00426466 -0.00539076
0.04734335 0.06863509 -0.01543077 -0.00558286 0.00175206 -0.01338363
0.07486052 0.01847765 0.03780094 -0.00011636 0.00137780 -0.00865846
0.02719886 0.06016891 -0.01149053 -0.00459345 -0.00176703 -0.00503619
0.07410080 0.03972054 0.07717564 0.00200724 0.00499668 -0.01039873
