0.01559649 -0.07234282 0.00808800 -0.01115815 0.01477112 0.00693584
-0.01015285 -0.04554677 0.01131864 -0.02736956 0.01866636 -0.00210016
0.04184260 -0.08412582 0.01735511 -0.00839114 0.01599824 -0.00315190
0.00640910 -0.11200401 0.01196900 -0.01971180 0.01845565 0.00226084
-0.00643262 -0.09474576 -0.00147971 -0.00794172 0.01867233 0.00014489
0.00540661 -0.07805525 0.00768604 -0.01334364 0.01697297 0.01340707
0.01159091 -0.03932320 0.01520717 -0.00283835 0.01506332 0.00129671
0.05726183 -0.01746400 0.02297550 0.00165757 0.00795411 -0.00063099
0.02565725 0.01038746 0.02415893 -0.01534727 0.01175279 -0.00921222
0.08434624 -0.01393629 0.03457983 0.00398065 0.00961585 -0.01289921
0.06615732 -0.05456623 0.03955218 -0.00445879 0.01120871 -0.00451584
0.04551724 -0.03652075 0.01501613 0.00480679 0.01154907 -0.00604432
0.04944969 -0.01954651 0.04090983 -0.00212517 0.01121341 0.00614322
0.06753222 0.01388393 0.04311170 0.01010903 0.00845022 -0.00282024
0.03577938 -0.00410751 -0.00718568 0.00114206 0.00942445 -0.01077603
-0.00497419 0.01308309 -0.02490860 -0.00989071 0.01171152 -0.01878094
0.09236949 0.01095922 0.00984940 0.00530077 0.00816336 -0.02070756
0.04636185 -0.02777620 0.04117574 -0.00235460 0.00993417 -0.01196444
0.07112261 -0.00871730 0.00210480 0.00723528 0.01188379 -0.01705840
0.07375354 0.01447454 0.00398458 -0.00135060 0.01011185 -0.00886158
0.05590884 0.03760434 0.00767563 0.00820094 0.00875913 -0.01299035
-0.08582342 0.03938125 -0.00981358 -0.02864055 0.01561662 0.00521727
-0.11886610 0.03445774 -0.02865812 -0.04265079 0.01818332 0.00070058
-0.03034960 0.00884124 0.01874915 -0.03359244 0.01525339 0.00917213
-0.05124132 -0.01728691 0.04964177 -0.03844089 0.01672424 0.00666303
-0.01979211 -0.00562440 0.01540805 -0.02959516 0.02040934 0.01002148
-0.01031416 -0.00824483 0.00895826 -0.03170910 0.01564679 0.01047276
-0.03463729 0.00936360 -0.00327499 -0.02338968 0.01809807 0.00904848
0.02638804 0.03680817 0.02743503 -0.02040225 0.01596330 0.00787492
-0.01545643 0.04540949 -0.01960107 -0.03124534 0.01818704 0.00065997
0.06768300 0.03479072 -0.00968971 -0.02058692 0.01531037 0.01245714
0.01778017 -0.00254772 0.07990158 -0.03126391 0.01589229 0.00878958
0.07327265 0.00607910 0.00134330 -0.02194252 0.01958517 0.01049313
0.07403804 0.00074582 0.01796141 -0.02489488 0.01521479 0.01339234
0.03914061 0.00769307 -0.01820974 -0.01706183 0.01628594 0.01425333
-0.03066302 -0.04662780 -0.01332755 0.00757016 0.02438461 0.01403328
-0.09231517 -0.06238414 -0.03480689 -0.00672170 0.02826217 0.00365278
-0.01095196 -0.08065169 -0.02386559 0.01349220 0.02595649 -0.00357685
-0.05476370 -0.15454184 0.04656528 0.00100348 0.02806960 0.00918747
-0.03882036 -0.14285183 -0.01489349 0.00687742 0.02771331 0.00362421
-0.02012629 -0.09741100 -0.02960504 -0.00553968 0.02902939 0.02208827
-0.00954356 -0.10499439 0.01124430 0.01357837 0.02241585 0.01281844
-0.02633535 -0.27688550 0.02883140 0.01800823 0.01713100 0.03945541
-0.05986299 -0.26247690 0.01187016 0.00473106 0.03322858 0.00621840
-0.02175549 -0.27708061 -0.00377086 0.00900278 0.02465576 0.02213169
-0.10972747 -0.32590318 0.03480350 0.00973593 0.03269810 0.03446533
-0.07063835 -0.27839627 -0.01415865 0.01985753 0.02306337 0.02683535
-0.05975942 -0.26265066 0.03492025 0.02218931 0.02402160 0.03076347
-0.00676046 -0.18648881 0.01428377 0.00752289 0.02245676 0.00357089
0.03668094 -0.13621124 -0.00715844 -0.00135038 0.01937939 0.01089789
0.03957035 -0.11462457 -0.04808963 -0.02019497 0.02710532 0.00195793
0.06756331 -0.15042130 -0.02804879 -0.00026219 0.02268359 0.00670871
0.00416419 -0.22368316 0.02571710 -0.01641770 0.02687501 0.01509364
0.00977385 -0.19185683 -0.01277107 -0.00234888 0.02329793 0.00689120
0.03946446 -0.19124161 -0.00617445 -0.00445538 0.02189792 0.01321555
0.03945730 -0.12852942 -0.01937629 -0.00286484 0.02009045 0.00526534
0.00744539 -0.14773114 0.00560600 0.02101907 0.00381555 0.01559844
0.01015547 -0.13677385 -0.02490436 0.00719988 0.01194650 -0.00958932
0.03915790 -0.19662865 -0.01927598 0.02062213 0.00677757 0.00369063
-0.05701452 -0.25729029 0.06525856 0.00983443 0.01020428 0.01364699
-0.04667802 -0.22977345 0.00225405 0.02175339 0.00487799 0.00763068
0.01692213 -0.19687798 -0.00911394 0.02190956 0.00694816 0.00941918
0.02093896 -0.14735703 0.01902906 0.01413107 0.00611478 0.00201510
0.03814191 -0.17284792 0.00468905 0.02341020 0.00056552 -0.01025095
-0.00209168 -0.16213713 -0.05853203 0.01053603 0.00715439 -0.03406093
0.08086768 -0.21702323 -0.01148216 0.02387092 0.00092587 -0.02751763
-0.05095125 -0.23799889 0.05481902 0.01675930 0.00579272 -0.01124309
-0.00970353 -0.24089733 -0.01788283 0.03003917 0.00085432 -0.02039118
0.02665078 -0.19252997 -0.02985477 0.02502868 0.00232240 -0.01566786
0.01240985 -0.12085724 -0.01312286 0.01540872 0.00232900 -0.02579637
0.07657184 0.04726798 0.00388051 -0.00570517 0.01085735 0.02148196
0.07959329 0.05803011 -0.04501463 -0.02384915 0.01260526 0.00997154
0.13544741 0.02668087 -0.03705354 -0.00836306 0.01182209 0.01698336
0.05239908 -0.02924630 0.02741505 -0.02174561 0.01183831 0.01806956
0.09178299 -0.02309894 -0.00772539 -0.01179281 0.01296172 0.01716466
0.08380616 -0.04718019 0.00604864 -0.02105473 0.01093810 0.02520830
0.12123016 -0.01222041 0.00577549 -0.00495074 0.00923866 0.02620231
-0.02005368 -0.17256025 0.04663667 0.03395905 -0.01036002 -0.01135235
-0.05895373 -0.18225435 0.01858053 0.02372659 -0.00263025 -0.03931465
0.01387467 -0.24452176 0.05819694 0.03572504 -0.00925978 -0.02809841
-0.07490058 -0.26734184 0.11096445 0.03163029 -0.00227203 -0.01501948
-0.05224025 -0.25340389 0.02277729 0.04273973 -0.01142274 -0.02229866
-0.03355237 -0.21989360 0.03782037 0.04479947 -0.00769365 -0.02038983
-0.01042697 -0.13130919 0.04594545 0.02442652 -0.00627660 -0.03041024
-0.31297557 -0.24546467 0.01052543 -0.02934710 0.04835049 -0.01389113
-0.34926791 -0.21271883 0.06431127 -0.03426371 0.06311882 -0.01387352
-0.20713743 -0.21020871 0.03764921 -0.02767949 0.05506048 0.00506205
-0.24537008 -0.16730290 0.09953306 -0.03758257 0.06642416 0.00319723
-0.20540906 -0.17835138 -0.00395036 -0.02046725 0.05941265 -0.01422960
-0.22169363 -0.13235580 0.07532177 0.00000581 0.05182917 -0.01026509
-0.26117884 -0.07329651 0.00423996 -0.03171980 0.05488243 -0.03187483
-0.19935274 -0.00489990 -0.02064873 -0.01975463 0.05581373 -0.02175618
-0.24341343 0.02461075 -0.03216467 -0.03558059 0.06070496 -0.00890711
-0.11324842 0.01024886 0.02492716 -0.01489732 0.05641026 -0.01792894
-0.16153757 0.00601538 0.02043276 -0.02531385 0.06124687 -0.01645703
-0.12475729 -0.00787154 -0.03054748 -0.02562166 0.06413948 -0.01386235
-0.09030101 0.01994673 -0.01691585 -0.01374063 0.05572097 -0.01085487
-0.15390919 0.00323866 -0.01237483 -0.01524315 0.05493782 -0.02217820
-0.41044898 0.16638061 -0.04564672 -0.05376145 -0.03676193 -0.00684564
-0.41413747 0.20553665 -0.02528643 -0.08022868 -0.03074434 0.00780264
-0.36150429 0.16923651 -0.07533448 -0.04842545 -0.02867454 0.00061924
-0.45597631 0.17348990 0.10306538 -0.06043937 -0.03910572 0.00234321
-0.43902416 0.05875400 -0.08505023 -0.06639547 -0.03397777 0.03148667
-0.41192330 0.09657241 -0.06655712 -0.05970053 -0.02684886 0.02241952
-0.35471126 0.16667906 -0.09343362 -0.06409910 -0.03404189 0.02144111
-0.59926126 -0.02387737 -0.00311383 -0.07743702 -0.04523646 0.02720634
-0.55053417 0.01904215 0.06630295 -0.06589002 -0.04367710 0.03339649
-0.54620478 0.02313781 0.16688053 -0.08059838 -0.05234236 0.03550794
-0.45556542 -0.03219665 0.16695846 -0.06298738 -0.04057630 0.00803768
-0.41763853 0.02292442 0.06350393 -0.05778068 -0.03762896 0.02558590
-0.43554597 -0.08825196 0.15855957 -0.05622324 -0.04127001 0.03621437
-0.36464758 -0.04889469 0.13211528 -0.06410602 -0.04162338 0.01565634
-0.27629677 -0.11842661 0.04697153 -0.05906785 -0.01597973 0.00509589
-0.29384827 -0.14572764 0.03519069 -0.04865116 -0.01030304 0.01202129
-0.25173973 -0.15352167 0.08763887 -0.07009407 -0.01156245 0.05618880
-0.17578997 -0.06164747 0.08723191 -0.06740438 -0.01080829 0.02411934
-0.15309653 -0.06026983 0.04185841 -0.06812201 -0.00757220 0.02496302
-0.16842794 -0.07510230 0.09513126 -0.04172500 -0.02185641 -0.00339824
-0.20119905 -0.10296459 -0.04350782 -0.06163253 -0.00503839 0.01475874
-0.67861706 -0.12078644 0.00541572 -0.06499745 -0.06992373 -0.02758436
-0.65661713 -0.15432747 -0.06718700 -0.04084620 -0.06744241 -0.01737427
-0.63432775 -0.21036442 0.01953415 -0.08173972 -0.06833163 0.02426004
-0.59482198 -0.14509063 0.00926853 -0.06573240 -0.06811650 -0.01000565
-0.49261972 -0.08366974 0.01038624 -0.06074148 -0.06351302 -0.00495078
-0.50299771 -0.13245488 0.10652157 -0.05333891 -0.07546363 -0.03214524
-0.48356734 -0.15242881 -0.08934945 -0.06141331 -0.05304574 -0.01642478
-0.56277875 -0.00497252 0.00640726 -0.06262195 -0.06907552 0.00731641
-0.61217528 0.06514850 -0.01565507 -0.07219562 -0.06845832 0.01750960
-0.55716850 0.02813666 0.01129626 -0.07538952 -0.06931702 0.03216149
-0.57047416 -0.00396814 0.09282821 -0.06625447 -0.07405414 0.01739610
-0.49500570 -0.00250912 0.01342158 -0.07610739 -0.07059689 0.03514722
-0.44427976 0.01168373 0.05477783 -0.06850877 -0.06981671 0.00447588
-0.44293221 -0.05195722 -0.06268983 -0.07439179 -0.06139830 0.01947454
-0.71748577 -0.04779879 -0.02804401 -0.03753558 -0.05782252 0.00111838
-0.74254937 -0.04347348 -0.01020995 -0.02170735 -0.06195281 0.00380982
-0.65884374 -0.09752437 0.08325612 -0.04535168 -0.06545224 0.03411365
-0.60640838 -0.05246887 0.05431247 -0.02838341 -0.06151530 0.00037852
-0.55061750 -0.00659541 0.09041918 -0.03454283 -0.05469905 0.00153324
-0.53139396 -0.03647149 0.09776222 -0.02940809 -0.06330594 -0.00283120
-0.54434758 -0.09388139 -0.00813505 -0.03700356 -0.04971848 0.00335875
-0.79865798 -0.25980093 0.02408977 -0.06969854 -0.04567248 0.00898781
-0.75389713 -0.24732120 0.05426943 -0.05233447 -0.04550537 0.01750471
-0.66423237 -0.26241407 0.09197352 -0.07824698 -0.04921902 0.03691046
-0.61171975 -0.20198278 0.08363766 -0.06787189 -0.03813680 0.00571204
-0.62293656 -0.10539287 0.10962104 -0.05918622 -0.03668622 -0.00315103
-0.53704612 -0.12900353 0.13032195 -0.05354881 -0.04739412 0.00026933
-0.54212704 -0.21062247 0.03216447 -0.06629869 -0.03700728 -0.00754878
-0.86516470 -0.48985828 0.00102737 -0.09585426 -0.00653483 0.04150302
-0.82679950 -0.52709386 0.05847362 -0.07859183 -0.00163225 0.04985434
-0.70465796 -0.57704780 0.07183153 -0.09033747 -0.00466538 0.09264613
-0.65652154 -0.46879213 0.07495997 -0.10244389 0.00615012 0.05490461
-0.66080295 -0.39501928 0.13042444 -0.09270893 0.00338702 0.03347355
-0.62159099 -0.38589239 0.12658849 -0.06995846 -0.00873417 0.01563546
-0.63036814 -0.43905225 -0.02334717 -0.09773907 0.00075395 0.02580922
-0.71112111 -0.26964514 0.00094743 -0.06451058 0.00450170 0.01001861
-0.66423789 -0.32619122 0.12009580 -0.05189981 0.01284930 0.01544154
-0.56062456 -0.33215646 0.18388234 -0.06319955 0.00294486 0.02386379
-0.52227341 -0.27261334 0.15797503 -0.05641370 0.02355259 0.00573297
-0.50880440 -0.13919880 0.09830787 -0.04537264 0.02127924 -0.00970086
-0.47999553 -0.25333660 0.11659600 -0.04016501 0.01076151 0.00969143
-0.48281830 -0.19714877 0.10904103 -0.05417497 0.01046765 -0.01723498
-0.45192726 -0.13942130 -0.13961405 -0.07808656 0.24534609 -0.09512437
-0.44097047 -0.09032625 -0.09445992 -0.09002568 0.26288059 -0.01054643
-0.24485800 -0.08078245 -0.06622656 -0.08914554 0.26395408 -0.00202953
-0.25492948 0.07871917 -0.08648480 -0.09241310 0.28497003 -0.04321172
-0.29618153 -0.01121354 -0.08047837 -0.12841651 0.27152873 -0.03467447
-0.25863830 0.15625924 -0.15163984 -0.03010395 0.24497176 -0.06934704
-0.31119768 0.01845592 -0.17228341 -0.10326219 0.24943024 -0.09884204
-0.03385516 -0.16084285 -0.05839877 -0.07002316 -0.06133911 0.11306176
-0.05343297 -0.12254161 -0.04169908 -0.06629065 -0.06448319 0.10984783
-0.01585414 -0.11977135 0.04829735 -0.07791403 -0.07045703 0.10630023
0.09264190 -0.16918629 0.11262207 -0.05820152 -0.06581479 0.09290888
0.03648787 -0.10650402 0.03328511 -0.08216873 -0.05720610 0.10123769
0.09167649 -0.13034266 0.02013985 -0.07824976 -0.06025531 0.10743710
0.07090009 -0.14082671 0.04554083 -0.07255614 -0.05942101 0.10137234
-0.63737184 0.04704235 -0.01413530 -0.03028299 -0.06798932 -0.02304496
-0.66075578 0.02004472 0.08372203 -0.04103208 -0.06559740 -0.02980885
-0.67885339 -0.00563145 -0.06874336 -0.03966915 -0.06071653 0.00105496
-0.61931510 0.08583141 0.06867486 -0.03507360 -0.07152357 -0.01281169
-0.65467924 0.08881656 -0.03503625 -0.03294609 -0.06850799 0.00316975
-0.60145870 0.04955488 0.04981697 -0.04049331 -0.06830002 -0.02588786
-0.58335207 0.14778475 -0.06049237 -0.03559018 -0.05627395 -0.00202074
-0.75726293 -0.09217033 -0.05697604 -0.05792812 -0.06431901 -0.12545972
-0.74917749 -0.07926212 -0.08564982 -0.07060802 -0.06516919 -0.11513215
-0.68281874 -0.13854381 -0.14464811 -0.06354996 -0.05790086 -0.11225405
-0.80195904 -0.09911258 -0.04935496 -0.04445359 -0.06732069 -0.10455734
-0.67860387 -0.16286002 -0.10103487 -0.05962327 -0.06446627 -0.09952449
-0.74697591 -0.18140927 -0.08969318 -0.05451311 -0.05975169 -0.12084895
-0.68136990 -0.15765179 -0.13944972 -0.05551351 -0.05431965 -0.10240113
-0.65038539 -0.49449451 -0.07796242 -0.06092571 -0.08816208 0.10719573
-0.63366607 -0.45171961 -0.13701980 -0.03411106 -0.08593834 0.09903744
-0.56065433 -0.48471440 -0.06040515 -0.07286974 -0.08888487 0.13835564
-0.52991834 -0.36931630 -0.11874979 -0.07882512 -0.08084308 0.11194512
-0.42693071 -0.33992942 -0.00760273 -0.08019086 -0.08215181 0.09630718
-0.45161635 -0.30488987 -0.03378973 -0.05413048 -0.09403615 0.06131669
-0.50521862 -0.33043716 -0.19461606 -0.08243066 -0.07504341 0.08517582
-0.29186361 -0.29134294 -0.08854977 -0.05596917 -0.07312753 0.11669563
-0.35991866 -0.19449752 -0.08393127 -0.03769075 -0.07436982 0.09706963
-0.24994425 -0.22583824 -0.02949683 -0.07487332 -0.07355099 0.16446798
-0.22367172 -0.12991848 -0.05880205 -0.07427647 -0.07482579 0.12747473
-0.10896618 -0.10799892 -0.03140862 -0.08525146 -0.07387567 0.11792731
-0.07806320 -0.03490368 0.02116274 -0.05636363 -0.08303974 0.07228794
-0.15982863 -0.11138248 -0.16071292 -0.08002770 -0.06008559 0.12126720
-0.62562406 -0.08899097 -0.07042728 -0.28129075 -0.17717909 0.33832653
-0.93947582 0.17300067 -0.06872217 -0.35485792 -0.16712560 0.32376554
-0.85493118 0.09929507 0.00076358 -0.31915421 -0.16782067 0.32187657
-0.74131444 0.07886449 -0.00781846 -0.35281138 -0.17703402 0.28650665
-0.74515015 -0.07684191 -0.02542051 -0.37010038 -0.17868982 0.35004754
-0.60425878 -0.00494495 -0.02546732 -0.32579868 -0.15508434 0.28207371
-0.63198894 0.16787022 -0.09694190 -0.32051606 -0.17197723 0.31949511
-0.88438101 -0.44588365 -0.11367107 -0.00957376 -0.04567175 0.06085643
-0.86778894 -0.49219608 -0.16079009 0.02435910 -0.04112276 0.04130068
-0.75565368 -0.54680649 -0.02728016 -0.01838411 -0.04417948 0.09396400
-0.77070810 -0.40980853 -0.09949215 -0.01576114 -0.03343429 0.05779314
-0.59332367 -0.35025120 -0.07588844 -0.02407711 -0.03580854 0.04528967
-0.67373827 -0.30419966 -0.03647755 0.02211961 -0.04925676 0.00456550
-0.66583335 -0.36757383 -0.24944624 -0.02649349 -0.02787315 0.02064552
-0.38206220 -0.42934585 -0.06159394 0.02801990 -0.01905805 0.08206038
-0.36586739 -0.35902612 -0.06101136 0.02753301 -0.00049416 0.04152110
-0.19448061 -0.39266601 0.00546882 0.02409749 -0.01645419 0.07518886
-0.26326668 -0.27576594 -0.02567160 0.02079017 0.00061079 0.06658669
-0.13358750 -0.21805154 -0.08589805 0.01923847 -0.00998804 0.05827061
-0.21115854 -0.17612392 -0.07651398 0.05167648 -0.01550161 0.04591667
-0.21791749 -0.05709696 -0.04987498 0.01051154 -0.00678969 0.02077817
-0.24687253 -0.26050607 0.07011851 0.02594797 -0.02580564 0.02631643
-0.26953176 -0.21298509 0.01914338 0.03060915 -0.01849060 -0.00713913
-0.21759011 -0.19442942 0.03459742 0.02937922 -0.02314770 0.02433306
-0.22179298 -0.22631314 0.07976645 0.02438014 -0.02119621 0.02651012
-0.18604642 -0.18568320 0.00899507 0.03264341 -0.02555677 0.02092090
-0.19543091 -0.16925812 0.04143265 0.03708833 -0.02458245 0.00530646
-0.25804173 -0.12613655 -0.01853290 0.01860625 -0.01571370 0.00511928
-0.08920734 -0.13162256 0.04969473 0.00837705 0.02872484 0.01464901
-0.07091552 -0.10624498 0.05693005 -0.00887582 0.03245721 0.00822634
-0.06688772 -0.14094389 0.04101532 0.01354157 0.02828512 0.00257163
-0.07536971 -0.19066770 0.11915934 0.00393763 0.03269954 0.01901579
-0.16143618 -0.15774151 0.03942594 0.00627260 0.03264230 0.01358076
-0.07969238 -0.13839481 -0.00183816 0.00515542 0.02817688 0.02626040
-0.07614705 -0.15122133 0.02124025 0.01166391 0.02859068 0.00915453
0.04189216 -0.15126323 0.02880679 0.04205128 -0.00354558 0.03166781
0.01523640 -0.09879725 0.02973524 0.03188295 0.00277609 0.00395067
0.03863757 -0.08828115 0.03081543 0.05061367 -0.00255825 0.01626673
0.04906538 -0.18379413 0.08834758 0.03800475 0.00201520 0.02739736
-0.02011491 -0.13816281 0.01385462 0.04348650 -0.00468758 0.02450825
0.02094900 -0.10393927 0.03064713 0.04199944 0.00012259 0.02752068
0.03870461 -0.05547191 0.01155921 0.03834068 -0.00015274 0.01473647
0.11645977 -0.01167935 0.06346265 0.03381630 0.02469535 -0.00119996
0.12357997 0.01561581 0.05444444 0.02253807 0.03087995 -0.01082874
0.10890049 0.01696809 0.03636400 0.02513382 0.02664242 -0.00577743
0.10018721 -0.02105662 0.08781494 0.02927183 0.03091811 0.00479909
0.04177442 0.02993675 0.03134990 0.03018118 0.02869439 0.00292090
0.09903232 0.00796297 0.06795773 0.03077694 0.02614599 0.00628810
0.08119109 0.02687829 0.04481470 0.03020194 0.02841111 -0.00553377
0.02526389 -0.05497501 0.01946627 0.00749607 0.02090218 0.00413533
-0.00295780 -0.00086709 -0.02000035 -0.00472327 0.02287149 -0.00164802
0.04382103 -0.00368102 0.00509945 0.00892644 0.02112376 0.00066584
0.01525647 -0.06374555 0.03092178 -0.00028576 0.02443992 0.00905223
0.01339664 -0.01520768 -0.02161610 0.00435727 0.02346964 0.00376851
0.04067507 0.00708779 0.00966188 0.00259551 0.02090233 0.00968103
-0.00059393 0.00194053 -0.00431664 0.01068153 0.02103669 0.00194445
-0.06307431 -0.06332198 0.02925945 -0.00402454 0.03155793 0.00924249
-0.05744166 -0.02387512 -0.01839339 -0.00612377 0.02372951 0.01064524
-0.05733369 0.01785096 0.01435645 -0.00560006 0.02057705 0.00750397
-0.04453732 -0.02210725 0.01861113 0.00125721 0.02240184 0.00651882
-0.05647028 -0.01876280 0.00738788 -0.00205114 0.02266250 0.00911212
-0.04983785 0.01127892 -0.00035309 0.00045745 0.02231461 0.00994147
-0.05002407 -0.01187091 -0.01267335 -0.00298089 0.02159135 0.01318779
-0.04504779 0.01310023 0.00376572 0.01234350 0.00767060 0.01571070
