0.04279737 -0.07804477 0.03669061 0.00001236 0.01346718 0.00621972
0.04551356 -0.07154811 0.02544436 -0.01964746 0.01533791 0.00301950
0.08773050 -0.06732731 0.01866260 -0.00414885 0.01328152 0.00547416
0.05473242 -0.12519481 0.06962395 -0.01371058 0.01764689 0.01046611
0.03253214 -0.10273025 0.01022278 -0.00514902 0.01572811 0.00544139
0.05541522 -0.07107659 0.02840279 -0.00850103 0.01244975 0.01494342
0.04729515 -0.09016807 0.01850040 -0.00065350 0.01309407 0.00536015
0.06909818 -0.01434722 0.02559109 0.01387688 0.00870737 0.00335329
0.06461127 0.02592450 0.00730011 -0.00209175 0.00909233 -0.00326720
0.09740478 0.01739510 0.01125455 0.01226873 0.00777101 0.00006532
0.06943879 -0.03501843 0.04361584 0.00422424 0.00930838 0.00423287
0.06271751 -0.00771352 0.00598028 0.00966835 0.00987123 0.00293430
0.07249957 0.01328708 0.00990544 0.00372861 0.00807856 0.01156501
0.06440745 0.00098147 0.01737570 0.01775976 0.00767733 0.00557763
0.05818436 0.11733435 -0.04095944 0.01739668 -0.02215182 0.01228912
0.03074232 0.19285832 -0.11616112 0.01267866 -0.02720477 0.00857653
0.07557186 0.18886931 -0.03113221 0.01528806 -0.02950048 -0.00693242
0.05298201 0.12463571 -0.05496402 0.01210822 -0.02700953 0.00300783
0.11164363 0.12960246 -0.05615094 0.01142734 -0.02101716 0.00044442
0.14665730 0.16510757 -0.07385831 -0.00133270 -0.02485051 0.01300641
0.14424541 0.12658816 -0.05824050 0.01699519 -0.02479051 0.01457966
0.05823649 0.08996358 0.01710682 0.01314738 0.04258176 -0.02825141
0.04618054 0.09725180 -0.04258941 0.00182548 0.04467461 -0.02336460
0.11609110 0.09572457 -0.02979251 0.01192011 0.04218969 -0.02383205
0.04650811 0.07007783 0.03891584 0.00498178 0.04359843 -0.02032234
0.08221789 0.05811767 0.01158046 0.00429996 0.04570262 -0.02007423
0.10126868 0.03398748 -0.00671764 0.00834298 0.04041371 -0.01849211
0.06569483 0.01590149 -0.03243918 0.01161492 0.04149725 -0.02331562
-0.09634953 -0.10209494 0.04547090 0.00585283 0.01817764 -0.00627165
-0.12299741 -0.06559020 0.02821877 -0.01407239 0.02169957 -0.01037385
-0.07645964 -0.06330417 0.00665097 0.00305406 0.01907394 -0.00913044
-0.09237361 -0.13074452 0.08291080 -0.00153393 0.02091387 0.00221260
-0.11732312 -0.09752017 0.00668975 0.00144366 0.02145734 -0.00063172
-0.09942003 -0.08419356 0.01129134 0.00152652 0.01723306 0.00297545
-0.10232163 -0.08328095 0.02715661 0.00960988 0.01773427 -0.00774526
0.06246743 0.00627301 0.02810322 0.00430935 0.01853425 0.01001069
0.04219852 0.05242260 -0.02084215 -0.01193733 0.01856096 0.00538853
0.08995275 0.04008112 0.00646959 0.00448649 0.01799357 0.00302661
0.07898251 0.00790013 0.02348616 -0.00499470 0.01893320 0.00813500
0.06208205 0.02307174 0.02682076 -0.00551162 0.02107596 0.00929378
0.06847130 0.02087970 0.00238460 -0.00711084 0.01811048 0.01765324
0.05507529 0.01954416 0.00153803 0.00777377 0.01649015 0.00793223
0.09498996 -0.01156990 -0.00686913 0.00738210 0.02093570 0.00725008
0.08151395 0.03896342 -0.05296578 -0.00957943 0.02039468 0.00549428
0.11946569 0.02091522 -0.01622669 0.00640707 0.02032322 0.00398194
0.09852257 -0.02173940 -0.00262999 -0.00401272 0.02242962 0.00945102
0.08553419 -0.00931259 -0.00915620 -0.00413146 0.02350455 0.00402322
0.10637064 0.00981010 -0.02210439 -0.00571485 0.02085847 0.01360161
0.08655599 -0.00968293 -0.03248292 0.00804147 0.01874405 0.00849385
0.39369572 -0.10560809 0.01773819 -0.03452219 0.02375127 0.02596703
0.38212106 -0.07767715 -0.01114164 -0.04435115 0.02837233 0.02628161
0.37532929 -0.13478192 0.03016288 -0.04323310 0.02731756 0.03540783
0.38709454 -0.13490859 0.02689791 -0.04789939 0.03355202 0.03851182
0.39308794 -0.08827804 0.00469584 -0.04388519 0.03050742 0.03050568
0.39956115 -0.12619248 0.05083993 -0.03518878 0.02678707 0.02872556
0.37758868 -0.14811623 -0.01641970 -0.03542604 0.02723532 0.01970942
0.48680075 -0.16217377 0.05507969 -0.05571496 0.04908002 0.06016508
0.51342763 -0.13272859 0.05673011 -0.06553380 0.05657642 0.06411617
0.50215770 -0.19926695 0.05026238 -0.06314784 0.05459347 0.07803112
0.54927446 -0.15292667 0.09620559 -0.07417041 0.06258828 0.07622775
0.50375503 -0.11635071 0.05256601 -0.07364306 0.05968996 0.06668668
0.55707157 -0.18053420 0.08797642 -0.05641091 0.05264439 0.06562968
0.51648039 -0.22215568 -0.02282198 -0.05813375 0.05321772 0.05934449
0.14365275 -0.23673212 -0.00108801 0.03453491 -0.03630434 0.06009129
0.13458146 -0.20831585 -0.04736980 0.02841306 -0.03001888 0.01891785
0.13325277 -0.23596231 -0.00340090 0.04056793 -0.03857026 0.03889723
0.10249711 -0.26230775 0.03391420 0.03288930 -0.03195650 0.04304821
0.09333222 -0.26318781 -0.01255945 0.03738559 -0.04048330 0.04554067
0.12895148 -0.18308429 -0.01975049 0.03627840 -0.03289066 0.04247812
0.12718403 -0.17155569 -0.01915589 0.02743843 -0.03108947 0.02903045
0.76502159 -0.14006980 0.07449925 -0.04222226 0.00262913 0.05905957
0.72703376 -0.11732734 0.04727977 -0.04199412 0.00778282 0.04353915
0.69581278 -0.16888395 0.05006156 -0.05589651 0.00923287 0.06987606
0.70014939 -0.13599706 0.08016850 -0.05596489 0.01275890 0.06677145
0.74570470 -0.09642512 0.00817618 -0.04848954 0.01265096 0.06201963
0.72980165 -0.16494129 0.09048345 -0.04990829 0.00951065 0.05465549
0.68524458 -0.12097462 0.02757406 -0.04596136 0.01184823 0.04665705
0.87907881 -0.04569259 0.10879129 -0.02483517 0.06268963 0.05661367
0.90795368 -0.04389944 0.11420152 -0.02444830 0.07314375 0.05151455
0.84545180 -0.08179890 0.10542322 -0.03491392 0.07248936 0.05960487
0.90453394 -0.06320559 0.09959477 -0.02184539 0.07752916 0.06072935
0.89885488 -0.02246199 0.03649683 -0.02721546 0.07824917 0.05806847
0.84565528 -0.07019431 0.12792220 -0.02633921 0.07188853 0.05421819
0.81723191 -0.04911867 0.05491064 -0.01931082 0.07137624 0.04739664
0.89204289 -0.00035464 0.12104879 0.01790088 0.06210980 0.05064301
0.87795123 0.01622981 0.09412107 0.01360582 0.07124075 0.03882135
0.88573620 -0.02194742 0.10157043 0.01674155 0.06898796 0.03544663
0.87775975 -0.01531598 0.12440090 0.02811950 0.07670977 0.04694977
0.89414150 0.03588645 0.01337677 0.01570043 0.07634144 0.04273390
0.85562192 -0.03525641 0.08070825 0.01751842 0.07493217 0.04313940
0.85860394 0.01860749 0.07520805 0.01414140 0.06809099 0.03247401
1.05293833 0.08838837 0.10067164 0.02638297 0.03702432 0.06483033
1.04941130 0.14867888 0.08168981 0.02074132 0.04218372 0.05046411
1.10644855 0.12088048 0.18621225 0.01211967 0.04341411 0.05567908
1.09969303 0.08054296 0.11208159 0.02855554 0.05201307 0.05830473
1.18035696 0.14767379 0.00622995 0.01805928 0.05201452 0.05697747
1.14573851 0.12928549 0.11249766 0.01519674 0.05521522 0.04684028
1.11918949 0.13371430 0.09461971 0.00581995 0.04821726 0.04401156
0.72215199 0.04740699 0.07507687 0.00469763 0.04049984 0.06364486
0.66771075 0.05894525 0.00717287 0.00380795 0.04522405 0.05485350
0.66472888 0.02679263 0.03664697 0.00024971 0.04531255 0.05365239
0.66061340 0.01571956 0.03973410 0.00864956 0.05343795 0.06267100
0.69542505 0.00814547 -0.04789297 0.00214790 0.05282903 0.05658424
0.68788789 0.03584133 0.02939413 0.00319333 0.05325263 0.06216508
0.64300053 0.05731735 0.02115350 -0.00482701 0.04625989 0.04853362
0.91292635 0.04903852 0.09435050 -0.01253513 0.05894249 0.07592723
0.91386192 0.06013120 0.07524795 -0.01291453 0.06502278 0.06854959
0.96467443 0.01025216 0.13366379 -0.01367276 0.06319970 0.07343238
0.97184852 0.00172871 0.12367527 -0.00446730 0.07367886 0.07400167
1.01364486 0.00768945 0.02384315 -0.01357302 0.07553973 0.07017179
1.00157656 -0.04130804 0.12132305 -0.01322183 0.07333527 0.07156835
0.99685498 -0.00494923 0.03449481 -0.01686049 0.06579045 0.06611937
0.50684605 -0.05148968 0.02705088 -0.01421814 0.03170446 0.07346645
0.44610459 -0.03854324 -0.02148077 -0.01351287 0.03663686 0.06007578
0.46182271 -0.06131074 -0.04631349 -0.01864243 0.03618750 0.08098605
0.43047234 -0.06529862 0.03315913 -0.03027641 0.04230198 0.07786058
0.50296202 -0.08852025 -0.04237582 -0.02317499 0.04022425 0.07064119
0.52204020 -0.10770887 0.03033699 -0.01410518 0.04018794 0.06647899
0.45966234 -0.05413990 -0.01576668 -0.03041850 0.03535856 0.06682037
0.58198038 -0.13802079 0.06866538 -0.01140865 0.05289477 0.05942948
0.50540823 -0.14174570 -0.03492671 -0.00988916 0.06339114 0.04795886
0.54873716 -0.18837482 -0.03678268 -0.01958627 0.06231502 0.06438633
0.49543533 -0.15595580 0.04956706 -0.02335653 0.06948499 0.06638663
0.59058756 -0.16530160 -0.05136204 -0.01412864 0.06561453 0.05515414
0.54675877 -0.14942621 -0.00594934 -0.00405519 0.05989885 0.05152785
0.50431404 -0.13405529 -0.06029273 -0.02640023 0.06071379 0.04371476
0.79435028 -0.07095597 0.07515869 0.00252718 0.08022377 0.06176818
0.77055603 -0.05468138 -0.01616860 0.00096093 0.09058858 0.05070667
0.80572806 -0.11196105 -0.02882515 -0.00220874 0.08884602 0.06851049
0.82228988 -0.11255173 0.05448100 0.00240349 0.09778100 0.06535482
0.88494234 -0.07890524 -0.01896519 -0.00272381 0.09633572 0.05583860
0.84069937 -0.07621150 0.03527333 0.00935489 0.09346623 0.04170173
0.80985785 -0.08309853 -0.06476016 -0.01023515 0.08868336 0.04218485
0.58945183 -0.02653601 0.08573676 0.00853620 0.05001392 0.04672028
0.55119772 0.01157002 -0.00207654 0.01456491 0.05611676 0.03375534
0.53622317 -0.05797986 0.01216356 -0.00333202 0.05687525 0.05323886
0.55200193 -0.03692163 0.07526013 0.01169494 0.06209870 0.05510825
0.60058624 0.00904159 -0.01529848 0.00405613 0.06065683 0.04702703
0.54558776 -0.04149377 0.05620940 0.01611218 0.05842745 0.03978858
0.49168494 0.01418362 0.02884506 -0.00243620 0.05868993 0.02900942
0.58454480 -0.02045216 0.02433772 0.02231582 0.04331353 0.06825674
0.53720821 -0.03100139 -0.01559509 0.01798125 0.05149696 0.04964897
0.51151458 -0.03649348 -0.05611575 0.00929421 0.05159541 0.05934067
0.51668223 -0.05455742 0.05706535 0.01486579 0.05488030 0.06685253
0.49109884 -0.03893016 -0.05627349 0.01420781 0.05256798 0.05368500
0.49711764 -0.04334840 0.00122552 0.02464328 0.05212694 0.05830143
0.46677105 -0.01344324 -0.00280539 0.01051140 0.04910184 0.05354362
0.16763590 -0.28310800 -0.03195779 0.05586948 0.01975132 0.08735976
0.07620465 -0.16476005 -0.10675744 0.04887446 0.03248869 0.03344711
0.18849242 -0.18455651 -0.08879202 0.04877165 0.02717139 0.06710337
0.13685122 -0.19211210 -0.03527156 0.04520982 0.03577796 0.05554737
0.19530496 -0.11915179 -0.09150914 0.03800043 0.02749577 0.06156492
0.19076305 -0.07744282 -0.07219000 0.06470692 0.03294220 0.05278111
0.25307920 -0.07845292 -0.02254049 0.02900170 0.02714787 0.04323300
0.21788601 -0.08965524 -0.00166052 0.03454391 -0.01267744 0.05772207
0.18766271 -0.06493990 -0.05569332 0.03083911 -0.00534609 0.01896410
0.20360038 -0.07417709 -0.01454076 0.03969451 -0.00988631 0.04243154
0.17398892 -0.10856226 0.07316460 0.02289149 -0.00689902 0.04021707
0.19269703 -0.08794513 -0.00793479 0.03114351 -0.01406349 0.04322146
0.21681571 -0.04849049 -0.03075290 0.03991120 -0.00761650 0.03587637
0.22388507 -0.00893329 -0.00505016 0.02020185 -0.00797500 0.03974692
0.12963829 -0.03248151 0.00096249 0.00434631 0.00478441 0.03054242
0.11870598 -0.00054526 -0.00850434 -0.01209685 0.01020763 0.01320286
0.13527877 -0.01720899 0.01305122 0.00260637 0.00568900 0.02024163
0.12484448 -0.05165527 0.05173956 -0.00673662 0.00900984 0.02328000
0.06619496 -0.02809109 -0.02172084 0.00053304 0.00604818 0.02004930
0.10834083 -0.07154969 0.00693686 -0.00053959 0.00833440 0.02924143
0.10433049 0.01687725 0.00223329 0.00222483 0.00599461 0.02731815
-0.01254196 0.01586615 -0.00710725 0.01707120 0.00959934 -0.01421493
-0.03787845 0.05013234 -0.01136047 -0.00136637 0.01261494 -0.01923649
0.04021431 0.03160044 0.02179945 0.01416056 0.00961852 -0.02525600
0.00664871 0.01590374 0.03783186 0.01349785 0.01056031 -0.01503690
0.01404000 0.02042839 -0.01532187 0.01955079 0.01232131 -0.01936350
0.03619248 0.03235402 -0.02289717 0.01112970 0.01122709 -0.00814275
0.00468913 0.05839044 0.01835415 0.02342567 0.01077818 -0.01267025
-0.16039561 0.01765071 0.02243062 0.01634836 0.02789088 -0.02830938
-0.19285904 0.01531303 0.03156383 -0.00080475 0.03437618 -0.03114052
-0.09711538 0.00395701 0.04749266 0.01323336 0.02961979 -0.03150764
-0.12610742 -0.03800658 0.10518466 0.01532409 0.03104979 -0.02611045
-0.15709225 -0.01328505 0.01935983 0.01995449 0.03138712 -0.02806293
-0.11487564 -0.02191487 0.02407229 0.01812989 0.02939762 -0.01986880
-0.12954704 0.00044628 0.02848825 0.01929165 0.02977020 -0.03081236
-0.29417876 0.00344926 0.02740625 -0.01005715 0.00267076 -0.02862291
-0.33596538 -0.01950818 -0.00170852 -0.01844013 0.00871462 -0.03751083
-0.21121643 -0.03774038 0.05267016 -0.01829682 0.00519829 -0.01776431
-0.21992419 -0.08614551 0.08638515 -0.01417527 0.00411837 -0.02393139
-0.22134762 -0.06103848 0.01909979 -0.00336464 0.00693874 -0.01938051
-0.16742703 -0.11171931 0.04546195 -0.00246056 0.00248129 -0.02630010
-0.18550970 -0.08692940 -0.01944553 -0.00258060 0.00894429 -0.02709969
-0.09979557 -0.09620224 0.04860075 0.02397356 -0.00454591 -0.00318667
-0.13049463 -0.06003154 0.00681584 0.01706390 0.00058435 -0.01888734
-0.08817995 -0.08445025 0.06465146 0.02454305 -0.00446094 -0.01128544
-0.08438657 -0.13851283 0.10159657 0.02346220 -0.00180091 -0.00253650
-0.11627778 -0.08435253 0.00747330 0.03182932 -0.00407990 -0.01007230
-0.06029819 -0.11265069 0.02526156 0.02711071 -0.00344112 -0.00500589
-0.08092700 -0.07873603 0.02838795 0.02872886 -0.00063564 -0.01566074
-0.18085331 -0.06002157 -0.00161781 0.00827987 -0.02441531 0.01525104
-0.20740636 0.00514763 -0.05162359 0.00864676 -0.01968640 -0.00807181
-0.13559265 -0.01452082 0.00715581 -0.00086678 -0.02251713 0.02196024
-0.11088767 -0.04569692 0.05259461 0.00298662 -0.02378702 0.01221676
-0.07265404 0.01107616 -0.00920485 0.01402348 -0.02322686 0.00996895
-0.06854987 -0.04004603 0.01975855 0.01411296 -0.02582546 -0.00224587
-0.09116339 -0.01980883 -0.01548040 0.00915221 -0.01665062 0.00404037
0.05556152 0.00577704 0.00406002 0.01801423 0.00142845 -0.01072386
0.01903343 0.01669181 -0.07277339 0.00622698 0.00383283 -0.02195868
0.10584342 0.02230761 -0.00329531 0.01122129 0.00375496 -0.01680037
0.05858628 -0.03115606 0.01640267 0.00694372 0.00480285 -0.01140970
0.10497256 -0.00782812 -0.04568827 0.01778573 0.00390485 -0.01748965
0.10392008 -0.00584215 -0.02975723 0.01283138 0.00408380 -0.01060214
0.07165645 0.01346544 -0.01949472 0.01993742 0.00510453 -0.01242471
0.07473729 0.10575013 -0.03310776 0.01926427 -0.00020266 0.00794791
0.04803200 0.10843656 -0.11521040 0.00680988 0.00091989 -0.00784283
0.09944792 0.10540889 -0.02411483 0.00947055 0.00111823 0.00216367
0.05858142 0.02946098 -0.00182534 0.00475356 0.00037884 0.00081913
0.12221059 0.03275610 -0.06846898 0.01469926 0.00078845 0.00148836
0.12620063 0.01338741 -0.03562246 0.00650528 0.00122028 0.00701231
0.09377849 0.05097518 -0.03297804 0.01903726 0.00284416 0.00902856
0.11754825 -0.06160949 0.00868682 0.01090091 -0.00421034 0.02557771
0.09026643 -0.01395571 -0.06180747 -0.00063975 -0.00195596 0.00898901
0.12319465 -0.00475840 -0.00116735 0.01311658 -0.00356848 0.02008337
0.10449938 -0.07982489 0.00423948 -0.00467369 -0.00115535 0.01921519
0.11622679 -0.05881890 -0.03178473 0.00637429 -0.00433314 0.01461550
0.13106799 -0.01541985 -0.01958819 0.00596530 -0.00105287 0.01907005
0.08303369 -0.03611027 -0.01867275 0.01256870 -0.00239350 0.02372166
0.06038011 -0.08497304 0.04373261 0.01479664 -0.00047121 0.02859343
0.04984857 -0.05048982 0.00732590 0.00288600 0.00456368 0.01168356
0.09400918 -0.05684572 0.03264279 0.01403915 0.00074553 0.02117478
0.06328890 -0.12949798 0.07865862 0.00241011 0.00492110 0.02242219
0.03614505 -0.08800559 -0.00826112 0.01197345 -0.00000361 0.01921594
0.07634293 -0.07049627 0.00885291 0.01326806 0.00345635 0.02556618
0.04498962 -0.05285875 0.02393823 0.01237422 0.00259372 0.02285379
0.05519764 0.05705198 0.05439954 0.02465787 -0.00278499 0.01696550
0.03510003 0.08154639 0.01965051 0.01210547 0.00138513 -0.00212478
0.09038205 0.10681759 0.05091580 0.02226776 -0.00054266 0.00826837
0.05765344 0.02681109 0.06178594 0.01126545 0.00185588 0.00683939
0.08111347 0.07264074 -0.00252024 0.02014563 -0.00009180 0.00820121
0.07708743 0.07349984 0.03271081 0.01951442 0.00190838 0.01342269
0.07182370 0.09776609 0.04611371 0.02387695 0.00110881 0.01380535
0.01983795 -0.03355164 0.02342230 0.01110618 -0.00136622 0.01385776
0.01057874 -0.01913741 -0.01845719 -0.00147073 0.00303147 -0.00149620
0.05870731 0.00188130 0.02420819 0.00840847 0.00074694 0.00294870
0.02894945 -0.07542305 0.03469332 -0.00236132 0.00377182 0.00783946
0.02184685 0.00348281 -0.03242555 0.01965069 -0.00500706 0.00687210
0.00328342 0.03348854 -0.00744582 0.00686714 -0.00448299 0.00541460
0.01735061 0.05048192 -0.00484778 0.02220530 -0.00462675 0.00272762
0.00258896 0.05137257 -0.01897151 0.01994844 -0.01182735 0.00194147
-0.03094845 0.08898652 -0.01162135 0.02205558 -0.01054890 -0.00130394
-0.01793543 0.07168296 -0.01826022 0.01068040 -0.00707526 0.01111910
-0.01582518 0.10442427 0.02205759 0.03101989 -0.01304059 0.01358705
