0.03378669 0.16542513 -0.00691859 -0.01222920 0.00282045 -0.01018804
0.12493622 0.12516068 0.01211923 -0.00895521 -0.00011475 -0.00736740
0.08107908 0.07280064 -0.02652870 -0.01999292 0.00197419 -0.00444890
0.09162695 0.12296700 -0.07241010 -0.01743571 -0.00031034 -0.01916589
0.15949804 0.13539603 0.06558677 -0.01574274 0.00131220 -0.00937855
0.05753325 0.18216783 0.04255503 -0.01513826 -0.00194483 -0.00542243
0.12519707 0.16842123 0.03171550 -0.00268640 0.00294404 -0.01385458
0.03481099 0.19647432 -0.00433841 -0.00701403 0.00415342 -0.01748737
0.12682261 0.15043233 0.02010734 -0.00304251 0.00157177 -0.01336155
0.09099972 0.10053366 -0.02573295 -0.01553620 0.00345674 -0.01027097
0.09561158 0.14170744 -0.07540033 -0.01237508 0.00162371 -0.02531230
0.16528081 0.16620455 0.07974494 -0.01080934 0.00301879 -0.01471094
0.06370161 0.20248964 0.05180806 -0.00988580 -0.00023068 -0.01163749
0.12838876 0.18896453 0.03718097 0.00191177 0.00436821 -0.01839259
0.05161878 0.21624520 -0.00244587 -0.00411566 0.00430673 -0.02385343
0.13382699 0.17165469 0.02738185 0.00068985 0.00196424 -0.01743330
0.10224253 0.11184308 -0.01724491 -0.01282753 0.00318538 -0.01340588
0.10591340 0.14524035 -0.08056651 -0.00894882 0.00092527 -0.02946143
0.16021542 0.18948533 0.08522016 -0.00784263 0.00303191 -0.01666437
0.07869488 0.21034529 0.06200365 -0.00588717 0.00025595 -0.01702882
0.14125333 0.20477012 0.04887521 0.00549545 0.00417642 -0.02393559
-0.06644553 0.18815512 -0.01239183 -0.00109470 0.01021572 -0.02245663
0.02799185 0.15919892 0.02508274 -0.00060889 0.00869536 -0.02096938
0.01735104 0.15392949 -0.01268274 -0.01654437 0.00868854 -0.01875311
-0.01526217 0.16621053 -0.08205975 -0.01295935 0.00786065 -0.02929049
0.06377668 0.17117534 0.06640926 -0.00786711 0.00915173 -0.01903555
-0.03133168 0.19359563 0.08418471 -0.01101932 0.00724419 -0.01630778
0.03158409 0.21342434 0.00632178 0.00881249 0.00773260 -0.01952924
0.47848664 -0.13947485 0.06220503 0.00677806 0.02305576 0.02944952
0.43403916 -0.13629442 0.04092484 0.01707191 0.02614369 0.02385225
0.45316484 -0.10289635 0.04628933 -0.00451470 0.02289694 0.03320123
0.47608342 -0.09662203 0.08056454 -0.00269229 0.02510177 0.02433782
0.46974525 -0.09951932 0.04093798 0.00417531 0.02403388 0.02833081
0.42787686 -0.06951064 0.03809000 0.00651309 0.01943100 0.02286767
0.39517194 -0.10072565 0.00624353 0.00238131 0.02378977 0.03227831
-0.01864151 0.15368574 -0.02343091 -0.01245067 0.00408091 -0.00734711
0.08995296 0.12916323 0.02711624 -0.01152768 0.00119141 -0.00519266
0.06863498 0.08851225 -0.00579290 -0.02242716 0.00256247 -0.00341737
0.04285292 0.13303327 -0.07643325 -0.02006483 0.00048404 -0.01610643
0.11495101 0.14357237 0.05250407 -0.01771183 0.00241418 -0.00684065
0.00862374 0.18243393 0.05002811 -0.01819093 -0.00042033 -0.00318251
0.08654298 0.19395251 0.02323419 -0.00371537 0.00321829 -0.01121811
-0.16198302 0.15713984 -0.03084433 -0.01041472 0.00890572 -0.01526529
-0.02313186 0.14783448 0.02499328 -0.01284487 0.00589754 -0.01663682
-0.03038287 0.16432669 -0.00109354 -0.02615740 0.00637111 -0.01405057
-0.07120098 0.17379666 -0.09489537 -0.02322865 0.00581885 -0.02160057
0.01719103 0.17139023 0.03445748 -0.01897561 0.00608151 -0.01436157
-0.08630526 0.19783406 0.09488480 -0.02045151 0.00550714 -0.00748273
-0.01696228 0.21491136 -0.02538874 -0.00230106 0.00541593 -0.01304726
-0.09040643 -0.04586434 -0.07890094 -0.01217708 0.00499204 0.00734735
-0.07163843 0.00547327 0.03337198 -0.01345905 0.00287688 0.01255461
-0.03079481 -0.07793835 -0.00917437 -0.01573679 0.00317672 0.00637690
-0.13941114 -0.02121567 0.00387221 -0.01406829 -0.00002423 0.00575526
-0.06351334 -0.10466438 -0.04817223 -0.00947910 0.00254195 0.00837619
-0.13686055 -0.01972550 -0.05453532 -0.01480002 0.00084319 0.01254760
-0.05911311 -0.01420608 0.06789686 -0.01046879 0.00604974 0.00341157
0.31294782 0.36811426 0.04476205 0.01992693 0.01045513 -0.06071838
0.41109025 0.34221780 0.13239329 0.02936579 0.01098330 -0.04968747
0.42919826 0.27812302 -0.00448879 0.01581125 0.00731877 -0.03829972
0.45478668 0.28024603 -0.08875757 0.01987394 0.00229503 -0.04954018
0.35949547 0.41448511 0.11175275 0.02015730 0.01208068 -0.03321494
0.38627233 0.34129292 0.12430845 0.01829827 0.01081168 -0.04483799
0.35966873 0.32982711 0.06470817 0.04279455 0.00792150 -0.05249696
0.72666600 -0.31134324 0.04412714 0.00016220 0.02253996 0.06408920
0.58503889 -0.28087560 0.05251237 0.01192149 0.02646780 0.05383268
0.63751020 -0.21979149 0.07062983 -0.01241165 0.02226378 0.07219134
0.67459628 -0.24747234 0.09779193 -0.00616293 0.02641969 0.05950580
0.66825882 -0.25400231 0.05770933 -0.00202822 0.02482799 0.06656556
0.58424626 -0.19118175 0.04633565 0.00757237 0.01996662 0.05119537
0.61364524 -0.22302318 0.03610991 -0.01348756 0.02421339 0.06203290
1.02501132 -0.11246501 0.08825699 0.00287332 0.02732739 0.04715865
0.96732922 -0.13921402 0.03830803 0.01122614 0.03458034 0.03588942
1.02011450 -0.07339103 0.07853132 -0.00352385 0.03100201 0.05185734
1.10778257 -0.13729406 0.09947442 0.00136691 0.03408300 0.03758360
1.05832845 -0.10272736 0.05124226 0.00085113 0.03231098 0.05046285
0.97870544 -0.08239458 0.03514742 0.00278443 0.02793785 0.03197225
0.94285592 -0.10703810 0.02856422 -0.01119230 0.03366008 0.04557765
0.30963471 -0.18644854 -0.01288597 -0.01839305 0.00205818 0.04143061
0.17481396 -0.15370572 -0.00142359 -0.02059667 -0.00262235 0.03983030
0.25340632 -0.18723063 -0.00145045 -0.01746661 -0.00181994 0.04258508
0.20504514 -0.14408496 0.04565955 -0.02385481 -0.00136784 0.04066879
0.27955014 -0.21437833 0.00905447 -0.01525714 -0.00220904 0.04264565
0.19733427 -0.12091380 -0.01579490 -0.01593873 -0.00577918 0.03499428
0.24636559 -0.15685283 0.01425168 -0.02000044 0.00252012 0.03077508
1.12332828 0.00447437 0.11213044 0.00289210 0.02557194 0.03531004
1.06735982 -0.02839485 0.06170728 0.00877138 0.03455457 0.02544410
1.14748731 0.00806116 0.06630443 -0.00018358 0.03000192 0.03789616
1.24770202 -0.04317564 0.10825492 0.00274913 0.03176177 0.02383485
1.16470911 -0.00084877 0.05137326 0.00472614 0.03205770 0.03651972
1.12189069 -0.00628972 0.04703180 -0.00241891 0.02634162 0.02439555
1.02677971 -0.02924765 0.03510278 -0.00825941 0.03312212 0.03330207
1.05388001 -0.11576653 0.09211969 0.00612444 0.02788558 0.04771346
0.98085642 -0.14236867 0.04734301 0.01344498 0.03554924 0.03762696
1.04290150 -0.07084096 0.08427558 -0.00029677 0.03146745 0.05248660
1.12663634 -0.13179068 0.10791014 0.00378039 0.03490508 0.03988138
1.07962951 -0.10507903 0.05418207 0.00435522 0.03301921 0.05191582
1.00179635 -0.08287525 0.04312085 0.00610029 0.02858090 0.03321800
0.96007980 -0.10518690 0.02961593 -0.00957576 0.03404764 0.04707932
1.06558420 -0.09556839 0.09738505 0.00939233 0.02949606 0.04307430
0.99607088 -0.12730902 0.04570411 0.01681044 0.03765544 0.03354993
1.05991051 -0.05556543 0.08790802 0.00310241 0.03352589 0.04732584
1.14758126 -0.12011756 0.11050220 0.00739349 0.03695355 0.03465906
1.09753601 -0.08611485 0.05478237 0.00826781 0.03486912 0.04759063
1.02203920 -0.07180627 0.04315896 0.00893412 0.03072044 0.02861847
0.97118244 -0.09483139 0.03389355 -0.00592416 0.03599045 0.04363009
0.86678810 -0.22416497 0.07039340 0.00062503 0.02487726 0.05958266
0.77935077 -0.23527253 0.04967448 0.01115497 0.03022290 0.04839293
0.82869627 -0.16111279 0.08655397 -0.00845099 0.02616178 0.06624755
0.88186920 -0.21396805 0.10687647 -0.00324682 0.02990179 0.05426840
0.85142441 -0.18808503 0.05088200 -0.00179041 0.02787077 0.06319471
0.78216702 -0.14922396 0.05125780 0.00502568 0.02364364 0.04446612
0.76896928 -0.16929805 0.02612544 -0.01241215 0.02836702 0.05809653
1.06401049 -0.14583237 0.08638181 0.00845614 0.02799279 0.05128450
0.96711352 -0.16663017 0.04980746 0.01582133 0.03598047 0.04182714
1.03304304 -0.08755682 0.08839650 0.00040105 0.03155473 0.05640565
1.11632481 -0.14923415 0.10791047 0.00590228 0.03567498 0.04366102
1.07392937 -0.12842722 0.05809983 0.00634891 0.03347355 0.05644890
0.98980807 -0.10409944 0.04548915 0.00946600 0.02889086 0.03633680
0.95941380 -0.12398744 0.03651115 -0.00911981 0.03407290 0.05065147
0.97404592 -0.16313259 0.08288907 0.00530849 0.02812399 0.05196886
0.89719683 -0.18672591 0.04554150 0.01489055 0.03511033 0.04183878
0.95259562 -0.11008678 0.08971758 -0.00287278 0.03111330 0.05791177
1.02363355 -0.17006785 0.10676505 0.00315087 0.03490927 0.04497228
0.98394617 -0.14267229 0.05503826 0.00349692 0.03269463 0.05646093
0.90760879 -0.11570334 0.04281813 0.00799850 0.02866878 0.03672864
0.87928221 -0.13599937 0.02924354 -0.00916344 0.03345114 0.05186448
0.98726198 -0.11428222 0.08017784 -0.00956285 0.02310866 0.05290633
0.93905792 -0.13205076 0.03471958 -0.00028861 0.02921305 0.03959551
0.98425478 -0.08878405 0.06444965 -0.01606311 0.02592426 0.05676058
1.06994696 -0.13116685 0.08632802 -0.01067714 0.02768716 0.04323875
1.01237193 -0.10695459 0.03940866 -0.01135973 0.02782234 0.05388544
0.94599836 -0.07571751 0.03482061 -0.00960506 0.02252152 0.03829393
0.91147333 -0.10270845 0.03042807 -0.01703042 0.02914288 0.04785492
1.01298511 -0.15044773 0.08061158 -0.00477025 0.02470307 0.05610257
0.93990818 -0.16178792 0.03862560 0.00410565 0.03125230 0.04388647
0.99074848 -0.10307243 0.07369664 -0.01215474 0.02768761 0.06059020
1.07368365 -0.15248380 0.09245493 -0.00593905 0.03037841 0.04748387
1.02773480 -0.13372114 0.04498868 -0.00671407 0.02970297 0.05859230
0.95091753 -0.09688054 0.03763834 -0.00418411 0.02453721 0.04120625
0.92288464 -0.12289108 0.03313618 -0.01614334 0.03082247 0.05158513
0.88241480 -0.15733505 0.07766615 -0.00640282 0.02372220 0.05259842
0.82596138 -0.16672293 0.03859999 0.00453402 0.02890126 0.04054458
0.86957894 -0.12084793 0.06974515 -0.01342664 0.02559905 0.05655605
0.93898170 -0.15845176 0.08813757 -0.00885675 0.02782453 0.04519912
0.89517578 -0.13477638 0.03709208 -0.00835539 0.02731801 0.05379730
0.83057009 -0.09424043 0.03914383 -0.00415121 0.02267658 0.03807841
0.80431126 -0.12777285 0.02741688 -0.01323163 0.02843014 0.04919901
0.60820580 -0.17371556 0.02405646 -0.03711117 0.00528509 0.06176424
0.56741796 -0.15516756 0.02311142 -0.02798600 0.00658291 0.04998348
0.55775832 -0.17404448 0.00395216 -0.04482870 0.00426674 0.06466172
0.60173962 -0.12628871 0.02883111 -0.04407435 0.00306392 0.05408041
0.58254041 -0.17447077 0.02580098 -0.04043232 0.00754567 0.05752873
0.53796686 -0.09085347 0.02512657 -0.03591713 0.00011915 0.04958508
0.52293994 -0.10985103 0.01040605 -0.02957892 0.00737219 0.04903574
0.59961312 -0.15931897 0.02532222 -0.03627334 0.00532274 0.05984354
0.55709116 -0.14451038 0.02638463 -0.02698552 0.00694664 0.04850115
0.54915354 -0.16641885 0.00087205 -0.04321610 0.00497880 0.06278685
0.59305821 -0.11843306 0.02937865 -0.04245820 0.00359415 0.05210726
0.57502147 -0.16635302 0.02945244 -0.03965714 0.00780411 0.05574735
0.52711178 -0.08216618 0.02249163 -0.03542016 0.00080793 0.04861698
0.51400304 -0.10327590 0.01160029 -0.02905086 0.00794380 0.04768026
0.81976645 -0.17231775 0.05800123 -0.01604658 0.01869360 0.05915313
0.76452523 -0.17459966 0.03289096 -0.00579077 0.02290206 0.04579895
0.79677165 -0.14200886 0.04983541 -0.02380758 0.02007291 0.06236174
0.86015813 -0.16207937 0.07237893 -0.02002169 0.02165628 0.05081930
0.82290448 -0.16261740 0.03589296 -0.01926230 0.02213701 0.05809133
0.75458981 -0.10638090 0.03177613 -0.01450483 0.01652330 0.04447152
0.73869437 -0.13491664 0.02230372 -0.02085469 0.02285963 0.05210272
0.54597408 -0.18503113 0.01128326 -0.04725120 0.00130472 0.07013903
0.50769828 -0.16763004 0.00967668 -0.03936054 0.00182321 0.05549900
0.47770135 -0.19465767 -0.01494197 -0.05563834 0.00043758 0.07008621
0.52262254 -0.13298501 0.01995736 -0.05463950 -0.00108142 0.05908530
0.52157622 -0.20043276 0.02195934 -0.05199441 0.00323221 0.06291250
0.46612915 -0.09799946 0.01423324 -0.04722375 -0.00456288 0.05617118
0.46399951 -0.11769784 0.00788399 -0.03885075 0.00393910 0.05338305
0.64558655 -0.20890318 0.03194383 -0.03324208 0.00873789 0.06650828
0.58411866 -0.19072320 0.02155434 -0.02346514 0.01038711 0.05289261
0.58976348 -0.19618604 0.01884305 -0.04012779 0.00830702 0.06840781
0.63936517 -0.17037086 0.04857621 -0.03910501 0.00827300 0.05784363
0.62437773 -0.20759068 0.02416619 -0.03635656 0.01068696 0.06185367
0.56055389 -0.12085228 0.02593357 -0.03154623 0.00385479 0.05301165
0.55860274 -0.14647998 0.01415394 -0.03068538 0.01137803 0.05424259
0.77009365 -0.22114677 0.04259130 -0.02811252 0.01227069 0.07002549
0.70774749 -0.20983562 0.02609063 -0.01930849 0.01501077 0.05503688
0.72663762 -0.19289691 0.03623502 -0.03681942 0.01232802 0.07408358
0.78203104 -0.18908300 0.06246879 -0.03375871 0.01321323 0.06223167
0.74832276 -0.20775639 0.03233174 -0.03249853 0.01508120 0.06736974
0.68891570 -0.13619164 0.03441628 -0.02566791 0.00839924 0.05518275
0.67972027 -0.15615380 0.01801789 -0.03008710 0.01527094 0.05941220
0.60679615 -0.16518876 0.03143866 -0.03401269 0.00666406 0.06105927
0.56381434 -0.15526501 0.02168209 -0.02589777 0.00801203 0.04844756
0.55214792 -0.16687490 0.00099024 -0.04101968 0.00586296 0.06236044
0.60020994 -0.12637661 0.03823614 -0.04104878 0.00500178 0.05221667
0.58313321 -0.17401315 0.02263197 -0.03730291 0.00836949 0.05574470
0.53391851 -0.09294995 0.02080965 -0.03458069 0.00122703 0.04883905
0.52011497 -0.11244096 0.01002672 -0.02892372 0.00883263 0.04876813
0.25158588 0.07393684 0.02253227 -0.02419546 0.00128209 0.01818503
0.30000912 0.05988682 0.03886489 -0.01930328 -0.00013224 0.01402030
0.23847038 0.02227271 -0.03696071 -0.03091470 0.00019684 0.01969543
0.27221840 0.10086140 -0.04497209 -0.03261393 -0.00349535 0.00835462
0.27431097 0.05990848 0.04195622 -0.02782775 0.00190345 0.01502867
0.23594236 0.10963106 0.03656381 -0.02736229 -0.00365038 0.01669082
0.23632858 0.09711285 0.00426609 -0.01003696 0.00153231 0.00887890
-0.22900624 0.08637229 -0.04207918 -0.01752966 0.00915636 0.00166641
-0.09753514 0.09185147 0.01936009 -0.02387190 0.00808063 -0.00353713
-0.10712616 0.11264033 0.00968002 -0.03488525 0.00813198 -0.00146962
-0.16681993 0.14173759 -0.08101514 -0.03395542 0.00750063 -0.00671952
-0.07635171 0.11731623 0.00706809 -0.02836975 0.00755955 -0.00280161
-0.17707944 0.13663297 0.08841110 -0.02897240 0.00661944 0.00742143
-0.11093160 0.17293736 -0.03978778 -0.01125778 0.00597666 0.00020025
0.00084494 0.17530415 0.00179293 0.00141292 0.00637404 -0.02084648
0.08013879 0.13173830 0.01918226 0.00424192 0.00402046 -0.01452057
0.04730648 0.09407746 -0.02147529 -0.00596560 0.00557846 -0.01524598
0.04269365 0.13295208 -0.06071727 -0.00570045 0.00420072 -0.02639563
0.11744838 0.14204165 0.06501567 -0.00098519 0.00409941 -0.01860503
0.01417540 0.17765244 0.04291522 -0.00282677 0.00107088 -0.01266383
0.08236350 0.17287776 0.03638352 0.00834002 0.00545527 -0.01878476
-0.15843226 0.13570200 -0.01031081 -0.00318461 0.01039272 -0.01554919
-0.06087313 0.11502285 0.02249503 -0.00458934 0.00832415 -0.01533993
-0.07711860 0.11389271 0.01452193 -0.01683087 0.00904060 -0.01546838
-0.11205122 0.13099246 -0.07236769 -0.01481405 0.00857916 -0.02216084
-0.03180436 0.12675077 0.03881808 -0.00947879 0.00799788 -0.01668984
-0.12639992 0.14617234 0.07835319 -0.01271149 0.00631781 -0.00641860
-0.05894480 0.16428474 0.00761810 0.00254408 0.00717830 -0.01255316
-0.18760642 -0.06238325 -0.04486537 0.01440561 0.01326977 -0.01678440
-0.28096827 -0.04648737 0.04152748 0.00505076 0.00751165 -0.00616317
-0.15116589 -0.04837493 0.02043382 0.01329591 0.00889624 -0.02452276
-0.30992446 -0.05180595 0.01330838 0.01048291 0.00897038 -0.01113246
-0.18976893 -0.08674780 -0.03580829 0.02162177 0.00856238 -0.01023617
-0.23533711 -0.04146679 -0.02475183 0.01294546 0.00920118 -0.01055794
-0.18732427 -0.05403644 0.03553277 0.01425442 0.00989290 -0.01366862
0.26255054 0.41750289 0.06216408 0.03395643 0.01023769 -0.08836808
0.34601234 0.39856222 0.16403843 0.04902246 0.01180667 -0.07130247
0.42730402 0.32475781 0.00290935 0.03158331 0.00728652 -0.05871416
0.41100174 0.32275710 -0.07331795 0.03511480 0.00117889 -0.06431407
0.31350903 0.51225848 0.15056770 0.03769522 0.01444577 -0.05430782
0.36368001 0.41157112 0.15193919 0.03677694 0.01350629 -0.06505171
0.31159040 0.37788443 0.07961964 0.06261600 0.00862700 -0.07151760
0.06917988 0.21139316 0.00911430 -0.00260285 0.00382100 -0.02275553
0.15180307 0.16984193 0.04031125 0.00333176 0.00157569 -0.01711679
0.12524910 0.12589858 -0.02505216 -0.00976590 0.00236961 -0.01301317
0.12637631 0.16691007 -0.07217250 -0.00660406 0.00054879 -0.02865519
0.17745610 0.20990919 0.08347865 -0.00545891 0.00304696 -0.01769386
0.09632370 0.22302566 0.06688103 -0.00446188 -0.00021157 -0.01525098
0.14663926 0.21133464 0.03893190 0.00691333 0.00422231 -0.02334204
-0.05420534 0.23019895 -0.00710089 0.00259139 0.00891106 -0.03361390
0.05124128 0.20172287 0.04623540 0.00650236 0.00674453 -0.02801623
0.05710675 0.19059379 0.00165339 -0.01107236 0.00669883 -0.02390485
0.01497964 0.20219915 -0.08649615 -0.00588917 0.00554198 -0.03623090
0.08599723 0.24390562 0.06752414 -0.00243675 0.00774835 -0.02681433
-0.00207952 0.24603546 0.10546906 -0.00376009 0.00586468 -0.02436793
0.06097833 0.25284827 0.01519122 0.01407461 0.00654561 -0.02857425
-0.04275655 0.07794165 -0.01243285 -0.00058535 0.00749612 -0.00647313
0.01345040 0.06963228 0.02432215 0.00050053 0.00649200 -0.00382177
0.00660096 0.04313241 -0.01694064 -0.00872324 0.00680864 -0.00811860
-0.03014601 0.09118896 -0.02702353 -0.01117917 0.00585661 -0.01440320
0.05077159 0.05558843 0.02953994 -0.00364506 0.00585838 -0.01079549
-0.06279442 0.10929284 0.02514021 -0.00767897 0.00206478 -0.00102708
0.00833042 0.11956741 0.02243166 0.00523410 0.00665798 -0.00639074
0.00962297 0.12181924 0.00968328 0.00035443 0.00585983 -0.01383400
0.06675153 0.08550063 0.00871109 0.00350487 0.00368623 -0.00800523
0.02317823 0.04010166 -0.03810679 -0.00459773 0.00534866 -0.01055697
0.03575869 0.09678703 -0.03554992 -0.00699477 0.00431349 -0.01911089
0.11086830 0.07699351 0.04688907 -0.00031902 0.00385442 -0.01542258
0.00349547 0.13266741 0.01336819 -0.00377943 0.00001215 -0.00680698
0.06903003 0.11179066 0.03550018 0.00597733 0.00604675 -0.01233390
0.02281250 0.17673617 0.01603683 0.00862986 0.00827725 -0.02663924
0.07713424 0.12841279 0.02442977 0.01241392 0.00667327 -0.01837975
0.04810231 0.09095040 -0.02946240 0.00149134 0.00752135 -0.02068270
0.04940133 0.13117551 -0.04943808 0.00066159 0.00641362 -0.02988620
0.10989159 0.13576286 0.06741156 0.00671767 0.00605314 -0.02277120
0.02195826 0.16426677 0.04163908 0.00384208 0.00288211 -0.01759043
0.08007197 0.15611031 0.04553400 0.01396791 0.00731991 -0.02164671
0.04534920 0.13733160 -0.00021087 -0.01112748 0.00265825 -0.00377628
0.11822081 0.10033507 0.01155222 -0.00876030 -0.00063301 -0.00139157
0.06546643 0.04842158 -0.03476701 -0.01726271 0.00169791 -0.00114375
0.07919193 0.11485855 -0.05764705 -0.01770204 -0.00055680 -0.01232191
0.14054293 0.09434480 0.04720205 -0.01362852 0.00093384 -0.00583639
0.05167950 0.11928414 0.02211034 -0.00811415 0.00109826 -0.00554610
0.08656730 0.09597276 0.01276589 0.00017406 0.00321217 -0.00651585
0.00527986 -0.04174320 -0.05739356 -0.00219012 0.00563677 -0.00752693
0.02147755 0.06822855 -0.00323408 -0.00215144 0.00314897 -0.01309249
0.05852164 0.00123106 0.03353611 0.00472229 0.00252536 -0.01010236
0.01178354 0.04398105 -0.02233686 -0.00209704 -0.00063832 -0.00467665
0.05387371 0.01552459 0.07698056 0.00395865 0.00631883 -0.00943782
