0.04706648 0.15234436 0.00344053 -0.01177648 0.00228596 -0.00995297
0.12339433 0.10615543 0.00313315 -0.00854367 -0.00054722 -0.00605298
0.06516099 0.04355601 -0.04515558 -0.01726478 0.00197895 -0.00406351
0.08930499 0.10291127 -0.05716857 -0.01563766 -0.00000702 -0.01805635
0.16143538 0.10393502 0.05997016 -0.01334670 0.00129695 -0.01050315
0.06191307 0.15772538 0.01555036 -0.01347013 -0.00284141 -0.00428286
0.12340964 0.12769233 0.03890652 -0.00331906 0.00338828 -0.01281680
0.03627385 0.16768480 0.00234494 -0.00868833 0.00316526 -0.01520815
0.11720041 0.12044396 0.00968138 -0.00505311 0.00066449 -0.00993099
0.06882865 0.06243468 -0.04011643 -0.01459248 0.00276654 -0.00798196
0.08604294 0.11072656 -0.06013199 -0.01243967 0.00112757 -0.02219921
0.16138997 0.12734240 0.06670565 -0.01057074 0.00217727 -0.01398259
0.05950898 0.17114324 0.02267518 -0.01026724 -0.00173803 -0.00841364
0.12238805 0.14435968 0.04186986 -0.00041536 0.00415095 -0.01600108
0.01946294 0.12467805 -0.01552821 -0.01119287 0.00432150 -0.00583623
0.08664161 0.09978680 0.02236390 -0.00816591 0.00181366 -0.00297730
0.06480894 0.05500910 -0.02477617 -0.01741778 0.00334908 -0.00304617
0.05015278 0.10132886 -0.04860681 -0.01780210 0.00118951 -0.01355412
0.10902709 0.09245848 0.04357648 -0.01297639 0.00280719 -0.00641018
0.01834161 0.14136359 0.03304276 -0.01398653 -0.00058985 -0.00151243
0.08650728 0.13742764 0.03503695 -0.00330562 0.00409652 -0.00920270
-0.74975304 0.00371467 -0.04930635 -0.03677760 -0.05210548 0.01014089
-0.62248416 0.00888559 -0.05387773 -0.04554507 -0.04865266 -0.00093961
-0.68635866 0.03058879 -0.06529985 -0.04620399 -0.05619961 0.00727377
-0.73176548 0.02357705 -0.13397414 -0.06563665 -0.05249229 -0.00538240
-0.70877224 -0.00877285 -0.08548185 -0.05294254 -0.05738748 -0.00817122
-0.72120488 0.00883196 -0.04453999 -0.04844321 -0.05632117 0.00040739
-0.71443096 0.07841659 -0.16860686 -0.03200118 -0.05471824 -0.00990099
-0.31793818 -0.03424508 -0.07825458 -0.01962888 0.00809196 0.00636097
-0.19116467 0.04787002 0.05388175 -0.02321549 0.00617355 0.00481420
-0.15726244 0.00691496 0.03934124 -0.03086143 0.00601217 0.00168198
-0.28263723 0.05139889 -0.04461630 -0.03010270 0.00363386 0.00374872
-0.22099484 0.02096841 -0.06098036 -0.02456187 0.00598639 0.00217693
-0.29367022 0.02559441 0.01878897 -0.02870532 0.00476591 0.01391035
-0.19318344 0.11552433 -0.00818572 -0.01439901 0.00590410 0.00377681
0.14854176 0.37512012 0.02565961 0.01953149 0.00689144 -0.08114246
0.22116328 0.35043787 0.13698821 0.03244406 0.00575796 -0.06224440
0.27960571 0.27079590 -0.00424419 0.01317384 0.00188654 -0.05179549
0.23912685 0.25820149 -0.09860196 0.02059735 -0.00368320 -0.05980766
0.20170640 0.44956811 0.17043814 0.02023835 0.00892314 -0.04770116
0.21533411 0.36773402 0.15112290 0.02226055 0.00785948 -0.05761077
0.21569844 0.36485668 0.08432577 0.04568492 0.00450314 -0.06640633
0.19954693 -0.02383856 0.03892825 -0.00780467 0.00766655 0.00798835
0.15718991 -0.02121738 0.01529581 -0.00075885 0.00602087 0.00860291
0.10527572 -0.07101135 -0.04155028 -0.01031237 0.00576022 0.00684869
0.14599110 0.00920678 0.01198845 -0.01572430 0.00375963 0.00264699
0.16523588 -0.07889208 0.01338154 -0.00383718 0.00516922 0.00338395
0.13682442 0.00683560 -0.00855651 -0.01080527 -0.00062755 0.01013042
0.13460809 -0.03474636 0.03665655 -0.00022046 0.00640995 0.00655309
0.98297432 -0.28221166 0.04557727 0.01150210 0.02432606 0.07076613
0.80619283 -0.26986033 0.05725392 0.01798434 0.03077553 0.05765331
0.86777695 -0.18861230 0.08573914 -0.00303028 0.02540992 0.07743741
0.93730196 -0.22347230 0.10862621 0.00679086 0.03246369 0.05993599
0.92205256 -0.24740055 0.07420535 0.00846393 0.02971170 0.07629664
0.81160814 -0.19684792 0.04162367 0.01905005 0.02425269 0.05331098
0.83936401 -0.20803984 0.03777338 -0.01249938 0.02816794 0.06686832
0.90289757 -0.33702642 0.03755756 0.00698631 0.02185233 0.07827427
0.71151897 -0.30873209 0.06298258 0.01482023 0.02687840 0.06408740
0.76996081 -0.23621432 0.07624770 -0.00863183 0.02145344 0.08696091
0.82776681 -0.26457302 0.11519447 0.00093748 0.02808916 0.06888509
0.81427351 -0.28590390 0.06809399 0.00449289 0.02593210 0.08284837
0.71777478 -0.22303833 0.05236823 0.01618726 0.02006485 0.06197896
0.76013379 -0.23913532 0.04019039 -0.01622082 0.02399650 0.07324638
0.76806851 -0.37362516 0.01193986 -0.00237018 0.01824781 0.08214076
0.55144034 -0.31845514 0.06093449 0.00806869 0.02120289 0.06846925
0.60326267 -0.27084291 0.04994023 -0.01894887 0.01642907 0.09197493
0.65036319 -0.26402183 0.10373381 -0.00678590 0.02299041 0.07054538
0.65024838 -0.32851458 0.08477645 -0.00190367 0.02220855 0.08347747
0.55660363 -0.24976566 0.04421733 0.01053760 0.01555661 0.06647196
0.63885778 -0.26117086 0.04112935 -0.02450434 0.01953697 0.07634509
1.02012523 -0.13489030 0.08739343 0.00418465 0.02682560 0.05001525
0.94092369 -0.15751572 0.04429190 0.01106929 0.03404142 0.03962578
0.99964917 -0.08862978 0.08124940 -0.00277596 0.02999653 0.05494877
1.07994713 -0.14734465 0.10649506 0.00103188 0.03346948 0.04240218
1.03888005 -0.12018488 0.05336530 0.00219632 0.03173549 0.05378982
0.95902987 -0.09382734 0.04428726 0.00437142 0.02702511 0.03544877
0.92644125 -0.11731844 0.03290177 -0.01108396 0.03240917 0.04888822
1.21021912 0.07901341 0.12133464 0.01195171 0.02710791 0.01927845
1.12368129 0.04098019 0.07680242 0.01697646 0.03816129 0.01406396
1.25443175 0.06456469 0.06585252 0.00905639 0.03386696 0.02286975
1.35189384 0.01869013 0.09985374 0.01333980 0.03528880 0.00729878
1.24355450 0.07642830 0.07029833 0.01630034 0.03684404 0.02256668
1.22020602 0.03831484 0.05425124 0.00239016 0.03058413 0.01347089
1.07950762 0.01386173 0.04056618 0.00209963 0.03724837 0.02148726
0.75940125 0.55627063 0.16362276 0.07164216 0.00022666 -0.17131494
0.66769965 0.58668859 0.31041458 0.09686629 0.00832027 -0.13624029
1.07464157 0.42809419 0.05041104 0.08282192 0.00460931 -0.11421438
0.98098874 0.47627505 -0.03405616 0.07262169 -0.01409624 -0.09773133
0.69885910 0.79884462 0.20741841 0.09711028 0.01996489 -0.10972275
0.99573635 0.56290329 0.21290408 0.08919668 0.02082302 -0.12996409
0.72708979 0.44231847 0.08092688 0.13008989 0.00810210 -0.14011825
0.76361030 0.53952977 0.16050562 0.06842133 -0.00094890 -0.16931796
0.65515265 0.57824079 0.30538421 0.09368409 0.00683362 -0.13393686
1.06951244 0.41057844 0.04274413 0.07900120 0.00390743 -0.11143678
0.96694984 0.46139285 -0.03451626 0.06923490 -0.01493400 -0.09541979
0.68822965 0.78299090 0.20280140 0.09335940 0.01892260 -0.10831965
0.98764896 0.55097170 0.20763474 0.08666556 0.01946881 -0.12818539
0.72262198 0.42303879 0.07957247 0.12584474 0.00739792 -0.13937277
0.98308131 -0.21104882 0.06624965 0.02031379 0.02882170 0.05097267
0.84602043 -0.22076199 0.05369600 0.02631241 0.03623047 0.04143422
0.90946436 -0.13313278 0.09413842 0.00787793 0.03069674 0.05651587
0.97858399 -0.18516682 0.11353807 0.01579690 0.03718795 0.04282740
0.95649019 -0.18653493 0.07070025 0.01700363 0.03352270 0.05828879
0.85472457 -0.15427106 0.03689759 0.02462816 0.02925427 0.03594701
0.85514814 -0.16834944 0.03534371 -0.00133074 0.03314059 0.05272317
0.88935457 -0.08860998 0.09096386 0.02583068 0.03368100 0.02357675
0.82537770 -0.12605954 0.05590543 0.03276153 0.04224866 0.02032491
0.88873021 -0.04740384 0.08732850 0.01656364 0.03726061 0.03020191
0.94626226 -0.10413178 0.11564611 0.01999094 0.04135283 0.01996803
0.91000855 -0.06300977 0.06763681 0.02437369 0.03843040 0.03128228
0.83266377 -0.06946545 0.05095837 0.02446044 0.03508139 0.01375849
0.78139596 -0.09397953 0.02178892 0.00959716 0.03852980 0.03281804
0.86850636 0.44827677 0.13744736 0.05071146 0.01018509 -0.10663868
0.82522653 0.45368575 0.24045579 0.06845869 0.01839601 -0.08988012
1.10555574 0.35314180 0.04706886 0.06040971 0.01428241 -0.07310634
1.08678810 0.38202640 -0.01258387 0.05177061 0.00337674 -0.06630834
0.83661012 0.58369651 0.13711814 0.06996049 0.02519495 -0.06788714
1.05575539 0.41047547 0.17088948 0.05935995 0.02317241 -0.08314635
0.81653863 0.34603029 0.03632060 0.08878830 0.01723918 -0.08663952
1.10755540 0.19728921 0.13818242 0.03383508 0.02719261 -0.02043180
1.05271444 0.15086971 0.11852776 0.03912617 0.03748552 -0.02034857
1.20926708 0.15354072 0.06614536 0.03448963 0.03305787 -0.01213305
1.28518045 0.12464386 0.07878633 0.03028530 0.03226584 -0.01665895
1.13492996 0.22453004 0.07970140 0.04040262 0.03699835 -0.00899461
1.17637090 0.14112476 0.08788677 0.02588256 0.03353295 -0.02175565
1.00883901 0.11091380 0.03936489 0.03314265 0.03568501 -0.01005954
0.99368773 0.08071408 0.11898573 0.02670441 0.03013771 0.00007032
0.95897369 0.03167753 0.08449394 0.03396215 0.03895927 -0.00295080
1.06101871 0.06803305 0.07824024 0.02381888 0.03450814 0.00774205
1.13594651 0.01773392 0.09141554 0.02286288 0.03550846 0.00104513
1.03295490 0.10343645 0.06392314 0.02903845 0.03692097 0.00941594
1.02446325 0.05820094 0.07079439 0.02214468 0.03388171 -0.00530467
0.91541424 0.03101595 0.03480055 0.02103144 0.03696783 0.00923147
1.06131054 -0.02559718 0.10107899 0.01979578 0.03246268 0.02456917
0.99381618 -0.06607029 0.05491514 0.02574672 0.04170839 0.01966491
1.06828101 0.00309035 0.08234914 0.01384183 0.03745708 0.03005595
1.15534663 -0.05708394 0.09945840 0.01757561 0.04076247 0.01907389
1.09375067 -0.01401493 0.06179959 0.01925892 0.03876278 0.03208899
1.02686986 -0.02865244 0.04783089 0.01622787 0.03495360 0.01406367
0.96353233 -0.05180754 0.03603553 0.00471466 0.03962126 0.03067795
0.99111512 -0.05005214 0.10708354 0.01815172 0.02990472 0.02996954
0.93635857 -0.08134462 0.04510495 0.02395463 0.03756921 0.02312043
0.99593498 -0.02070459 0.07612873 0.01458922 0.03242923 0.03116172
1.07162371 -0.08056757 0.11332148 0.01380697 0.03604445 0.02481564
1.02424428 -0.04512122 0.04481810 0.01866298 0.03312595 0.03450978
0.96329346 -0.03300191 0.04413205 0.01459941 0.02947967 0.01755578
0.90153739 -0.05748359 0.03271077 0.00530847 0.03465961 0.03344982
1.11512087 0.03261794 0.11397321 0.01636650 0.02958555 0.02241609
1.05091892 -0.01344669 0.06214144 0.02039663 0.03910094 0.01709533
1.13660127 0.03399957 0.07169843 0.01304754 0.03443659 0.02507363
1.23091899 -0.02218132 0.10335380 0.01389617 0.03690735 0.01427351
1.15781359 0.02784126 0.06061468 0.01758040 0.03581105 0.02679099
1.10527523 0.00856524 0.05351931 0.00835749 0.03111038 0.01319818
1.01069562 -0.00988600 0.03954418 0.00344338 0.03667132 0.02593469
1.13620117 0.17569277 0.14176270 0.02435554 0.02446087 -0.01219375
1.06573701 0.14505195 0.11950132 0.03091010 0.03463584 -0.01180379
1.23356447 0.13518260 0.06110864 0.02690106 0.03069415 -0.00364130
1.31064609 0.12539239 0.07411495 0.02476397 0.02994744 -0.01126970
1.14462025 0.20442991 0.07838673 0.03300735 0.03521909 -0.00356456
1.19882070 0.12982751 0.07938361 0.01664014 0.02996013 -0.01196567
1.01343095 0.08950475 0.03072535 0.02465043 0.03411264 -0.00412794
0.57361476 0.49560331 0.13236355 0.05770048 0.00435846 -0.13932201
0.54223865 0.50163504 0.24927966 0.07841504 0.01027772 -0.11041971
0.81619039 0.37724409 0.02891742 0.06620215 0.00564897 -0.09324090
0.76043688 0.41155051 -0.04916180 0.06060537 -0.00743989 -0.08198012
0.55959843 0.66646397 0.18866438 0.07735848 0.01874626 -0.08700278
0.75013958 0.48886314 0.18387750 0.06959167 0.01798064 -0.10512488
0.57336144 0.41139945 0.08435007 0.10564357 0.00860985 -0.11279551
0.91892555 0.43020897 0.14623873 0.05710868 0.01155254 -0.10961484
0.85973516 0.43179285 0.22974756 0.07557294 0.02066177 -0.09163287
1.16170980 0.33746384 0.05170377 0.06693024 0.01662716 -0.07506806
1.13156229 0.36803998 -0.00485669 0.05634340 0.00581130 -0.06434083
0.89329585 0.56710839 0.13714409 0.07678866 0.02739519 -0.06970222
1.10134214 0.39529607 0.15903873 0.06514808 0.02594176 -0.08623140
0.86638212 0.32648653 0.03448586 0.09361811 0.01988129 -0.08672277
0.79418391 -0.01795367 0.11042118 0.03145549 0.03557370 0.00882724
0.76179996 -0.06951347 0.05132976 0.03772733 0.04267621 0.00618564
0.81920654 -0.00845979 0.08250020 0.02236351 0.03721805 0.01311674
0.86660914 -0.07015676 0.11158645 0.02191143 0.04124074 0.00687900
0.83409064 0.00254278 0.05751382 0.03009255 0.03793221 0.01447810
0.77977009 -0.01384404 0.05291618 0.02416396 0.03486049 0.00035919
0.71082085 -0.03590579 0.02985463 0.02002346 0.03872302 0.01953054
0.80228180 -0.21628125 0.06626165 0.02420589 0.03074246 0.03885018
0.67998491 -0.21338213 0.05513327 0.03209676 0.03713412 0.03343792
0.74267834 -0.13234458 0.08345501 0.01053944 0.03123804 0.04561562
0.78153439 -0.17596744 0.10793049 0.01647435 0.03717837 0.03463916
0.77893101 -0.17523050 0.07116427 0.02095509 0.03350071 0.04537149
0.67901939 -0.14194152 0.03636986 0.02556049 0.02949843 0.02753750
0.68516515 -0.16847547 0.02880652 0.00601504 0.03316701 0.04462575
0.43987311 -0.14159657 0.06370143 0.00189664 0.01646196 0.02574011
0.39537326 -0.11709942 0.02560661 0.00802380 0.01740223 0.02032091
0.39457940 -0.11623281 0.01359710 -0.00600039 0.01312810 0.02466310
0.43134388 -0.10115047 0.05339080 -0.01160189 0.01342642 0.02357479
0.42117279 -0.12946617 0.01893777 0.00006268 0.01385283 0.02209522
0.38822886 -0.06496851 0.02150587 -0.00445389 0.00847364 0.02061998
0.36494706 -0.09950493 0.01936903 0.00317489 0.01478081 0.02522691
1.10780708 -0.02794416 0.11184143 0.01652167 0.03078262 0.03024259
1.04047135 -0.06830152 0.04798357 0.02119479 0.04012321 0.02304394
1.11693889 -0.00478243 0.08463435 0.01262008 0.03542673 0.03228700
1.21268928 -0.07554292 0.11891691 0.01323019 0.03859055 0.02155723
1.15263656 -0.02409040 0.05358548 0.01700323 0.03621098 0.03453461
1.08753763 -0.02902727 0.05122148 0.01221387 0.03214919 0.01772502
1.01047575 -0.05234587 0.04237275 0.00101843 0.03764935 0.03315958
1.04071818 -0.19932091 0.06886419 0.01995062 0.02833412 0.05229699
0.89975677 -0.21477317 0.05256316 0.02522439 0.03657067 0.04327921
0.96438617 -0.12361927 0.10196647 0.00826968 0.03102407 0.05756777
1.04746029 -0.17515276 0.10733086 0.01530326 0.03745480 0.04404773
1.02257535 -0.17616410 0.06883310 0.01669311 0.03408797 0.06023538
0.90972804 -0.14435899 0.03997007 0.02402975 0.02934935 0.03750626
0.90861604 -0.15991051 0.03733230 -0.00315951 0.03331622 0.05336185
1.01663858 -0.23668816 0.06267132 0.01771036 0.02715162 0.05984836
0.86565390 -0.24339043 0.05400198 0.02331469 0.03469274 0.04891831
0.92913851 -0.15240854 0.09902909 0.00468795 0.02899135 0.06584688
1.00577615 -0.20262793 0.10984227 0.01260164 0.03575316 0.05158867
0.98274812 -0.20479538 0.06812452 0.01403648 0.03247451 0.06748942
0.87154955 -0.16763773 0.04240884 0.02325961 0.02757891 0.04395115
0.88057548 -0.18311303 0.03657400 -0.00532467 0.03141487 0.05952212
0.66737615 -0.35591006 0.01214519 0.01201729 0.02267956 0.06721575
0.45923769 -0.30455083 0.06853613 0.02260866 0.02631692 0.05775521
0.51442116 -0.25737505 0.05629975 -0.00675081 0.02076768 0.07850055
0.54710697 -0.24991147 0.11233457 0.00462638 0.02778803 0.05901494
0.54346293 -0.30063432 0.08651348 0.01206709 0.02573211 0.07024713
0.46212491 -0.24292015 0.04380356 0.02364811 0.01995087 0.05409592
0.53759485 -0.25371004 0.03668063 -0.01189089 0.02293054 0.06846312
0.05077133 0.20591119 -0.01019101 -0.00884368 0.00261464 -0.01996659
0.14423139 0.16101627 0.02938565 -0.00388739 -0.00028747 -0.01416546
0.11662919 0.10473714 -0.01992003 -0.01783950 0.00117759 -0.00947378
0.11707129 0.14179495 -0.07964034 -0.01336727 -0.00125211 -0.02646225
0.18294860 0.20315398 0.08736227 -0.01311440 0.00185923 -0.01410042
0.08872638 0.22193322 0.05807985 -0.01042831 -0.00108531 -0.01354777
0.14956823 0.20826265 0.04317500 0.00147325 0.00321919 -0.02242576
0.02138991 0.09427708 -0.04486033 -0.01863635 0.00212623 -0.00210384
0.10739102 0.10968247 0.06726245 -0.01480845 0.00139789 -0.00099136
0.13828881 0.04617840 -0.00487074 -0.02726998 0.00076457 0.00310364
0.06272200 0.10356849 -0.04147048 -0.02500117 -0.00410593 -0.00792701
0.07408055 0.12022819 0.03104749 -0.02122565 0.00324985 -0.00054886
0.03260041 0.13904599 0.04835473 -0.02004769 -0.00027555 0.00276474
0.07869573 0.17346334 0.02943106 -0.00495327 0.00226424 -0.00938605
0.11211963 0.07600783 0.02876185 -0.01400531 0.00436318 0.00459260
0.15140692 0.06000742 0.03809664 -0.00656535 0.00199548 0.00359248
0.10461118 0.04276263 -0.03449818 -0.02033926 0.00308056 0.00750035
0.12224336 0.09909401 -0.03500528 -0.02169063 0.00103802 -0.00352099
0.13999899 0.06936291 0.05299663 -0.01646766 0.00315473 0.00234435
0.09789164 0.11802401 0.04631051 -0.01452658 -0.00124523 0.00714535
0.12314750 0.09971878 0.01744805 -0.00380314 0.00353739 0.00217513
-0.18596545 0.13975048 -0.00370180 -0.00344488 0.00461954 -0.01252341
-0.10835662 0.13828944 0.05382734 -0.00511904 0.00361186 -0.01436594
-0.07852156 0.18407349 0.01109329 -0.01453122 0.00228376 -0.00927231
-0.14803003 0.17804116 -0.06968556 -0.02039483 0.00220721 -0.01724950
-0.09112154 0.18770769 -0.00565508 -0.01107402 0.00130233 -0.01404478
-0.16105654 0.17571254 0.10033257 -0.01306077 0.00031937 -0.00885530
-0.11766056 0.17961312 -0.02407479 0.00280748 0.00058415 -0.01212956
-0.29993931 -0.03610341 -0.09587806 -0.00506317 0.01443749 -0.00741646
-0.22600720 0.03799412 0.06505532 -0.00866648 0.01383867 -0.00574390
-0.15694870 -0.00528608 0.03750877 -0.01801236 0.01226573 -0.01040494
-0.31152159 0.02155014 -0.02297548 -0.01427484 0.01113150 -0.01197606
-0.22493828 -0.01152770 -0.05969184 -0.00722870 0.01370795 -0.00810135
-0.32147136 0.01160681 -0.01360552 -0.01786700 0.01085906 0.00071154
-0.22115787 0.08081014 0.02128142 -0.00043764 0.01211758 -0.00550872
0.10759019 0.10791756 0.02057012 -0.01772746 0.00208094 0.00266615
0.15478879 0.08029680 0.01403354 -0.01375437 -0.00107433 0.00297994
0.07814733 0.03528741 -0.04631316 -0.02256206 0.00133861 0.00413825
0.11064804 0.11738252 -0.05786869 -0.02375604 -0.00137965 -0.00703702
0.15070733 0.05130272 0.04507231 -0.01906623 0.00069538 -0.00112611
0.08244748 0.11415183 0.02146548 -0.02001184 -0.00404738 0.00628794
0.12713786 0.09970243 0.01247784 -0.00692414 0.00184071 -0.00137113
0.03602742 0.23215637 -0.01482496 -0.01158967 0.00356443 -0.02098590
0.14923906 0.20350797 0.04301878 -0.00702954 -0.00022376 -0.01582807
0.14290845 0.17059483 -0.00279949 -0.02484004 0.00091450 -0.00868867
0.11691348 0.19008914 -0.10174623 -0.01764261 -0.00243454 -0.02579976
0.17091062 0.23919160 0.07999215 -0.01826479 0.00205293 -0.01237660
0.09116770 0.25545055 0.10739801 -0.01489169 0.00024994 -0.01454003
0.15601372 0.26594341 0.02115780 0.00228110 0.00208330 -0.02211856
0.03251984 0.17658465 -0.01222457 -0.01327646 0.00206404 -0.01000972
0.13489826 0.13374971 0.01464891 -0.00959367 -0.00090678 -0.00729529
0.09924937 0.08482621 -0.02255898 -0.02128217 0.00108609 -0.00337609
0.09760507 0.13176888 -0.07354821 -0.01793370 -0.00109642 -0.01907116
0.17234089 0.15767541 0.07127637 -0.01682364 0.00076639 -0.00863386
0.06836936 0.19757863 0.04773418 -0.01560860 -0.00232471 -0.00534366
0.13648871 0.18694878 0.03395417 -0.00354572 0.00249335 -0.01409527
0.03801199 0.16893962 -0.01185226 -0.01483755 0.00193087 -0.00687400
0.13559658 0.13081975 0.01101999 -0.01159670 -0.00127552 -0.00468892
0.09299152 0.07711827 -0.02094693 -0.02244906 0.00110351 -0.00131918
0.09830498 0.12998868 -0.07775679 -0.01983450 -0.00145415 -0.01632808
0.16166326 0.14028896 0.06291032 -0.01842767 0.00034913 -0.00581987
0.06374118 0.18482238 0.05045453 -0.01727186 -0.00275109 -0.00285879
0.13483239 0.18061921 0.03087387 -0.00477132 0.00184790 -0.01197126
0.04615677 0.15211837 0.00458967 -0.01047005 0.00271729 -0.00949447
0.11739172 0.10765491 0.00281004 -0.00702470 -0.00012227 -0.00586550
0.06044984 0.04896087 -0.04065705 -0.01531980 0.00241715 -0.00461615
0.08343682 0.10749500 -0.05751328 -0.01466559 0.00050913 -0.01755646
0.15227432 0.10490628 0.05830043 -0.01198127 0.00122578 -0.01054877
0.05321437 0.15767109 0.01976212 -0.01167481 -0.00256878 -0.00382420
0.11789646 0.13123068 0.03894745 -0.00226666 0.00337821 -0.01231536
0.04002871 0.13106610 -0.00493733 -0.01472307 0.00187343 -0.00241918
0.11847572 0.09347335 0.00015526 -0.01203674 -0.00116581 -0.00057360
0.06162929 0.03481664 -0.03331561 -0.02033030 0.00146700 0.00043169
0.07703577 0.10733176 -0.05981371 -0.01988974 -0.00115654 -0.01100485
0.13894489 0.08035046 0.04465037 -0.01640591 0.00003101 -0.00411550
0.04259840 0.13877543 0.02418764 -0.01700962 -0.00348522 0.00195602
0.11068101 0.12818669 0.02983670 -0.00603113 0.00216568 -0.00735807
0.03981349 0.13965749 -0.00008954 -0.01170157 0.00271948 -0.00530709
0.11805072 0.10246899 0.00379439 -0.00918659 -0.00017187 -0.00319602
0.06256098 0.05111764 -0.03312739 -0.01762295 0.00232807 -0.00286132
0.08055794 0.11301706 -0.05748609 -0.01728776 -0.00000849 -0.01370347
0.13838615 0.08978159 0.04633701 -0.01391024 0.00082797 -0.00692715
0.04539185 0.14750171 0.02731395 -0.01455167 -0.00271889 -0.00057908
0.10981433 0.13547529 0.02735020 -0.00329459 0.00266948 -0.00871472
0.05402851 0.16476665 0.00018302 -0.01122648 0.00304528 -0.01061446
0.13119411 0.12129206 0.01206270 -0.00839660 0.00037412 -0.00686695
0.08088201 0.06284633 -0.03648899 -0.01840900 0.00249406 -0.00513813
0.09658105 0.12285614 -0.06227892 -0.01673573 0.00028293 -0.01867677
0.15730292 0.12271881 0.06515632 -0.01429614 0.00201659 -0.00976281
0.06619732 0.16846888 0.03284705 -0.01428921 -0.00198558 -0.00579678
0.12502293 0.14905178 0.03562560 -0.00227345 0.00331133 -0.01329159
0.03779668 0.16170690 0.00179566 -0.00854764 0.00352014 -0.01377075
0.11607431 0.11661289 0.00858423 -0.00541001 0.00104097 -0.00949838
0.06633229 0.06110203 -0.03808340 -0.01511205 0.00300769 -0.00847860
0.08273687 0.11671828 -0.05863838 -0.01374159 0.00127345 -0.02082297
0.15108971 0.11910703 0.06321385 -0.01118631 0.00248675 -0.01311329
0.05290111 0.16677843 0.02600452 -0.01127303 -0.00148853 -0.00801327
0.09828394 0.13214846 0.02911258 0.00243704 0.00609306 -0.01647519
0.08900745 0.07872374 0.01135615 0.00795513 0.00757458 -0.01040571
0.05134881 -0.01090137 -0.04515614 0.00015321 0.00851685 -0.01336865
0.06048298 0.08832708 -0.00586069 0.00051864 0.00615213 -0.02093394
0.08500516 0.04600475 0.04759156 0.00916184 0.00632692 -0.01485281
0.04444188 0.06722529 -0.00246666 -0.00018788 0.00261223 -0.01274674
0.06813237 0.05466313 0.07659240 0.00906728 0.00827536 -0.01612406
