0.03063679 0.17712086 0.00828553 -0.00263480 0.00520299 -0.01908420
0.10705527 0.12650019 0.01323486 0.00150160 0.00316822 -0.01377171
0.06252034 0.08082086 -0.03800589 -0.00847680 0.00480859 -0.01240319
0.07813352 0.12496013 -0.05759228 -0.00745770 0.00379714 -0.02566126
0.15378928 0.13906199 0.07093975 -0.00450764 0.00422295 -0.01793521
0.05003106 0.17997110 0.02899102 -0.00493360 0.00035162 -0.01229783
0.10951450 0.15399829 0.03996205 0.00460888 0.00590772 -0.01832847
0.00698952 0.17025981 0.00392018 -0.00371086 0.00528021 -0.01785753
0.09542494 0.12548000 0.01011732 -0.00125738 0.00264850 -0.01356439
0.05070176 0.08109790 -0.03446138 -0.01025459 0.00492239 -0.01350928
0.06135746 0.12580092 -0.06160604 -0.00964783 0.00371016 -0.02484588
0.13737752 0.12315953 0.06499649 -0.00655642 0.00352963 -0.01780332
0.02892981 0.17658398 0.03129454 -0.00702453 -0.00007281 -0.00987512
0.09791277 0.15127108 0.03256151 0.00318756 0.00513895 -0.01589606
-0.14926145 -0.00078456 -0.06665614 -0.01581716 0.00685700 0.00004409
-0.09313102 0.04384133 0.04672867 -0.01690533 0.00515086 0.00116994
-0.05266926 -0.00289046 0.00784261 -0.02616496 0.00479070 0.00085467
-0.15267751 0.01138169 -0.03037086 -0.02111057 0.00321260 -0.00698376
-0.08422705 -0.00519951 -0.01556990 -0.01877769 0.00619178 0.00310107
-0.14537542 0.05602647 0.00835236 -0.02210882 0.00447740 0.00797953
-0.07436486 0.06857024 0.04250990 -0.00845039 0.00694439 -0.00278803
0.22510752 0.31504877 0.04677445 0.02529797 0.00560670 -0.05998021
0.30170696 0.28766479 0.11102202 0.03262651 0.00777562 -0.05081993
0.33772197 0.24430458 -0.01259821 0.02098049 0.00429742 -0.04397440
0.33809491 0.24837736 -0.05999864 0.01710580 0.00095618 -0.05131771
0.26958022 0.35427272 0.10519552 0.02565282 0.00743036 -0.04246075
0.29098758 0.29071672 0.10650804 0.02066976 0.00529439 -0.04805677
0.25857193 0.28357267 0.04397997 0.04200147 0.00421380 -0.05114676
0.68796001 0.57369269 0.16125353 0.07359927 0.00043156 -0.17608745
0.61435722 0.58660112 0.30374911 0.09895597 0.00827216 -0.13910370
1.00653589 0.43831848 0.05124968 0.08328632 0.00382994 -0.11605946
0.91379128 0.47796637 -0.04339539 0.07574050 -0.01511746 -0.10043675
0.64649649 0.81476331 0.22612177 0.09780143 0.01896295 -0.11183349
0.91572538 0.57962067 0.21618394 0.09262684 0.02093125 -0.13280766
0.67506164 0.47195956 0.10271161 0.13360691 0.00711695 -0.14283253
0.63541070 0.55977941 0.14418583 0.06767392 0.00037318 -0.16708306
0.57926148 0.55884726 0.28312624 0.09199619 0.00760372 -0.13234036
0.93845196 0.42243246 0.04420677 0.07562225 0.00335780 -0.10956935
0.85583784 0.45904614 -0.05090188 0.06951737 -0.01428446 -0.09709687
0.60424380 0.78574091 0.22030896 0.08952819 0.01767958 -0.10589466
0.85227869 0.56201063 0.20501656 0.08597662 0.01919561 -0.12505140
0.62949851 0.46200842 0.09746930 0.12525378 0.00651607 -0.13580509
0.35256751 0.27166074 0.06954033 0.02857398 0.02073216 -0.03986397
0.41830212 0.23036489 0.09164312 0.03267291 0.02244692 -0.03421322
0.42277727 0.21976683 0.00901756 0.01852824 0.01813999 -0.02858973
0.44063322 0.20907871 -0.03957737 0.01890150 0.01741464 -0.03827345
0.40191919 0.29349374 0.07409085 0.02674264 0.01997172 -0.02393106
0.37480835 0.24144735 0.08415459 0.01616917 0.01786912 -0.03661203
0.34180123 0.22720426 0.03510396 0.03847907 0.01684747 -0.03139048
0.61529838 0.38391829 0.12242451 0.05393056 0.01332904 -0.09806501
0.62344976 0.36599696 0.19336961 0.06925615 0.02029149 -0.08063844
0.81057467 0.30343495 0.04241043 0.05785553 0.01566764 -0.06911543
0.79909720 0.32219056 -0.01389542 0.05158538 0.00829377 -0.06206692
0.63912950 0.50692320 0.13582929 0.06673810 0.02432920 -0.06272579
0.76851867 0.36421116 0.14267202 0.05789341 0.02362119 -0.07580054
0.60340039 0.31496022 0.05555192 0.08370178 0.01813247 -0.07474427
1.00288428 0.09890377 0.12563856 0.01922586 0.02864754 0.00920345
0.97921461 0.04631464 0.08466702 0.02474772 0.03756196 0.00339896
1.06069036 0.07853142 0.06515143 0.01898963 0.03288397 0.01220904
1.14466734 0.03030162 0.10120307 0.01579039 0.03420613 0.00329033
1.03790522 0.10198124 0.05471610 0.02237753 0.03472325 0.01236665
1.03726052 0.06040889 0.06931843 0.01333437 0.03079399 0.00024355
0.92235491 0.03555655 0.03154250 0.01248833 0.03488080 0.01363303
1.04026780 0.01640136 0.11677776 0.01555963 0.03033714 0.02348293
0.99803045 -0.03389555 0.05527279 0.02118686 0.03931675 0.01621122
1.06576018 0.01996318 0.07443484 0.01338194 0.03468462 0.02574729
1.16043739 -0.04788653 0.11508966 0.01270275 0.03707961 0.01428795
1.08393788 0.01502806 0.04710132 0.01721429 0.03547057 0.02558253
1.04017369 -0.00245907 0.05117959 0.01058231 0.03146625 0.01144711
0.95274560 -0.02772819 0.03363931 0.00349601 0.03692981 0.02645353
1.00942619 0.03655355 0.11607794 0.01757675 0.02974792 0.01637641
0.96997812 -0.00876623 0.07405825 0.02440864 0.03839828 0.01106410
1.05651729 0.03354433 0.07394318 0.01451490 0.03407399 0.02140001
1.13661326 -0.00871827 0.10187429 0.01522221 0.03603623 0.01154830
1.04309484 0.04855139 0.05819310 0.01977719 0.03612183 0.02151745
1.01957135 0.02046241 0.05879098 0.01309502 0.03219174 0.00801559
0.92190035 -0.00462143 0.02913293 0.00856580 0.03661833 0.02174891
0.96221834 0.27161881 0.13120577 0.03858558 0.02194358 -0.04769610
0.93188018 0.23995996 0.15613074 0.04922431 0.03068223 -0.04386074
1.11162774 0.21342613 0.05508531 0.04274274 0.02647174 -0.03140361
1.14560537 0.21248549 0.03969710 0.03565553 0.02284534 -0.03068634
0.96945673 0.33132218 0.09002946 0.04834114 0.03262754 -0.02819037
1.07294701 0.22171874 0.10935603 0.03728534 0.03010284 -0.04223660
0.89367807 0.18333126 0.02364430 0.05163286 0.02929862 -0.03386279
1.02977134 0.25288351 0.13974598 0.03682519 0.02156977 -0.04489577
0.96220396 0.23175893 0.15224536 0.04715082 0.03107390 -0.03901753
1.16828583 0.19300021 0.05059231 0.04105810 0.02676872 -0.02934474
1.20833673 0.19894060 0.04662843 0.03517849 0.02389047 -0.02896194
1.02954030 0.30440109 0.09893144 0.04789059 0.03397695 -0.02628337
1.12962894 0.20284960 0.09390565 0.03306649 0.02980856 -0.03858507
0.93348794 0.15674181 0.02647276 0.04754987 0.03085750 -0.03117100
0.57724319 0.48673108 0.12599183 0.05470115 0.00322291 -0.13516150
0.55244789 0.48928566 0.24333809 0.07535056 0.00912519 -0.10737852
0.81708238 0.36598802 0.03126178 0.06231148 0.00511405 -0.08895502
0.77277161 0.40496308 -0.04671553 0.05785011 -0.00845479 -0.07995899
0.56357838 0.65515831 0.18311422 0.07344947 0.01768382 -0.08394211
0.75860351 0.48124105 0.17846735 0.06847191 0.01732544 -0.10073016
0.57790488 0.40822372 0.08527156 0.10252929 0.00822358 -0.11011769
0.84663734 0.32709800 0.13049550 0.04308482 0.02096567 -0.05911908
0.84285229 0.29553860 0.16578916 0.05473342 0.02883618 -0.05314276
1.00744426 0.26460983 0.04833642 0.04689318 0.02346581 -0.04186998
1.03411198 0.25518905 0.00826479 0.04001156 0.01961419 -0.03853213
0.86390555 0.38709693 0.10395491 0.05357524 0.03003644 -0.03510635
0.96163370 0.27468191 0.12788571 0.04147888 0.02767079 -0.05071324
0.80176182 0.24616282 0.03268622 0.06133596 0.02528517 -0.04319291
0.77768274 -0.25108291 0.01608972 0.01902009 0.01322215 0.07779500
0.55012338 -0.23225605 0.06663107 0.01140228 0.01328271 0.06036928
0.59440304 -0.20641837 0.00775388 -0.00391204 0.00962730 0.08236544
0.65421201 -0.14697579 0.12393859 0.01747590 0.01497251 0.05794184
0.64988509 -0.30034367 0.10242632 0.01712288 0.01745508 0.07943548
0.60741838 -0.22059575 0.05962012 0.02647935 0.01168335 0.06136788
0.65024801 -0.19519264 0.09902636 -0.01372264 0.01367849 0.06310824
0.73937476 -0.33695541 -0.00120104 0.01527389 0.01723111 0.08006685
0.48862956 -0.29512331 0.07072180 0.01788033 0.01797760 0.06580406
0.54433975 -0.25869127 0.02699279 -0.00555182 0.01370864 0.08821826
0.58713485 -0.21805950 0.11999396 0.01102001 0.02106933 0.06473672
0.59607033 -0.33745483 0.09901049 0.01486050 0.02097339 0.08187523
0.52144922 -0.25881320 0.04907806 0.02732447 0.01503003 0.06256911
0.61107755 -0.24683412 0.05915075 -0.01695147 0.01688467 0.07219799
0.64649224 0.38721703 0.13028212 0.04667453 0.00740303 -0.10002406
0.62105373 0.38760304 0.20900380 0.06304282 0.01277631 -0.07974844
0.83268456 0.30026048 0.03108719 0.05467938 0.00867171 -0.06598526
0.81868961 0.33528510 -0.01858657 0.04898255 -0.00098319 -0.05813313
0.64520106 0.51978827 0.14245592 0.06309575 0.01828718 -0.06008541
0.78233495 0.38917150 0.15848760 0.05508221 0.01619948 -0.07372129
0.62204242 0.32403044 0.06078366 0.08253344 0.01142468 -0.07948942
0.23769483 0.37765533 0.05282616 0.02253015 0.00579297 -0.08322519
0.29132051 0.36287446 0.14548740 0.03773246 0.00651997 -0.06574854
0.39170153 0.27319379 -0.00837274 0.01902137 0.00340107 -0.05133861
0.36276538 0.28127890 -0.07616726 0.02388259 -0.00394381 -0.05778094
0.28580613 0.47136724 0.15642457 0.02764952 0.01092825 -0.05000300
0.32592237 0.38934056 0.14646949 0.02775947 0.00873203 -0.06079679
0.28881870 0.36601141 0.07251250 0.05437446 0.00503217 -0.06997430
0.41128464 0.38347550 0.09068461 0.03469035 0.00274286 -0.09626312
0.40640831 0.36956720 0.17238021 0.05257311 0.00598612 -0.07409538
0.56672528 0.27226221 0.00603613 0.03975645 0.00282006 -0.05970178
0.54962348 0.31493008 -0.05101047 0.03774008 -0.00712645 -0.05698972
0.41629922 0.49057439 0.15005533 0.04789483 0.01124367 -0.05705615
0.51361401 0.39190255 0.13831843 0.04513343 0.00947488 -0.06757163
0.41931227 0.34382056 0.07938456 0.07119300 0.00474904 -0.07897044
0.98054804 0.00032838 0.10447979 0.01448051 0.02666197 0.02609317
0.92222497 -0.04215113 0.07765532 0.02054094 0.03443481 0.01990655
1.00448750 0.00252370 0.06436802 0.01217658 0.02991316 0.02963248
1.07757717 -0.03264711 0.10468538 0.01014323 0.03224875 0.02249602
0.99780008 0.01202290 0.04951442 0.01624770 0.03190152 0.02996144
0.96821494 0.00075774 0.06781608 0.00909198 0.02712392 0.01675827
0.88852815 -0.02316542 0.03301171 0.00429901 0.03223518 0.02944069
0.90138458 0.18944597 0.09942668 0.01170009 0.01538401 -0.01023149
0.87182127 0.16153818 0.12474928 0.01839529 0.02190722 -0.01291910
0.99912621 0.12667918 0.02479351 0.01329167 0.01832682 -0.00222514
1.03681415 0.15711900 0.02261661 0.00585370 0.01505007 -0.00517137
0.88997632 0.20882297 0.07746855 0.01785348 0.02333866 -0.00135436
0.94840333 0.15237635 0.09418566 0.00740637 0.01792010 -0.01091246
0.81038371 0.12591400 0.01379631 0.02552919 0.01990735 -0.00716481
0.53546391 0.30521138 0.07228210 0.01596524 0.00936338 -0.04026912
0.59009977 0.28107490 0.13421381 0.02573558 0.01196572 -0.03634460
0.65164737 0.22355620 0.00073739 0.01775521 0.00950426 -0.02555906
0.68154499 0.25414610 -0.04523129 0.01297007 0.00429767 -0.03044040
0.57220623 0.34438029 0.07990161 0.02289267 0.01476141 -0.02266171
0.62349547 0.27867433 0.11084087 0.01547558 0.01118391 -0.03083019
0.52052483 0.26156884 0.02904071 0.03943791 0.01052125 -0.03562077
0.64956725 -0.17407246 0.06362382 0.03105903 0.02759121 0.03004209
0.53799719 -0.18702490 0.05457325 0.03520806 0.03175244 0.02560012
0.59254069 -0.13081769 0.06193949 0.01495450 0.02577534 0.03473331
0.60816105 -0.14344904 0.12239561 0.01662675 0.03122187 0.02918272
0.60871001 -0.14289264 0.05726933 0.02571927 0.02866341 0.03333877
0.55503402 -0.11599674 0.05651324 0.02580288 0.02341361 0.01968586
0.53885497 -0.12647266 0.02875458 0.01467613 0.02685348 0.03625754
0.52892990 0.39914511 0.10171741 0.03336572 -0.00088137 -0.09987608
0.49360581 0.40578667 0.19996189 0.05337585 0.00390788 -0.07806143
0.73052302 0.28577015 0.00653051 0.03874962 0.00166804 -0.06305782
0.67907669 0.34332339 -0.05029762 0.03421388 -0.01000018 -0.05752394
0.51804613 0.53651430 0.16235145 0.04968423 0.01184009 -0.06190165
0.66081978 0.41617896 0.14903190 0.04446291 0.01005540 -0.07299240
0.51635578 0.34918040 0.06221926 0.07736855 0.00434618 -0.08479906
0.10604994 0.26649976 0.01651572 0.00334460 0.00620922 -0.03549814
0.17604047 0.23748752 0.07603908 0.00920657 0.00408494 -0.02676359
0.17267363 0.18931974 -0.01820057 -0.00530473 0.00439353 -0.02180458
0.16577149 0.21009553 -0.09074733 -0.00111245 0.00142949 -0.03677402
0.16599685 0.25442513 0.09125404 0.00007339 0.00488712 -0.02258721
0.12172745 0.24920061 0.09237921 -0.00006828 0.00218539 -0.02462175
0.16292915 0.25320847 0.04217507 0.01566996 0.00436937 -0.03114978
0.06085803 0.09056676 0.00170670 -0.01876270 0.00242468 0.00532927
0.09322948 0.05272315 -0.00869603 -0.01583094 0.00018207 0.00697990
0.03143451 -0.02996189 -0.05055460 -0.02330358 0.00307178 0.00681369
0.03864422 0.05416067 -0.02092573 -0.02283303 -0.00054143 -0.00338128
0.09050122 0.00744677 0.03898407 -0.01696041 0.00108060 0.00293057
0.03226224 0.07219981 -0.00049558 -0.01939294 -0.00293822 0.00690371
0.07489942 0.05375505 0.05905591 -0.01006388 0.00304171 0.00002778
0.00899816 0.05691775 0.01597659 -0.00809008 0.00407704 -0.00735900
-0.13896907 -0.00095285 -0.02935643 -0.01470526 -0.00309847 0.00428564
-0.08385930 -0.06033368 -0.10015970 0.00101399 0.00154450 -0.00857565
-0.12151295 0.06379333 0.00335508 -0.00535201 0.00263477 -0.00276239
-0.01328144 -0.07588335 0.02228241 0.00427016 0.00024823 -0.00136408
-0.06809558 0.00016570 -0.05824947 -0.00349830 -0.00139555 -0.00326447
-0.01857079 -0.08566607 -0.01841174 -0.00602402 0.00681893 -0.00973810
0.01336001 0.01084514 -0.01720741 -0.03008757 -0.00064161 0.01774791
0.06924595 0.01182544 0.01403817 -0.02650111 -0.00262700 0.01434844
0.04241769 -0.02457049 -0.02091105 -0.03973879 -0.00152394 0.01883447
0.02399361 0.02153960 -0.04587661 -0.03856470 -0.00428761 0.00825374
0.08296034 0.01122219 0.02986196 -0.03619109 -0.00089507 0.01404190
0.00816791 0.07682267 0.04204251 -0.03161752 -0.00522679 0.01775219
0.06347321 0.07421265 0.01902316 -0.01903526 0.00002014 0.00950261
0.07325906 0.22630040 -0.00816708 -0.01171898 0.00282626 -0.01822808
0.17216615 0.19313738 0.04223577 -0.00692202 -0.00110048 -0.01351486
0.14998367 0.13725492 -0.01143772 -0.02347262 0.00040358 -0.00742014
0.14084443 0.17888363 -0.09890748 -0.01761753 -0.00299375 -0.02503004
0.18650014 0.22374047 0.09026187 -0.01729975 0.00149604 -0.01046948
0.10861845 0.23674700 0.09302301 -0.01464484 -0.00091934 -0.01242495
0.17024102 0.24589207 0.03291868 0.00120299 0.00193818 -0.02164630
-0.08294750 0.06657626 -0.02223569 -0.01608457 0.00426489 0.00381486
0.02029520 0.05866323 0.01372779 -0.01558000 0.00222946 0.00223695
-0.00973077 0.04024403 -0.01476052 -0.02339020 0.00375845 -0.00007211
-0.03576261 0.08508850 -0.05806455 -0.02524271 0.00118049 -0.00444084
0.03813797 0.03762390 0.00443926 -0.01942704 0.00190483 -0.00149400
-0.06682115 0.09761459 0.02904045 -0.02062006 -0.00067145 0.00862331
0.01531412 0.12644478 -0.00252203 -0.00803331 0.00287202 0.00082624
-0.16447576 -0.06540902 -0.07608327 -0.01081091 0.00663268 0.00353878
-0.10405188 -0.01392049 0.03211317 -0.00932500 0.00394276 0.00884943
-0.08370492 -0.08739876 0.00845789 -0.01222938 0.00495424 0.00231734
-0.19132873 -0.02512502 -0.00544251 -0.01590853 0.00094771 0.00466845
-0.12094491 -0.10514192 -0.05856104 -0.00767558 0.00184639 0.00267333
-0.20334931 -0.04585037 -0.04033895 -0.01253698 0.00046173 0.01313253
-0.11799756 -0.00894965 0.04960428 -0.00661058 0.00482299 0.00487752
0.05487613 0.18306337 -0.00592383 -0.01049206 0.00190200 -0.01513281
0.14399629 0.13588630 0.02130629 -0.00592958 -0.00078076 -0.01009881
0.09641204 0.07462074 -0.03451322 -0.01730673 0.00132404 -0.00614753
0.11495306 0.12346465 -0.06981644 -0.01413973 -0.00073810 -0.02237840
0.18329453 0.16443932 0.07590600 -0.01328192 0.00156488 -0.01229781
0.08472168 0.19455604 0.03826298 -0.01131226 -0.00237598 -0.00936167
0.14360916 0.17187230 0.04409593 -0.00119212 0.00326796 -0.01887531
0.11429956 0.28392168 0.00852419 0.00360176 0.00453875 -0.04374307
0.20389084 0.25557792 0.09060695 0.01246767 0.00226472 -0.03316180
0.20944893 0.18299017 -0.01726812 -0.00387427 0.00189460 -0.02598428
0.19689627 0.21309059 -0.08554577 0.00145206 -0.00163008 -0.04014156
0.19524144 0.31443298 0.12125917 0.00221182 0.00488589 -0.02722453
0.16051641 0.28470559 0.10569777 0.00408610 0.00264405 -0.02965465
0.18674947 0.28220892 0.06267727 0.01885187 0.00431440 -0.03903496
0.03337231 0.16595833 -0.00071952 -0.00780483 0.00369643 -0.01121360
0.11187660 0.12378499 0.00981978 -0.00423669 0.00072296 -0.00829952
0.06681744 0.08050022 -0.02705558 -0.01525620 0.00292109 -0.00766314
0.08141301 0.13494190 -0.06990277 -0.01408206 0.00105377 -0.01914404
0.14458005 0.12392579 0.06026960 -0.01012370 0.00196695 -0.01075845
0.04088480 0.16926274 0.04709419 -0.01183107 -0.00130463 -0.00574667
0.11637835 0.16877308 0.02855094 0.00047178 0.00344293 -0.01334045
0.05531420 0.17038219 0.00018568 -0.01112495 0.00270128 -0.01133059
0.13486326 0.12738505 0.01220419 -0.00737050 -0.00050332 -0.00762390
0.08005271 0.06698049 -0.03257050 -0.01776753 0.00191234 -0.00479946
0.10023844 0.12487750 -0.07205118 -0.01541324 -0.00033548 -0.01960617
0.16473927 0.13331352 0.06679541 -0.01353444 0.00125024 -0.01032927
0.06952391 0.17513216 0.03697052 -0.01277663 -0.00221912 -0.00589558
0.13262056 0.15919484 0.03718378 -0.00181837 0.00314294 -0.01517328
0.05081587 0.14413437 0.00486782 -0.01331234 0.00193129 -0.00748456
0.12368872 0.10008037 0.00071984 -0.01000196 -0.00103496 -0.00379566
0.06295871 0.03640487 -0.04682065 -0.01821010 0.00167228 -0.00179304
0.08988959 0.09735979 -0.05388785 -0.01680756 -0.00035119 -0.01577133
0.16107228 0.09611702 0.05632375 -0.01447268 0.00075628 -0.00857415
0.06246724 0.15209309 0.01213234 -0.01443261 -0.00332411 -0.00180562
0.12393158 0.11908689 0.03981638 -0.00484106 0.00307187 -0.01080444
0.03547259 0.15168546 0.00458716 -0.01103195 0.00270527 -0.01059276
0.11506468 0.10568703 0.00227925 -0.00782408 -0.00010907 -0.00663967
0.06032352 0.04760885 -0.04449668 -0.01609924 0.00262526 -0.00530961
0.08213507 0.10386050 -0.05468137 -0.01488806 0.00081802 -0.01857098
0.15651248 0.10164402 0.05912691 -0.01239679 0.00161310 -0.01162546
0.05455035 0.15629224 0.01618529 -0.01213202 -0.00235890 -0.00401393
0.11719426 0.12673828 0.03847697 -0.00300210 0.00380762 -0.01229046
0.03926599 0.15553145 0.00279736 -0.01050906 0.00290006 -0.01048203
0.12061866 0.11234503 0.00411702 -0.00750706 -0.00008012 -0.00694585
0.06509735 0.05363885 -0.03820794 -0.01625380 0.00246111 -0.00512126
0.08506683 0.11258072 -0.06077545 -0.01475839 0.00054169 -0.01875768
0.15551797 0.11104725 0.05843055 -0.01226620 0.00123068 -0.01095796
0.05463423 0.16477784 0.02408171 -0.01246096 -0.00243638 -0.00421526
0.11963887 0.13865045 0.03600002 -0.00224296 0.00350145 -0.01293918
0.05069669 0.22317715 -0.00345840 -0.00178256 0.00373463 -0.02748059
0.13815120 0.17870864 0.04222927 0.00410593 0.00158240 -0.01916208
0.10923220 0.11728789 -0.02074854 -0.00917286 0.00270429 -0.01643175
0.11312054 0.15432525 -0.07633382 -0.00582429 0.00084502 -0.03104849
0.16873762 0.21606149 0.08831047 -0.00445963 0.00324363 -0.01994032
0.08202651 0.22517448 0.06110171 -0.00283478 0.00008307 -0.01895854
0.11786356 0.18356841 0.03595223 0.00194524 0.00437744 -0.01970353
0.12990056 0.09371998 0.00071406 -0.00109719 0.00223534 -0.00728223
0.06412091 0.00373130 -0.05185632 -0.00827194 0.00436598 -0.00757221
0.09570676 0.10271257 -0.03658769 -0.00681614 0.00170820 -0.01847661
0.11429290 0.06349247 0.05374780 -0.00204828 0.00197893 -0.01076087
0.07029791 0.09725446 -0.00291007 -0.00653789 -0.00135622 -0.00879384
0.11397907 0.07577312 0.07051248 0.00237896 0.00475095 -0.01454520
