0.10971968 0.10407921 -0.00760430 -0.00499633 0.00377138 -0.00598248
0.08675739 0.15466047 -0.10774587 -0.01509073 0.00122213 -0.00854937
0.15136673 0.12490169 -0.06974130 -0.00133617 0.00257857 -0.02029999
0.09061197 0.05953419 -0.02317152 -0.00750041 0.00073535 -0.00704878
0.12260232 0.05721794 -0.05066398 -0.00687469 0.00702282 -0.00410664
0.18061867 0.04796010 -0.06499778 -0.02702851 0.00339440 0.00512913
0.16312294 0.02765250 -0.04468417 0.00074314 0.00297034 -0.00167892
0.07218060 0.15548965 -0.01226177 0.00901578 0.00309540 -0.00017020
0.03069437 0.20118598 -0.09516043 -0.00217429 0.00081872 -0.00658930
0.11030606 0.16529318 -0.05664179 0.01462770 0.00180242 -0.01709686
0.04376932 0.12801908 -0.02150969 0.00542802 0.00007839 -0.00483684
0.09445678 0.11523745 -0.03850387 0.00267917 0.00574779 -0.00220369
0.14205391 0.10907859 -0.05618046 -0.01264254 0.00239464 0.00774360
0.11864801 0.09879430 -0.02634150 0.01396596 0.00174649 0.00280713
0.13343570 0.01215317 0.00048028 -0.00129678 0.01191009 0.00097034
0.10122685 0.04190678 -0.04451801 -0.01431785 0.01117400 -0.00213089
0.14909453 0.02913301 -0.00095409 -0.00069169 0.01031901 -0.00961189
0.11670813 0.02671501 -0.00569990 -0.00610880 0.01225177 0.00399345
0.12140009 0.02421652 0.01388870 -0.00378793 0.01490191 -0.00047148
0.17267996 0.00007296 -0.03539183 -0.01564528 0.01192587 0.00849655
0.12960915 0.00427933 -0.02273747 0.00302142 0.01175933 -0.00003017
-0.03930040 -0.19558590 0.13473731 0.03872471 -0.00025943 0.01720732
-0.07217774 -0.24870157 0.06748689 0.02795363 0.00803261 -0.00772583
-0.03615616 -0.32895867 0.12206172 0.04467913 0.00208982 -0.00553322
-0.08205202 -0.37694499 0.17738797 0.04748682 0.00940774 0.01135560
-0.12257890 -0.29437656 0.05027415 0.04730810 0.00254981 0.00907001
-0.09824767 -0.29229086 0.02904843 0.03895783 0.00805308 0.02119221
-0.01681070 -0.21351729 0.11018439 0.03665560 0.00537026 -0.00308969
-0.09884423 -0.14469206 0.12610529 0.03531891 -0.01357594 -0.00674122
-0.16102111 -0.15647961 0.08632637 0.02687091 -0.00513517 -0.03078099
-0.10219329 -0.18664652 0.08981835 0.04104092 -0.01417216 -0.02816483
-0.17817233 -0.23740672 0.16081233 0.04674584 -0.00828451 -0.00640842
-0.25997680 -0.19080412 0.07202875 0.05130411 -0.01458569 -0.00670033
-0.19730188 -0.21102451 0.03850627 0.03892245 -0.01097400 0.00247928
-0.15672483 -0.08861390 0.10320694 0.03492020 -0.00873692 -0.02290076
0.14549184 0.10319614 -0.00614863 0.00354480 0.02636907 0.01226787
0.14328027 0.13143492 -0.06727113 -0.00888766 0.02887407 0.01003882
0.16225990 0.09109694 -0.05936718 0.01022429 0.02699130 0.00503534
0.10189397 0.01952904 0.02038137 -0.00293099 0.02832058 0.01492612
0.11219196 0.04416506 -0.00149304 -0.00025354 0.03131630 0.01206390
0.17074445 -0.00302760 -0.05207771 -0.01559917 0.02762838 0.02845159
0.16616996 0.01113452 -0.01530380 0.00880716 0.02597975 0.01846965
-0.05424575 -0.09575562 0.07350229 0.00187229 0.01573078 -0.01205250
-0.11672365 -0.11256701 0.03888007 -0.00699030 0.01950905 -0.02293265
-0.00709013 -0.13355661 0.02041412 0.00484370 0.01673686 -0.02114919
-0.06527177 -0.17520048 0.12590445 0.00063707 0.01985745 -0.00182964
-0.08082118 -0.12626326 -0.00600834 0.00878843 0.01921182 -0.01367159
-0.01097898 -0.14292162 0.00908863 0.00270158 0.01708899 -0.00320565
-0.09513888 -0.08955586 0.02663856 0.01271848 0.01938132 -0.01728714
-0.06731504 -0.14652172 0.07561395 0.01200282 0.01139631 0.00965330
-0.07871633 -0.17292891 0.06688717 0.00355695 0.01657064 -0.00627469
-0.04541931 -0.17427336 0.05885703 0.01914924 0.01069537 -0.00478798
-0.08350012 -0.28085425 0.14166114 0.01327007 0.01647875 0.01763763
-0.18737519 -0.21396684 0.02528719 0.02126600 0.01105386 0.00707166
-0.08379152 -0.22979833 0.04692764 0.01241454 0.01412222 0.02076157
-0.07573905 -0.15663680 0.05857752 0.01855955 0.01310850 0.00111300
0.61489109 0.07319781 -0.01121806 0.00000977 0.02323565 0.03551356
0.51981267 0.13754487 -0.04869199 0.00610614 0.02814914 0.02633571
0.51731702 0.04047581 0.00522981 -0.00559733 0.02814259 0.03503324
0.54858062 0.09672644 0.00538650 0.00465448 0.03361836 0.04281590
0.53821012 0.10620088 -0.07330899 -0.00014662 0.03339681 0.03786160
0.54506563 0.04396304 -0.00666763 -0.00093006 0.03243482 0.03359064
0.51765438 0.11751175 -0.01975179 -0.00549621 0.03214322 0.01858569
0.28489839 -0.06355624 -0.11656869 -0.00486227 0.05426631 0.00252646
0.22906719 -0.01903587 -0.10383747 -0.00730051 0.05993824 0.00601940
0.20264804 -0.10539785 -0.09850767 -0.00537524 0.05485001 -0.00195010
0.14419371 -0.05541679 -0.03885655 -0.00487808 0.06204298 0.01310620
0.18085254 -0.09736428 -0.09537593 -0.00681291 0.06005699 0.00686540
0.21564072 -0.11286383 -0.10844715 -0.00399027 0.05456861 0.01190560
0.21046631 -0.06811517 -0.12845931 -0.00245002 0.05327092 -0.00727163
0.41097227 -0.04053419 -0.05204232 -0.03975455 0.07036398 0.00573448
0.39309885 -0.04090407 -0.07006443 -0.04106530 0.07225457 0.02487671
0.38997840 -0.04464425 -0.09061895 -0.04024744 0.07158432 0.02636696
0.37068382 0.00511592 -0.04632552 -0.04218724 0.07890605 0.02409223
0.36777634 -0.06195690 -0.10326427 -0.04679486 0.07853104 0.02070122
0.36911622 -0.08349331 -0.08172216 -0.03655201 0.06997595 0.01844962
0.36964342 -0.09580397 -0.13330230 -0.03678526 0.07050822 0.00954419
0.51107727 -0.01890169 -0.07333060 -0.02058048 0.05703961 0.01708510
0.47920626 -0.01242335 -0.07481814 -0.02323875 0.06235100 0.02574666
0.47335435 -0.04531473 -0.04496343 -0.01844586 0.06014581 0.02035216
0.48840325 -0.06196260 -0.03444071 -0.02007528 0.06741959 0.02518603
0.48652302 -0.04424256 -0.07946077 -0.02368606 0.06716412 0.02397044
0.50148502 -0.08245887 -0.05760156 -0.02396938 0.06301130 0.02434019
0.54447431 -0.07047716 -0.10615011 -0.01547094 0.05980345 0.01114636
0.78003183 -0.11383857 0.02354836 0.02581727 0.07838860 0.04194535
0.70915252 -0.10719106 -0.04605346 0.02657933 0.09351017 0.03299685
0.71312234 -0.18051676 -0.04481129 0.02471576 0.08947004 0.02964727
0.71216993 -0.19357480 0.01118106 0.03953708 0.09887084 0.04899340
0.78475103 -0.14001191 -0.08459368 0.02580374 0.09714278 0.04009533
0.72628006 -0.17330773 -0.04585760 0.02883284 0.09323577 0.03904848
0.73412493 -0.12070787 -0.08595762 0.01707833 0.08754412 0.01335337
0.29368933 -0.10910843 -0.02194623 0.00905336 0.04659186 0.02510113
0.22922020 -0.09192497 -0.07388021 0.00705490 0.05612385 0.01520351
0.19090578 -0.17056160 -0.06586702 0.00341370 0.05247360 0.02010133
0.19411769 -0.19248996 0.01118965 0.00866085 0.05863046 0.03206270
0.23520220 -0.14817887 -0.05585901 0.00536783 0.05351035 0.02572788
0.22038622 -0.16658824 -0.02170441 0.01714695 0.05441814 0.02530968
0.24241883 -0.14224081 -0.05030800 0.00232174 0.05015249 0.01140511
0.99654682 -0.01549885 0.01728090 0.04331109 0.08505905 0.04422078
0.89870974 0.00646912 -0.08128864 0.04635815 0.09616009 0.03182296
0.95199801 -0.03304641 -0.08461973 0.04068311 0.09302144 0.03872290
0.92463121 -0.03471335 -0.01100132 0.05235581 0.10420532 0.04373272
1.02839641 0.01313580 -0.10617071 0.04280488 0.10320615 0.03502494
0.98070599 0.00318114 -0.03609981 0.04999584 0.10276312 0.02714154
0.95114209 0.03358486 -0.08800494 0.02302155 0.09501434 0.01575369
0.90616487 -0.01826494 -0.04320273 0.00759059 0.07798254 0.05426567
0.81856109 -0.03680513 -0.08653232 0.00719307 0.08941446 0.05072240
0.82465969 -0.08141738 -0.12282712 0.00360165 0.08608217 0.04347881
0.79131633 -0.07310878 0.00753286 0.01361269 0.09285488 0.06132658
0.85171610 -0.09726563 -0.13752700 0.00874785 0.09262824 0.05238349
0.82317881 -0.08288994 -0.09543916 0.01152221 0.08858075 0.05555996
0.80502100 -0.04789772 -0.13078183 -0.00091272 0.08231490 0.03684561
0.83071955 -0.07929182 0.11240374 0.00564814 0.06656033 0.05043741
0.74996114 -0.06457228 -0.04015814 0.01281306 0.06948441 0.03889322
0.89171007 -0.03659287 0.02261015 -0.00195519 0.07096302 0.06026454
0.80721527 -0.06507328 0.00843579 0.00427110 0.08366151 0.06331936
0.98116182 -0.07109573 -0.08110245 -0.00292376 0.08109272 0.04442837
0.95065780 -0.06519063 0.03055241 0.02371367 0.08411453 0.02505656
0.92431054 -0.00972773 -0.04134582 -0.03017710 0.07845013 0.03092206
1.02157749 -0.02412665 0.11494944 0.03912064 0.02435154 0.05050048
0.93414694 0.00937328 -0.07472062 0.03774468 0.02634611 0.03875697
1.09876461 0.04824494 -0.01772519 0.02826009 0.02968220 0.05315394
0.96866086 -0.00507798 0.03566417 0.03578495 0.04016963 0.06100522
1.18730046 -0.03731985 -0.13726485 0.02847351 0.03826128 0.04328485
1.19175464 0.02277398 0.01651281 0.03995407 0.04837557 0.02488723
1.13560103 0.04828355 -0.02281002 -0.01209445 0.04232394 0.03699096
1.03696533 -0.26202194 0.10097162 0.03064040 0.04938410 0.12645197
0.85107803 -0.13126888 -0.09998417 0.03128938 0.05757714 0.10548810
1.08429499 -0.19155528 -0.09300534 0.02405448 0.05976145 0.13053722
0.98051131 -0.19800005 -0.01104127 0.02755643 0.06898325 0.12511120
1.16212100 -0.16316598 -0.13878924 0.01161358 0.06782157 0.11311696
1.14214271 -0.08388256 -0.03745185 0.03999321 0.07184206 0.09210981
1.07608907 -0.08029249 -0.08170701 -0.01348435 0.06182875 0.09588439
0.95152803 -0.07593706 0.06470948 0.02242469 0.05962983 0.06072810
0.85904017 -0.08431167 -0.06778694 0.02507240 0.06852586 0.04248404
0.95696621 -0.09534102 -0.04590614 0.01252121 0.06827707 0.06538736
0.88664956 -0.13636367 0.01393448 0.02070152 0.07773001 0.06757308
1.02964155 -0.11158747 -0.10625708 0.01534380 0.07494381 0.05191312
0.99177271 -0.07672776 -0.01370358 0.03296918 0.07727731 0.03379991
0.97989745 -0.04725620 -0.09148578 -0.00688531 0.07274542 0.04375076
1.15795471 -0.18890206 0.11971129 0.03218457 -0.00270850 0.09249355
0.98973349 -0.11281365 -0.09501426 0.02832204 0.00477613 0.07263528
1.15963437 -0.16332528 -0.08235203 0.02364259 0.00920732 0.08751050
1.05812922 -0.22910260 0.01026680 0.02417829 0.01625657 0.10020593
1.25136912 -0.15522304 -0.16328521 0.02400058 0.01207047 0.08182194
1.22314960 -0.13221404 -0.01065458 0.03603120 0.02269286 0.05597178
1.17606781 -0.13687746 -0.01364777 -0.02172787 0.01727999 0.06841125
1.30116895 -0.09819848 0.13225213 0.05927877 0.02775219 0.11479344
1.13661841 0.15109680 -0.00392331 0.04224757 0.03460349 0.10154955
1.41502619 0.04715237 0.04251152 0.04146323 0.03815719 0.12214212
1.27688557 -0.00262234 0.07545562 0.04312771 0.04986932 0.11306096
1.50456667 0.09852746 -0.13311419 0.03652935 0.04600408 0.10843334
1.53283805 0.15865404 0.09342378 0.06320530 0.05707044 0.07434157
1.45826519 0.13127462 0.05575188 -0.01867872 0.04842501 0.09106252
0.93126006 -0.00007006 0.01287115 -0.00018649 -0.00996847 0.04995338
0.77879950 0.12508021 -0.16309183 0.00469270 -0.01303738 0.05316149
0.90954624 0.05443218 -0.13123045 -0.00191833 -0.00689599 0.06274195
0.80878228 0.04551816 -0.05999901 -0.01274117 -0.00050815 0.07271776
0.84035888 -0.01191279 -0.28318822 -0.00456919 -0.00200229 0.05265947
0.90485483 0.03022864 -0.08488756 0.00323436 0.00627396 0.03904079
0.94839118 -0.00523802 -0.09528510 -0.04403527 -0.00062914 0.04536077
0.50408699 -0.22671750 -0.08742635 -0.01184541 -0.01227069 0.04919748
0.42560969 -0.13995246 -0.17486967 -0.01687081 -0.00714687 0.02373820
0.45760181 -0.21472158 -0.16636772 -0.00863686 -0.01105933 0.03986743
0.36404330 -0.21695789 -0.09037089 -0.02137788 -0.00789120 0.04611679
0.37344430 -0.20235749 -0.14537546 -0.01297943 -0.01296653 0.03512509
0.43344192 -0.21128386 -0.10373550 0.00094786 -0.00981446 0.02726691
0.48570011 -0.17623588 -0.12814516 -0.02292135 -0.01092145 0.03500234
0.11803654 -0.33478994 0.04567456 -0.03987677 0.01881574 0.04652305
0.10090597 -0.28655900 -0.01198471 -0.04599964 0.02815503 0.02424857
0.20621818 -0.28782684 -0.00903491 -0.04097692 0.02271425 0.04057651
0.10079649 -0.27821658 0.02920534 -0.05429787 0.03184956 0.04418084
0.09201034 -0.19960353 -0.01812224 -0.04028243 0.02416116 0.03029416
0.15397333 -0.26121140 0.00422525 -0.01962495 0.02257328 0.02974659
0.19615423 -0.18436220 0.02185022 -0.05278966 0.02267367 0.02108375
-0.34583613 0.12461612 0.12419909 -0.00740636 -0.05953063 -0.02925315
-0.38324412 0.19580353 0.09653651 -0.01996862 -0.05507767 -0.02736545
-0.30721605 0.17454468 0.09753151 -0.00190287 -0.05839933 -0.03044038
-0.39256904 0.08257673 0.18877197 -0.00304139 -0.05809452 -0.02445773
-0.36019821 0.12614255 0.05127715 0.00091836 -0.05713927 -0.02289269
-0.33235453 0.04775466 0.06172617 -0.02618591 -0.05356011 -0.02558545
-0.27930647 0.07153499 0.04766871 -0.00897196 -0.05230545 -0.02826807
-0.63136205 0.02551228 0.04267326 0.01719102 -0.08679293 -0.02228985
-0.66408709 0.05404977 0.08252429 0.01746267 -0.08563368 -0.04875834
-0.60984325 -0.00626552 0.02609658 0.01433076 -0.08504330 -0.03074450
-0.62933020 -0.01498074 0.14235278 0.02318297 -0.09065185 -0.03354425
-0.59603006 0.00838112 0.04505048 0.03044887 -0.09017200 -0.02846364
-0.61352462 0.01066891 0.09147451 0.00804140 -0.08299929 -0.04447095
-0.55357095 0.03119836 0.01485481 0.01760315 -0.07400529 -0.02409658
-1.13743015 0.14716211 0.01947185 0.01869190 -0.01814040 -0.08983892
-1.17908292 0.27782880 0.08899005 -0.01620599 -0.01102782 -0.08953056
-1.06901854 0.13016441 0.01204061 0.01740929 -0.01100853 -0.07183474
-1.20583549 0.24575848 0.08473716 0.00549864 -0.01347922 -0.07601829
-1.13830782 0.16266530 -0.01763425 0.04036531 -0.02560126 -0.06419262
-1.05087616 0.15262667 0.07595091 0.03914580 -0.01459127 -0.08099155
-0.99065498 0.32211039 -0.02098104 0.00732327 -0.01588341 -0.09111066
-1.16108656 0.11112645 0.00066254 -0.02260485 -0.01316103 -0.06807041
-1.21177174 0.24579260 0.05879432 -0.06307134 -0.00929545 -0.06652073
-1.10163704 0.04474238 0.02414375 -0.02418650 -0.00467038 -0.04686149
-1.22318000 0.17728763 0.07154220 -0.03740487 -0.00942927 -0.05440632
-1.12790883 0.10745154 -0.01324718 -0.00543547 -0.02217312 -0.03930629
-1.06828824 0.04595517 0.07768112 0.00101596 -0.00950557 -0.06266513
-1.01422258 0.25520239 -0.03375625 -0.03157269 -0.01176066 -0.07012420
-0.98649807 0.00288051 0.05134475 -0.02842128 -0.07366598 -0.00807528
-1.00430042 0.03151325 0.19289061 -0.03743981 -0.07019580 -0.01904080
-0.96145779 -0.04292979 0.02052033 -0.03326826 -0.06880527 0.01021544
-0.96266687 0.06350454 0.16149666 -0.03208242 -0.07718951 -0.00399728
-0.98547019 0.05018071 0.06883169 -0.02713993 -0.07498088 0.00949585
-0.95217817 0.03085929 0.11640569 -0.02423623 -0.07253631 -0.01426770
-0.86312421 0.11869583 0.03232529 -0.02817823 -0.06493386 -0.00191294
-1.00608140 -0.02406827 0.01314868 -0.05171814 -0.05453044 -0.01819486
-0.98769560 -0.02536357 0.08058196 -0.05605646 -0.04726127 -0.02867340
-0.97219102 -0.11326164 -0.08389170 -0.04814857 -0.04659720 0.00673690
-1.00009024 -0.03191548 0.10341777 -0.04506976 -0.05659455 -0.00452816
-1.02702416 -0.05370564 -0.00623811 -0.05236186 -0.05465582 0.00842883
-0.97183309 -0.05412256 0.04174904 -0.04581257 -0.05175610 -0.01379322
-0.90191454 0.00327393 -0.08131837 -0.04845904 -0.04339739 0.00027975
-1.01795241 0.01370649 0.02991585 -0.03708605 -0.01240963 -0.02527053
-0.99444360 0.00695064 0.15155533 -0.04861264 -0.00330942 -0.02135402
-1.00099444 -0.06259727 0.00025638 -0.04285567 -0.00379868 0.00908294
-1.00284591 0.05255963 0.13342042 -0.04836877 -0.00820475 -0.00901218
-1.03354670 0.02542240 0.03446736 -0.04093046 -0.00961983 0.00376034
-0.95976502 0.02451212 0.09585002 -0.03088980 -0.00698294 -0.01542319
-0.90885006 0.07739958 0.01922813 -0.04174479 -0.00347287 -0.00796990
-0.82930110 0.07039721 0.00140603 -0.02234391 -0.05171142 -0.04767720
-0.82525991 0.09874319 0.00801269 -0.03118372 -0.04774527 -0.05801176
-0.74823223 0.01346891 -0.09024903 -0.01654083 -0.04259389 -0.02941210
-0.84936395 0.09003961 0.05115856 -0.01679159 -0.05717663 -0.02922514
-0.82887016 0.00865516 -0.04605566 -0.02089010 -0.05642146 -0.02239251
-0.78555986 0.02490640 -0.01019455 -0.02158363 -0.04813978 -0.04371782
-0.70129655 0.09745759 -0.08962184 -0.02771847 -0.04227621 -0.02507779
-0.70076324 0.07997360 -0.02791479 -0.01352939 -0.08203598 -0.01962784
-0.69456205 0.13466219 -0.00342635 -0.01929778 -0.07861128 -0.04464730
-0.63458189 0.01441303 -0.16483596 -0.01460588 -0.07413383 0.00341828
-0.72960533 0.11692844 0.07294171 -0.01971190 -0.08746621 -0.01209291
-0.69810428 0.01872961 -0.06682814 -0.01660857 -0.08672404 0.00045875
-0.63025020 0.03119915 -0.04068536 -0.01734901 -0.07919118 -0.02222637
-0.58543399 0.10593882 -0.12584367 -0.02872474 -0.06885890 0.00474777
-0.80834568 0.13099767 -0.00080865 -0.03080520 -0.01646774 -0.02195717
-0.81539623 0.18664597 0.11065583 -0.04823440 -0.00926261 -0.01755834
-0.74389085 0.09368257 -0.00855394 -0.03956459 -0.00842649 -0.00548736
-0.81123859 0.19497244 0.09352165 -0.04403325 -0.01166093 -0.00834534
-0.80162019 0.12332054 -0.04137007 -0.03457042 -0.01396266 0.00339239
-0.73275037 0.12332045 0.01717203 -0.02371660 -0.01117631 -0.00839475
-0.65271504 0.19396730 0.00396357 -0.04065889 -0.00821310 -0.02057444
-0.29770788 0.09623557 -0.02157073 -0.03563466 -0.03209747 -0.00576801
-0.31413440 0.11063285 -0.07279948 -0.03527041 -0.03068144 0.00151405
-0.26085509 0.11033281 -0.01208100 -0.03933659 -0.03173656 0.01044520
-0.23766436 0.04508011 0.04030243 -0.03961035 -0.03072749 -0.00969345
-0.19331217 0.05535459 0.00981594 -0.03479344 -0.02456798 -0.00218233
-0.17137365 0.02688489 0.00918975 -0.04077899 -0.03118198 -0.00208190
-0.17538764 0.01365503 -0.05403278 -0.03689451 -0.02444712 0.00451836
-0.85184187 -0.08855628 -0.07344719 0.00432718 -0.11223929 -0.02613744
-0.85189834 -0.08514672 -0.08187813 -0.00308900 -0.11107978 -0.04732391
-0.77499047 -0.14111457 -0.15515440 0.00221842 -0.10418260 -0.00808951
-0.84677145 -0.07469289 -0.02284997 0.00026405 -0.11868542 -0.01550590
-0.82319498 -0.12618645 -0.06743008 -0.00337286 -0.11679727 -0.01678023
-0.77024721 -0.10868417 -0.07516623 -0.00816271 -0.10973134 -0.05428888
-0.72614163 -0.06782559 -0.21855727 -0.00944007 -0.09379234 -0.01292252
-1.19333260 -0.35160892 -0.08467162 -0.05233253 0.14194635 -0.02359892
-1.14267737 -0.49869090 -0.02138155 -0.01488949 0.16256905 0.02855593
-0.87766856 -0.47135502 0.02460848 -0.07013788 0.15872836 0.07120850
-0.87212779 -0.32310475 0.09705587 -0.06337395 0.18917738 0.02194888
-0.75269863 -0.31961609 -0.03565301 -0.05971495 0.17262912 -0.00699552
-0.81033617 -0.23332071 0.05129103 0.01652752 0.14594133 -0.02477852
-0.80511920 -0.23381773 -0.13267043 -0.07307776 0.16774217 -0.03853551
0.08623500 -0.08979014 0.03900916 -0.03347003 -0.02018935 -0.01058004
0.11208834 -0.01494262 0.00682707 -0.02001160 -0.02012390 -0.00487374
0.09121827 -0.06856064 0.08748089 -0.02759373 -0.02141293 0.01203620
0.13138067 -0.01169607 0.08516501 -0.02842102 -0.01665112 -0.00707267
0.10152845 0.00314400 0.08838454 -0.03285990 -0.01729316 0.00227404
0.10583328 -0.01994408 0.09485684 -0.00880983 -0.02274990 -0.01240444
0.07494357 -0.02590637 0.00379713 -0.03844033 -0.01564146 -0.00713695
-0.75422041 0.05878044 -0.07741304 0.03259067 -0.06415661 -0.03051078
-0.81076168 0.09504358 -0.03043582 0.02751859 -0.06611125 -0.03740423
-0.79041503 0.03295730 -0.08330208 0.03409847 -0.06351840 -0.02219535
-0.77858791 0.07228246 0.02259044 0.04346441 -0.07232910 -0.03132196
-0.79953700 0.07136327 -0.02033953 0.03113481 -0.06851214 -0.01689872
-0.77128723 0.04928805 -0.04004011 0.01695895 -0.06344820 -0.03311641
-0.73886514 0.12645300 -0.10825238 0.02665977 -0.05468478 -0.01344883
-1.05359390 0.00478885 0.03131555 -0.01152840 -0.06172320 -0.01250604
-1.08059861 -0.00875271 0.12464140 -0.00930005 -0.05680133 -0.00618504
-1.02026500 0.01542150 0.03387519 -0.00885565 -0.05852413 0.01240057
-1.03840604 0.06694871 0.16765568 -0.00544699 -0.06261331 -0.00975587
-1.06944107 0.05096594 0.05815793 -0.01315489 -0.06035834 0.01045304
-1.02172099 0.05701081 0.03998703 -0.01087464 -0.05841303 -0.01329458
-0.96316956 0.14038436 -0.01442780 -0.01130967 -0.05127282 -0.00064563
-0.42943224 0.12580936 0.08462116 -0.02129751 -0.04895866 0.00969360
-0.41155457 0.17604899 0.08964125 -0.00832205 -0.04719495 0.00329451
-0.39544210 0.15809633 0.11488728 -0.03281015 -0.05099382 0.03431567
-0.31020317 0.14914898 0.15673950 -0.01429065 -0.05117839 0.00500577
-0.26952043 0.19523147 0.11387339 -0.02343076 -0.04262281 0.03085802
-0.20936940 0.14315356 0.14737217 -0.01710008 -0.05174861 0.00631748
-0.26720785 0.17370291 0.04822014 -0.02005603 -0.03833834 0.02310105
-0.02223358 0.08375634 0.00865932 0.00500600 -0.04307361 -0.01190095
-0.13897134 0.14137001 -0.01642488 0.01325832 -0.04710420 -0.03223352
-0.03001548 0.08919458 0.02813188 0.00303517 -0.04572255 -0.00947179
-0.02587804 0.10060845 0.06157192 0.01213176 -0.05189772 -0.01706712
0.02666838 0.08213059 0.02793287 0.01037971 -0.04396822 -0.00291369
0.06917391 0.09885181 0.01228249 -0.00057585 -0.04801929 -0.01883957
-0.01498324 0.07796914 -0.02658214 0.01353701 -0.03520268 -0.00573299
-0.14543364 -0.06599675 0.01168230 0.02093966 -0.00090351 0.00941244
-0.19752098 -0.05651860 0.01933114 0.01065218 -0.00091620 -0.00576130
-0.15283015 -0.06545425 0.01261291 0.02854778 -0.00243508 -0.00706693
-0.16115941 -0.16598372 0.07411319 0.01843028 -0.00200775 0.00723174
-0.24334911 -0.14914553 -0.02633119 0.02288994 -0.00346514 0.00484505
-0.15273448 -0.12294789 -0.01548461 0.01068794 -0.00019892 0.01814942
-0.16041866 -0.10286520 0.03093434 0.02938246 -0.00071919 0.00640443
0.05602752 0.10400645 -0.05098995 0.01400269 0.01464059 0.00747018
0.03806619 0.14988792 -0.06056261 -0.00338104 0.01588255 0.00051282
0.09832711 0.14358311 0.02030862 0.01014054 0.01307069 -0.00799757
0.06740656 0.12112861 0.01281565 0.00519929 0.01444041 0.00301988
0.08699982 0.12365083 -0.03630714 0.00352772 0.01808019 0.00783792
0.15968667 0.13350075 -0.03117286 -0.00294299 0.01343879 0.01445101
0.10201345 0.11931438 -0.00680774 0.01309283 0.01422491 0.00479233
0.14336406 0.13957325 -0.00677252 0.01633368 0.00256519 0.00141990
0.08003579 0.18461576 -0.07000319 0.00468567 0.00176609 -0.00911925
0.16795609 0.17207440 -0.04179083 0.01434291 0.00153346 -0.00966964
0.11550051 0.08835592 0.02290275 0.00793756 -0.00190167 -0.00096727
0.15632685 0.09255945 -0.04214949 0.00907298 0.00481547 0.00333939
0.21150341 0.09112040 -0.01929873 -0.00506225 0.00162449 0.00801454
0.17943002 0.07914525 -0.01822356 0.01909391 0.00189802 0.00624294
0.11246146 -0.03716858 0.02600790 -0.00800214 0.01357918 0.01348500
0.09073334 -0.00123116 -0.00259668 -0.02469089 0.01488432 0.01232672
0.12016597 -0.00870398 0.02558640 -0.00977533 0.01260282 0.00983721
0.09763410 -0.04486418 0.06001932 -0.01998650 0.01624726 0.01920823
0.07869556 -0.03651031 0.01943602 -0.01809214 0.01717497 0.01379576
0.13301916 -0.02986337 0.01025015 -0.02229002 0.01368192 0.02258965
0.07958920 -0.04424835 -0.00363002 -0.00791941 0.01354534 0.01516166
0.07686243 -0.01872124 -0.00120971 0.00146888 0.01568778 0.01439775
0.06488081 0.03528432 -0.05854101 -0.01525694 0.01542708 0.01238990
0.07457579 0.03452673 -0.03196515 0.00660814 0.01364426 0.00301576
0.05725946 -0.04133636 0.01592581 -0.00629380 0.01576990 0.01576607
0.03142003 -0.02668658 -0.01951238 -0.00745845 0.01759321 0.01208129
0.07777778 0.00797679 -0.04952776 -0.01376576 0.01517498 0.02298402
0.06530326 -0.03595551 -0.01371922 0.00288483 0.01273081 0.01629266
-0.03151884 -0.05265776 -0.03949134 0.00498719 0.00139359 0.00314905
-0.04774080 0.01799556 0.01843359 -0.01211875 -0.00250758 0.00148231
-0.01931557 -0.02115577 -0.04451851 0.01361163 -0.00250417 -0.01008994
-0.04427541 -0.03320063 0.00924346 0.00350453 -0.00425927 0.00402695
-0.08691951 -0.01888094 0.00886421 0.00279345 0.00052685 -0.00494776
-0.05153715 -0.00908898 -0.02280338 -0.01218435 -0.00018187 0.01156476
-0.05174002 -0.01244863 0.00926327 0.01080903 -0.00463723 0.01102242
