0.05245748 0.18281810 0.00209721 -0.00779431 0.00327702 -0.01766553
0.13365312 0.13816465 0.02184262 -0.00377436 0.00079274 -0.01195515
0.08613706 0.08070101 -0.03553185 -0.01447700 0.00227632 -0.00967068
0.09898663 0.12940235 -0.06493906 -0.01222450 0.00030800 -0.02400336
0.16150229 0.15398046 0.07305545 -0.01059504 0.00247845 -0.01476010
0.07340228 0.18611796 0.03908493 -0.00960322 -0.00137224 -0.01102435
0.12873385 0.16663652 0.04026082 0.00150282 0.00362819 -0.01862775
0.04848020 0.18624723 -0.00128143 -0.00849295 0.00308207 -0.01585333
0.13536707 0.14395405 0.02130741 -0.00493954 0.00032212 -0.01089566
0.09015247 0.08334367 -0.03035850 -0.01587816 0.00214035 -0.00846958
0.09955666 0.13185100 -0.06955057 -0.01307744 -0.00001144 -0.02304226
0.16311957 0.16024716 0.07243257 -0.01181072 0.00185359 -0.01304737
0.07169647 0.19227356 0.04460935 -0.01089192 -0.00160198 -0.00987368
0.13221357 0.17545369 0.04180067 0.00062936 0.00328403 -0.01811862
0.03864678 0.17787889 -0.01004284 -0.00975025 0.00301415 -0.01422234
0.12676865 0.14112571 0.01852305 -0.00615886 0.00012778 -0.00983298
0.08862697 0.08247238 -0.02032100 -0.01811856 0.00190941 -0.00657728
0.09247544 0.13192302 -0.07683372 -0.01508537 -0.00067257 -0.02112515
0.15301193 0.15074957 0.06548608 -0.01330277 0.00137631 -0.01035828
0.05958856 0.18446175 0.05044237 -0.01262063 -0.00168302 -0.00860036
0.12787871 0.18149681 0.03675099 -0.00031409 0.00293049 -0.01685284
0.04223643 0.16487375 0.00830336 -0.00369463 0.00463000 -0.01657560
0.10559302 0.11468004 0.00488219 0.00015666 0.00246599 -0.01127226
0.05417323 0.05525031 -0.03818232 -0.00917955 0.00434419 -0.01156510
0.07449436 0.11504157 -0.05490448 -0.00849404 0.00256843 -0.02204805
0.13493276 0.10957051 0.06036288 -0.00486014 0.00303436 -0.01520330
0.04344289 0.15468809 0.02212650 -0.00617160 -0.00063076 -0.01048592
0.10685838 0.13405324 0.04598331 0.00344497 0.00491218 -0.01653237
0.03786691 0.14187288 0.00144839 -0.01358498 0.00198223 -0.00327818
0.12397610 0.10454671 0.00398181 -0.01047910 -0.00138247 -0.00250790
0.07142038 0.06731834 -0.03438368 -0.01993931 0.00100325 -0.00097158
0.08859230 0.12890677 -0.06838012 -0.01921445 -0.00088587 -0.01295606
0.16219322 0.10796236 0.05518668 -0.01632472 0.00027589 -0.00603314
0.05005830 0.16628228 0.04140698 -0.01710313 -0.00324587 0.00131695
0.12383055 0.15546651 0.01771301 -0.00463673 0.00230280 -0.00788608
-0.09816451 -0.00954485 -0.04356313 -0.00944520 0.00417453 -0.00010813
-0.09288357 0.01616003 0.03223386 -0.00985226 0.00324167 0.00507437
-0.04406039 -0.01518736 -0.00034013 -0.01185031 0.00276441 -0.00156176
-0.13615652 -0.00775145 -0.01307513 -0.01039784 0.00127038 -0.00453055
-0.05283066 -0.04518792 -0.02708171 -0.00631409 0.00398432 0.00248623
-0.11626339 0.02891814 -0.02012935 -0.01161643 0.00162971 0.00815699
-0.05609527 0.01187840 0.03399095 -0.00533834 0.00590050 -0.00306335
0.07881152 0.18073041 0.00726826 -0.00828246 0.00377880 -0.01212397
0.14246641 0.14251390 0.02104070 -0.00551050 0.00120582 -0.00866972
0.09189000 0.07839891 -0.02539342 -0.01651121 0.00311158 -0.00687805
0.10784219 0.13524445 -0.07290969 -0.01385533 0.00006690 -0.02024558
0.13455203 0.12466680 0.05735415 -0.01147103 0.00157957 -0.00890536
0.07218909 0.16370725 0.05410603 -0.01154649 -0.00146193 -0.00751678
0.12758699 0.16864482 0.04222448 0.00053841 0.00257192 -0.01475521
0.18294550 -0.18003391 0.03891913 0.00489985 0.01855812 0.02505630
0.09286861 -0.15409905 0.03881714 0.01261425 0.01931658 0.02384701
0.11064267 -0.14357364 0.01539598 -0.01008800 0.01669845 0.03062820
0.08857175 -0.11526239 0.06489044 -0.00881633 0.01910914 0.02287636
0.13394401 -0.14341413 0.06033213 0.00098011 0.01834586 0.02336924
0.08392374 -0.08087046 0.04633397 0.00338235 0.01297700 0.02445109
0.10327379 -0.10954478 0.03459699 0.00169829 0.01638587 0.02927554
0.51708438 -0.32564387 -0.00324796 0.02042336 0.02006072 0.05887224
0.28162193 -0.28171360 0.06543639 0.02685797 0.02088433 0.05120561
0.33855502 -0.25495905 0.03291597 0.00080778 0.01603718 0.06796840
0.34550574 -0.21677479 0.12485793 0.01184565 0.02287642 0.04992300
0.38276922 -0.31258967 0.09494707 0.02106572 0.02221760 0.05985815
0.32553747 -0.24162404 0.04935632 0.02875312 0.01590424 0.04410242
0.40826619 -0.23738004 0.04905699 -0.00584751 0.01830841 0.05838246
-0.10041790 0.04569751 -0.00318613 -0.00516831 0.00913880 -0.00517103
-0.03855515 0.04683061 0.02705111 -0.00614604 0.00836258 -0.00698537
-0.05832121 0.04759805 -0.00243050 -0.01828171 0.00768334 -0.00664531
-0.09875361 0.07283044 -0.05230448 -0.01922901 0.00645691 -0.01191496
-0.03214235 0.04445467 0.01886427 -0.01102800 0.00729438 -0.00782201
-0.10560223 0.08351520 0.05278138 -0.01661111 0.00460489 0.00101878
-0.05391525 0.10316514 0.00105046 0.00345325 0.00670464 -0.00505352
-0.15726395 -0.10353895 -0.10478247 -0.01485363 0.00491507 0.01325539
-0.14809726 -0.01992457 0.05562550 -0.02247682 0.00179129 0.01364751
-0.05844923 -0.06495524 0.01502528 -0.02418587 0.00126389 0.00599281
-0.22379167 -0.08027670 0.01096280 -0.01919063 -0.00106173 0.00838644
-0.13516732 -0.13149603 -0.06682471 -0.01689191 0.00260059 0.01650179
-0.20176144 -0.02219204 -0.05595864 -0.02324002 0.00242952 0.01741387
-0.11737635 -0.00924222 0.07308181 -0.01382098 0.00505708 0.00445823
-0.16004924 0.00003648 -0.02757512 0.01189146 0.01139594 -0.01846645
-0.21449147 -0.00697379 0.01836957 0.00655786 0.00792110 -0.00833162
-0.12319202 -0.01605380 0.00303349 0.01266983 0.00887142 -0.02150421
-0.24243336 0.01394974 -0.00437759 0.00778303 0.00948980 -0.01332995
-0.12619293 -0.02053410 -0.02443381 0.01840416 0.00936423 -0.01424621
-0.18527962 0.00530971 -0.01566472 0.01209163 0.00765295 -0.01111372
-0.14764538 -0.00730542 -0.01316111 0.01372760 0.00946432 -0.01435532
-0.57193987 -0.02276072 -0.04684925 -0.03706787 -0.01898018 0.02508184
-0.46671741 -0.00167192 -0.01221728 -0.04857515 -0.01762965 0.01056885
-0.48983101 0.04109473 -0.02090700 -0.05256854 -0.02217613 0.01774082
-0.56296859 0.06027252 -0.10758619 -0.06478459 -0.02042876 0.01315905
-0.48778087 0.01622961 -0.06176219 -0.05272427 -0.02276847 0.00939562
-0.53993966 0.03745395 0.04340087 -0.04927181 -0.02352113 0.01950352
-0.51276654 0.08684344 -0.11453504 -0.03187141 -0.02285772 0.00932149
-1.45877421 0.04543153 -0.02180113 -0.03808081 -0.08686919 -0.02365005
-1.22945011 -0.00721215 -0.09902232 -0.02421785 -0.08258001 -0.03528411
-1.29503697 -0.01075440 -0.10141382 -0.03675696 -0.09260162 -0.02982756
-1.30721703 -0.09721397 -0.11123366 -0.03562690 -0.07751622 -0.03948250
-1.29928321 -0.00693910 -0.06808849 -0.03382683 -0.09068339 -0.04626479
-1.24118969 -0.05248629 -0.13809688 -0.03774724 -0.07934994 -0.03228131
-1.28107786 0.05661089 -0.19512990 -0.04272160 -0.08554922 -0.03922285
-1.40231118 0.03471035 -0.02680850 -0.03206239 -0.08138508 -0.02443340
-1.16575539 -0.01099441 -0.09144588 -0.01044352 -0.07620460 -0.03614369
-1.22644365 -0.00240852 -0.08755503 -0.02545579 -0.08604334 -0.03219649
-1.24127202 -0.11411493 -0.08703567 -0.02782076 -0.06978220 -0.03617687
-1.21732324 -0.03038208 -0.08688227 -0.02391816 -0.08137973 -0.04993557
-1.16239049 -0.07982345 -0.16406016 -0.02384245 -0.07095727 -0.03318271
-1.17793836 0.06164001 -0.19889427 -0.03228265 -0.07908133 -0.03918285
-1.25632301 -0.08547494 -0.01069466 -0.04613109 -0.06148957 0.01949238
-1.08571678 -0.11129986 -0.07263116 -0.04088460 -0.05663345 -0.00042080
-1.13013223 -0.12075665 -0.05417534 -0.05214059 -0.06434640 0.00742710
-1.15915976 -0.19464754 -0.04386823 -0.05949574 -0.05485314 0.00479821
-1.10585988 -0.11669370 -0.04838173 -0.05309821 -0.05976139 -0.00600109
-1.07120119 -0.15283245 -0.09759393 -0.05462535 -0.05639965 0.01284425
-1.08605728 0.00835058 -0.10182243 -0.05007393 -0.05875789 0.00073981
-0.31596221 -0.09117357 -0.04852315 -0.03984488 0.00404283 0.03829914
-0.22522941 -0.04580280 0.01556985 -0.05399911 0.00429707 0.02179948
-0.23891049 -0.02933430 0.03851592 -0.05833048 0.00199339 0.02590158
-0.31413976 0.01918310 -0.05688011 -0.06132576 0.00127656 0.03067249
-0.23491938 -0.03013435 -0.04305402 -0.05781625 0.00171713 0.02579261
-0.31592652 0.00196212 0.07859061 -0.05305441 0.00188300 0.03932993
-0.25559345 0.05412802 -0.03865387 -0.03526767 -0.00015052 0.02650433
-0.78594990 -0.14829313 -0.03888361 -0.06147655 -0.02967216 0.06288741
-0.66959880 -0.10812607 -0.03234117 -0.07232500 -0.02830806 0.03832724
-0.71151629 -0.09812435 -0.04907235 -0.08038973 -0.03324530 0.05553633
-0.76190732 -0.08692631 -0.07775030 -0.08671044 -0.03018202 0.04661171
-0.68556026 -0.10008589 -0.05764720 -0.08228807 -0.02758311 0.04288787
-0.68709113 -0.07353286 0.01564197 -0.07408511 -0.03084789 0.05410078
-0.68985753 0.01061109 -0.06739149 -0.05804601 -0.02755948 0.04011388
-0.89312710 -0.15154978 -0.04304980 -0.03916578 -0.02518720 0.04181472
-0.79556972 -0.12004383 -0.04127602 -0.05487367 -0.02418675 0.02203714
-0.83269991 -0.09393545 -0.04806672 -0.06284219 -0.02980287 0.03493299
-0.90086885 -0.08951553 -0.07417568 -0.07140887 -0.02481635 0.02836708
-0.81648789 -0.10105314 -0.05863100 -0.06268256 -0.02511441 0.02505639
-0.81267357 -0.07454842 0.00838604 -0.05743586 -0.02740480 0.03465259
-0.83134942 -0.00695196 -0.08466238 -0.04238040 -0.02514304 0.02635022
-0.77541091 -0.15523134 -0.02057314 -0.02767516 -0.00063199 0.03544690
-0.71052395 -0.11834240 -0.02694247 -0.03936114 -0.00125179 0.01795139
-0.73228553 -0.10007005 -0.02527885 -0.05696518 -0.00485801 0.02983521
-0.79140291 -0.07929937 -0.04837696 -0.05368103 0.00064795 0.02540715
-0.71340740 -0.08519675 -0.03211373 -0.05121621 0.00142734 0.02402904
-0.69359511 -0.06433682 0.03617249 -0.04666246 -0.00209186 0.03443364
-0.73751643 -0.01590491 -0.03277490 -0.02969106 0.00064612 0.02919087
-0.37080206 -0.29462246 -0.10716310 -0.04737056 0.00151387 0.05926982
-0.27781950 -0.17762350 0.03283013 -0.06057243 0.00140560 0.04501686
-0.24905061 -0.22824526 0.05650282 -0.06450330 -0.00170330 0.04621686
-0.40558968 -0.16903654 0.00635776 -0.06825803 -0.00438770 0.05503718
-0.34817919 -0.20469613 -0.10392761 -0.06549536 -0.00097270 0.04584007
-0.39391901 -0.15338211 0.01406379 -0.06104127 -0.00164816 0.05777781
-0.33586003 -0.04721269 -0.01326420 -0.04407718 -0.00186066 0.04506608
-1.17904983 -0.15189476 -0.05372237 -0.04369034 -0.04815003 0.02813368
-1.05883889 -0.12911852 -0.06694860 -0.06439894 -0.04503324 0.01006114
-1.10851020 -0.13203982 -0.07717374 -0.06532614 -0.05381918 0.01859927
-1.16659269 -0.16578261 -0.06109597 -0.07780467 -0.04628483 0.01348628
-1.12682000 -0.12680914 -0.05211391 -0.06844725 -0.04916967 0.01129103
-1.09791420 -0.11826531 -0.03045386 -0.06999260 -0.04730340 0.01812725
-1.14313819 -0.02771540 -0.11054561 -0.05196167 -0.04878144 0.00981635
-1.36756748 -0.08026771 -0.01180618 -0.05226187 -0.06246151 0.01748762
-1.19379081 -0.10452667 -0.07597834 -0.05191644 -0.05787291 -0.00379258
-1.23838402 -0.11884217 -0.07035597 -0.06389741 -0.06681696 0.00744875
-1.26234517 -0.19211940 -0.05361382 -0.06138794 -0.05490126 0.00031827
-1.23270884 -0.09645412 -0.02648219 -0.06042380 -0.06187107 -0.00266905
-1.18718445 -0.13160498 -0.06712362 -0.06560369 -0.05561063 0.00929028
-1.23003818 0.00934641 -0.10424776 -0.05607168 -0.05950482 0.00129884
-0.73111326 -0.21107351 -0.01826100 -0.05116813 -0.01719604 0.05874862
-0.63321166 -0.17925218 -0.03862566 -0.06374850 -0.01524871 0.03439528
-0.68777949 -0.18854899 -0.01094606 -0.07543614 -0.01917583 0.04803666
-0.72526641 -0.16932398 -0.02274035 -0.07951354 -0.01742383 0.04804753
-0.63722722 -0.16728677 -0.03217119 -0.07540448 -0.01355936 0.03945636
-0.63661695 -0.14138675 0.01436125 -0.06865525 -0.01665782 0.05528282
-0.64984024 -0.04890082 -0.01325200 -0.04886678 -0.01604626 0.04221835
-1.08094469 -0.24278199 -0.02520519 -0.09983419 -0.06177506 0.09251341
-0.93611404 -0.24129968 -0.07945042 -0.10865657 -0.05728121 0.05798665
-0.99292219 -0.25926851 -0.05744016 -0.11307790 -0.06577116 0.07604123
-1.02523841 -0.30665364 -0.03069022 -0.11548644 -0.05983428 0.07011563
-0.94522059 -0.23418909 -0.04216706 -0.11606258 -0.05864807 0.06123027
-0.92371017 -0.22491263 -0.04571161 -0.11275083 -0.05812675 0.07343791
-0.94933636 -0.05413057 -0.06291511 -0.09539692 -0.05755847 0.06107363
-1.08206220 -0.27595589 -0.05617390 -0.08963416 -0.05777607 0.08569191
-0.95276006 -0.24524612 -0.08376739 -0.11028485 -0.05402286 0.05481399
-1.02322944 -0.26050698 -0.07997178 -0.11083803 -0.06248701 0.07403575
-1.06618382 -0.27737428 -0.05253552 -0.11823574 -0.05711996 0.06761707
-0.99995479 -0.23439402 -0.06201099 -0.11642674 -0.05527674 0.06159982
-0.96300818 -0.20152481 -0.02889436 -0.11195934 -0.05486548 0.06828569
-1.00994684 -0.07367820 -0.07943317 -0.09091322 -0.05427567 0.05727740
-1.04813203 -0.32656685 -0.05587004 -0.10666033 -0.05683413 0.10496361
-0.92714526 -0.28487518 -0.07298985 -0.12910241 -0.05402637 0.07039526
-0.99740893 -0.30707959 -0.06947706 -0.12601318 -0.06234811 0.09336023
-1.03704952 -0.33140115 -0.03445445 -0.13036313 -0.05890328 0.08711506
-0.97138330 -0.26845530 -0.06124666 -0.13290051 -0.05439508 0.08149480
-0.92088982 -0.23374353 -0.00880318 -0.12555443 -0.05440068 0.08888681
-0.97229764 -0.10211486 -0.04967120 -0.10702688 -0.05286199 0.07524681
-0.86042725 -0.28872909 -0.03818761 -0.05457529 -0.02599663 0.06460003
-0.77566005 -0.24868896 -0.05986172 -0.07716902 -0.02425916 0.03943595
-0.83777174 -0.25149960 -0.03745717 -0.08191061 -0.02997195 0.05455192
-0.88770151 -0.24869379 -0.02039609 -0.08949074 -0.02669080 0.05523035
-0.80921762 -0.21984501 -0.03606299 -0.08715850 -0.02437422 0.04873041
-0.77465340 -0.18934689 0.01728748 -0.07740109 -0.02592353 0.05826932
-0.83209090 -0.09541184 -0.02694726 -0.05686370 -0.02600906 0.04892632
-1.25511527 -0.19049432 -0.05205793 -0.10942088 -0.08416802 0.08386563
-1.06191859 -0.18680381 -0.09966713 -0.11503776 -0.07916010 0.05251247
-1.13260753 -0.22125278 -0.11658252 -0.12564391 -0.08898970 0.06935884
-1.16284803 -0.25770538 -0.08574732 -0.12326255 -0.07875159 0.06013961
-1.11468658 -0.19461734 -0.07072791 -0.12881203 -0.08032136 0.05296173
-1.08914219 -0.17907951 -0.06991609 -0.12258686 -0.07527250 0.05811015
-1.11814372 -0.02470241 -0.14578909 -0.11246938 -0.07847400 0.04795415
-0.68117410 -0.12045393 0.00173958 -0.05460553 -0.03322199 0.04904811
-0.61292350 -0.12859460 -0.02590744 -0.04719338 -0.02909085 0.03021934
-0.61753724 -0.13757792 -0.03396008 -0.05939252 -0.03408822 0.03763859
-0.65493874 -0.19236639 -0.00684887 -0.06468564 -0.03174136 0.03429922
-0.55211488 -0.17590065 -0.05267709 -0.05756714 -0.02670732 0.01893454
-0.57835195 -0.18702805 -0.06532379 -0.05373327 -0.03139165 0.04336023
-0.52429430 -0.04040781 -0.04793649 -0.05362208 -0.02823802 0.03266634
-0.66851720 -0.23253048 -0.01432131 -0.02361653 0.00630011 0.03237562
-0.62306829 -0.19750798 -0.01916245 -0.04095090 0.00595352 0.01699092
-0.63679866 -0.18826786 0.02656903 -0.05253527 0.00194184 0.02352928
-0.71749389 -0.16487978 0.01588787 -0.05193295 0.00554404 0.02816049
-0.62070817 -0.13852005 -0.01867446 -0.05100225 0.00699565 0.02160528
-0.61477542 -0.12230916 0.04731087 -0.04577105 0.00442247 0.03755420
-0.66352710 -0.07081008 0.00405733 -0.02434176 0.00299908 0.03027497
-0.82168899 -0.28612940 -0.04281563 -0.04635920 -0.02380698 0.05201649
-0.76159894 -0.24625979 -0.05694319 -0.07053484 -0.02091186 0.03126518
-0.80782615 -0.24709191 -0.02405355 -0.07325366 -0.02858893 0.04135405
-0.88709205 -0.24808213 -0.00165448 -0.08180391 -0.02502307 0.04386021
-0.80659747 -0.21763233 -0.03528368 -0.07831482 -0.02458460 0.03757844
-0.77528663 -0.17944377 0.01939565 -0.07254168 -0.02569752 0.04502942
-0.84498607 -0.09140469 -0.04669313 -0.04519702 -0.02668117 0.03810276
-1.28612578 -0.01372677 -0.01672868 -0.00646606 -0.04757048 -0.02241402
-1.12260997 -0.05220951 -0.06962105 -0.00566605 -0.04252983 -0.03324894
-1.17035300 -0.04835320 -0.06214138 -0.02168301 -0.05101769 -0.03073255
-1.21045463 -0.11067900 -0.05042059 -0.02557232 -0.03826347 -0.03462855
-1.15879759 -0.04595680 -0.02765654 -0.01909241 -0.04679527 -0.03941709
-1.13181621 -0.07974820 -0.08083722 -0.02293864 -0.04248814 -0.02569972
-1.17131673 0.04135308 -0.11400597 -0.01051950 -0.04767028 -0.02924073
-1.26800016 0.06570297 -0.02230634 0.00169273 -0.05651219 -0.05150822
-1.10178769 0.02035901 -0.08137925 0.01528489 -0.05354797 -0.05390509
-1.16159171 0.03431597 -0.09417098 -0.00167246 -0.06152874 -0.05370983
-1.17907867 -0.04361426 -0.08207816 -0.00299734 -0.04623081 -0.05799809
-1.15006290 0.00566724 -0.05133852 0.00818171 -0.05799043 -0.06611977
-1.10552698 -0.02753397 -0.12748847 0.00046345 -0.04872514 -0.05428352
-1.12405635 0.05606298 -0.16333265 -0.00061271 -0.05698320 -0.05587213
-1.10237055 0.09238813 0.00351619 0.01043164 -0.02810960 -0.05158606
-0.96981816 0.04862066 -0.03921314 0.01507274 -0.02610647 -0.05546417
-1.00967228 0.05127332 -0.04033449 -0.00286148 -0.03213363 -0.05490376
-1.03991888 -0.00574284 -0.04804896 0.00226450 -0.02002306 -0.06160968
-0.99177822 0.05597414 0.00494347 0.00780297 -0.02760321 -0.06097592
-0.96851505 0.00592630 -0.05061009 -0.00196949 -0.02261443 -0.04920556
-0.99136956 0.07422208 -0.08560870 0.00782774 -0.02959481 -0.04983754
-1.22576170 0.06816543 -0.02517131 -0.01846389 -0.07097860 -0.03968942
-1.05887711 0.01546324 -0.10059969 -0.00406173 -0.06898892 -0.04203008
-1.11984640 0.02845639 -0.12436186 -0.01874406 -0.07788067 -0.04149888
-1.13392599 -0.05461563 -0.09980558 -0.01646591 -0.06275345 -0.04664655
-1.11359037 -0.00758823 -0.05881032 -0.00540464 -0.07443697 -0.05637957
-1.06217340 -0.02477449 -0.14072698 -0.01529531 -0.06242453 -0.04716852
-1.07304998 0.04348376 -0.18852880 -0.02132910 -0.07087749 -0.04982966
-0.45520917 0.02389605 0.00027819 -0.00592015 -0.00878955 -0.00809743
-0.34972079 0.02405128 0.01736179 0.00793684 -0.00628609 -0.00690681
-0.39460149 0.01121500 -0.01294297 -0.00236952 -0.00871264 -0.00774404
-0.39548665 -0.01244427 -0.03255693 -0.00846578 -0.00563718 -0.00996877
-0.30045673 -0.03170587 -0.05021859 0.00278624 -0.00342703 -0.02822254
-0.35554200 -0.07312871 -0.07265710 0.00243767 -0.00660625 -0.00207356
-0.27667528 0.00321061 -0.04528787 -0.00244855 -0.00574821 -0.00650680
-0.10770723 -0.01898854 -0.03265805 -0.00124470 0.00513242 -0.00672909
-0.19971920 -0.01320385 0.00438679 -0.00893973 0.00123711 0.00069723
-0.08761961 -0.04588118 -0.02805533 0.00013357 0.00230481 -0.01067400
-0.21048484 -0.02626718 0.00500574 -0.00072253 0.00338835 -0.00313833
-0.10252674 -0.07137395 -0.02745113 0.00615243 0.00406665 0.00074989
-0.15455130 -0.01428714 -0.04442140 -0.00055275 0.00373524 -0.00243077
-0.11902397 -0.05350078 -0.01571874 -0.00030217 0.00731181 -0.00871266
0.07681033 -0.08822050 -0.00058630 0.00040851 -0.00315416 0.00517236
-0.05295779 -0.09984678 -0.02442532 -0.01065925 -0.00818276 0.01026533
0.03977194 -0.11227954 0.00154094 0.00570183 -0.00456220 -0.00192019
-0.05691165 -0.09481433 -0.02325539 0.00522312 -0.00481447 0.00799995
0.06263075 -0.13384496 -0.03060717 0.00859679 -0.00362469 0.00752406
0.04505162 -0.09008171 -0.01498336 0.00571663 -0.00334250 0.00755259
0.03810058 -0.14000538 -0.04626521 0.00503611 -0.00001598 0.00184190
-0.08970641 -0.10470746 -0.05379872 -0.00749555 0.00344755 0.00586253
-0.15030897 -0.07412400 0.02108322 -0.01735568 -0.00183109 0.01096721
-0.05483934 -0.12246541 0.00358198 -0.00519769 0.00059485 -0.00171467
-0.19442964 -0.08050616 -0.00315776 -0.00810887 -0.00090057 0.00923331
-0.10190380 -0.13743354 -0.05982875 -0.00326810 0.00010744 0.00752199
-0.13381641 -0.08203596 -0.03795754 -0.00697874 -0.00058070 0.01086202
-0.07622827 -0.08025530 -0.00258391 -0.00548332 0.00353402 0.00285529
0.70218474 -0.11450106 0.08790256 0.01169702 0.02904431 0.03194132
0.67498811 -0.13792370 0.05449298 0.02078865 0.03481327 0.02570956
0.71332157 -0.07996849 0.07664930 0.00194130 0.02955741 0.03747095
0.74513271 -0.11001286 0.11023128 0.00495136 0.03307409 0.02809927
0.71296647 -0.07057474 0.04854727 0.01000905 0.03163675 0.03440626
0.66497199 -0.06834139 0.05433338 0.01095684 0.02700056 0.02121241
0.61355278 -0.09262952 0.00110032 0.00354056 0.03134652 0.03731380
0.03688477 0.24296187 -0.00004540 0.00111949 0.00646917 -0.03239334
0.12803510 0.20362586 0.04381192 0.00598441 0.00392513 -0.02509935
0.11014828 0.15816677 -0.01650443 -0.01028348 0.00456270 -0.02188600
0.10308712 0.18074952 -0.09147158 -0.00570482 0.00263536 -0.03692365
0.15325016 0.22715965 0.09134438 -0.00412433 0.00509760 -0.02318414
0.07089210 0.23664977 0.08488705 -0.00357705 0.00268560 -0.02368764
0.13611321 0.23905132 0.03703597 0.01107400 0.00522787 -0.02833935
0.05542968 0.15571909 0.00098600 -0.01468289 0.00202528 -0.00755113
0.13206434 0.11433286 0.00575176 -0.01125875 -0.00111821 -0.00450644
0.07814787 0.05322239 -0.04013422 -0.02073625 0.00151501 -0.00083155
0.10145454 0.11011664 -0.06394437 -0.01825866 -0.00078980 -0.01623114
0.16990174 0.11714751 0.06398603 -0.01686236 0.00081709 -0.00746286
0.07165064 0.16771195 0.02931756 -0.01608074 -0.00297512 -0.00282736
0.10426200 0.14530457 0.02824050 -0.00153132 0.00421315 -0.01611899
0.09708335 0.09172628 0.00081263 0.00527114 0.00448679 -0.01256173
0.03683113 0.00238799 -0.05667299 -0.00191506 0.00603742 -0.01454756
0.06473499 0.09450471 -0.02595813 -0.00108202 0.00443711 -0.02301582
0.10258500 0.06290361 0.05625225 0.00427778 0.00394361 -0.01712452
0.04292310 0.09409986 -0.01190609 -0.00083810 0.00015908 -0.01402303
0.08735815 0.06360029 0.07382958 0.00691475 0.00650739 -0.01730160
