-0.00037851 0.18825928 -0.00818767 -0.00126654 0.00575251 -0.02163002
0.08909985 0.15200436 0.03030015 0.00291505 0.00328703 -0.01549046
0.06511343 0.10728889 -0.00865951 -0.00951826 0.00443331 -0.01494948
0.05070933 0.13733016 -0.07300077 -0.00785471 0.00241774 -0.02619107
0.11490667 0.16215269 0.06255506 -0.00432026 0.00348211 -0.01688523
0.02148518 0.19100193 0.05619906 -0.00464309 0.00104525 -0.01374214
0.09167708 0.19698516 0.03801983 0.00684342 0.00471831 -0.01987343
0.07625072 0.22293907 0.00103253 -0.00254543 0.00293704 -0.02700416
0.15262572 0.17743459 0.03988954 0.00386806 0.00098620 -0.01855596
0.13069971 0.10942386 -0.02031822 -0.00999734 0.00163898 -0.01454852
0.13520294 0.14821214 -0.07327908 -0.00639633 -0.00096822 -0.02968020
0.17649263 0.21937290 0.09320357 -0.00605211 0.00223856 -0.01845608
0.10552447 0.22487998 0.06057759 -0.00243165 -0.00041387 -0.01856031
0.15605656 0.21176007 0.05808434 0.00766558 0.00337801 -0.02751046
0.13038935 -0.29339956 -0.04229254 -0.01288274 0.00966688 0.04580893
0.06067373 -0.21715140 0.03478383 -0.01313632 0.01078491 0.03978779
0.10823457 -0.22317152 0.02285173 -0.02917459 0.00678890 0.04689906
0.01678566 -0.20088941 0.06081464 -0.03175915 0.00782471 0.04173675
0.08699452 -0.23174768 -0.00310416 -0.02254765 0.00884108 0.04096901
0.00971861 -0.14966068 0.01340348 -0.02336205 0.00299723 0.04051661
0.05401797 -0.13964340 0.02472580 -0.01510053 0.00840888 0.04101691
-0.13797870 0.04037413 -0.03324731 0.00003879 0.01029655 -0.00568328
-0.08001401 0.04194728 0.03762411 -0.00315500 0.00824307 -0.00284836
-0.05328136 0.03643325 -0.00171561 -0.00946268 0.00872260 -0.00961138
-0.13939551 0.05952725 -0.02511081 -0.01177627 0.00727127 -0.01162026
-0.04300470 0.02548314 -0.00275961 -0.00311922 0.00768189 -0.00925789
-0.14914657 0.08494473 0.01360513 -0.00773486 0.00542739 -0.00075286
-0.07522322 0.10111163 0.02337282 0.00446426 0.00736115 -0.00593739
-0.26850471 -0.19718073 -0.13809744 -0.00824996 0.00941008 0.01299370
-0.23155669 -0.06255152 0.06831195 -0.01594834 0.00613865 0.01302350
-0.11671071 -0.14656569 0.04280597 -0.01883604 0.00458198 0.00424017
-0.32678206 -0.12787675 0.03681685 -0.02113321 0.00208878 0.01275649
-0.24004392 -0.16798668 -0.09865919 -0.01371527 0.00513913 0.01361680
-0.34192126 -0.08666806 -0.06560315 -0.02057216 0.00456133 0.01686111
-0.22008212 -0.01945755 0.06933119 -0.00871753 0.00624762 0.00761530
0.22649342 0.28005665 0.02464355 0.00294913 0.00186663 -0.04195509
0.28734138 0.25111508 0.09702985 0.01334399 0.00098239 -0.03187573
0.31168083 0.17435119 -0.02023920 -0.00314089 0.00030508 -0.02209224
0.31215167 0.21592837 -0.07059129 0.00199266 -0.00574876 -0.03642821
0.26283376 0.31962261 0.12097768 0.00325069 0.00360406 -0.02457732
0.26994014 0.28523577 0.10390615 0.00551376 0.00087163 -0.02922426
0.26219534 0.27787358 0.05846977 0.02229090 0.00224052 -0.04145728
0.11990532 -0.15183864 0.02769471 0.00273399 0.01430295 0.02210003
0.05078375 -0.13050552 0.03556523 0.00858375 0.01456360 0.02035721
0.04044163 -0.12792517 -0.01019098 -0.01467721 0.01186026 0.02648668
0.02232987 -0.06934696 0.04875350 -0.01222416 0.01415247 0.01674163
0.06871117 -0.12564815 0.06697250 -0.00266447 0.01489240 0.01889770
0.03118498 -0.06255910 0.03805429 -0.00097767 0.00824642 0.02182949
0.04516765 -0.08902780 0.02257654 0.00127721 0.01217256 0.02605374
0.06801303 0.18157471 0.00696388 -0.00691832 0.00337293 -0.01616622
0.13701731 0.13529971 0.01960322 -0.00289431 0.00073549 -0.01048982
0.08607512 0.06912076 -0.03538040 -0.01289757 0.00292792 -0.00864931
0.10558385 0.12585349 -0.06537494 -0.01116790 0.00043300 -0.02267391
0.15266313 0.13813719 0.06700953 -0.00917529 0.00201082 -0.01353597
0.07639346 0.16869165 0.03515928 -0.00811837 -0.00135206 -0.00969122
0.13166724 0.15415420 0.04707942 0.00158743 0.00380261 -0.01797202
0.07255001 0.08356213 0.02875298 0.00155458 0.00832988 -0.00818018
0.09870874 0.05390506 0.02491668 0.00581731 0.00651905 -0.00448553
0.05714562 0.03021996 -0.03341377 -0.00711574 0.00712810 -0.00434607
0.06261123 0.09257188 -0.01956946 -0.00900718 0.00551359 -0.01347437
0.10614038 0.05581124 0.06216058 -0.00085576 0.00657930 -0.00962776
0.04599066 0.10721612 0.03532504 -0.00293197 0.00244552 -0.00194656
0.07791328 0.09040057 0.02847827 0.00798847 0.00683369 -0.00720240
-0.38352214 0.00234655 -0.03325845 0.00625422 0.01716348 -0.01881375
-0.27656293 0.02388719 0.05303454 0.00081340 0.01714258 -0.01628239
-0.23999443 0.05026826 0.05146811 -0.00599495 0.01528558 -0.02553699
-0.34930166 0.05506078 -0.03193754 -0.00843255 0.01481044 -0.02073569
-0.26668724 0.04636915 -0.03492101 0.00275597 0.01328261 -0.02274201
-0.35467166 0.04066080 0.03839962 -0.00449368 0.01235728 -0.00509960
-0.28805604 0.10481509 -0.02140716 0.00937132 0.01078408 -0.01121038
-0.95326871 0.04305424 -0.01336360 0.02451447 0.00022397 -0.04911534
-0.85187279 0.03340922 0.00784023 0.01447687 0.00279771 -0.04822245
-0.83749920 0.07093009 0.01866693 0.00397697 -0.00426331 -0.05454579
-0.94759166 0.04092465 -0.04070471 0.00085054 0.00343862 -0.05672262
-0.87423712 0.09158308 -0.02283426 0.01325456 -0.00249657 -0.05521606
-0.90346575 0.03556964 0.01758236 0.00263084 -0.00195200 -0.04080220
-0.92002593 0.08944356 -0.09213503 0.02155078 -0.00690198 -0.04042932
-1.02476485 0.04882097 -0.00850802 0.02324286 -0.00271329 -0.04987268
-0.92037939 0.03327934 -0.01532636 0.01297064 -0.00083660 -0.05119511
-0.92585035 0.07212527 -0.00462149 0.00101241 -0.00781029 -0.05415024
-1.00993976 0.04223638 -0.05132243 -0.00071240 0.00139970 -0.05828725
-0.94300114 0.09195350 -0.01442481 0.01046269 -0.00466828 -0.05568932
-0.94386004 0.03949971 0.01138717 0.00029321 -0.00373254 -0.04144982
-0.97877003 0.08174320 -0.09645538 0.01921667 -0.00813151 -0.04036343
-0.55153467 0.09502384 -0.01167027 0.00956906 0.00514296 -0.02451282
-0.46335787 0.10225100 0.02866580 0.00298934 0.00438787 -0.02598552
-0.44720620 0.13970942 0.00872960 -0.01061551 0.00244064 -0.02457008
-0.52149918 0.12335563 -0.07930349 -0.01180236 0.00568475 -0.03181808
-0.45590326 0.14237085 -0.01161350 -0.00327257 0.00350655 -0.02777987
-0.49690884 0.12037017 0.06904054 -0.00637387 0.00207572 -0.01841410
-0.47483645 0.15488655 -0.04046524 0.01108472 0.00214102 -0.02119840
-0.76715991 0.05954230 -0.03607664 0.00728960 0.00699801 -0.02641416
-0.65779708 0.07203958 0.01711877 -0.00458966 0.00729170 -0.03069806
-0.65444708 0.12359747 0.01117932 -0.01552657 0.00334171 -0.02934312
-0.73847406 0.11562075 -0.08354603 -0.01614901 0.00884449 -0.03297318
-0.66670090 0.12595318 -0.03541313 -0.00784685 0.00495054 -0.03064739
-0.70046157 0.09420878 0.05820726 -0.01277776 0.00444803 -0.01877630
-0.69279395 0.12307604 -0.08416503 0.00581444 0.00300978 -0.02127431
-0.87693237 0.07292878 -0.00626764 0.00926996 -0.00809333 -0.02644852
-0.75609446 0.06202211 -0.00801576 0.00733074 -0.00644519 -0.03290913
-0.76940797 0.10086822 -0.03193261 -0.01231457 -0.01234084 -0.02689929
-0.83022356 0.05829658 -0.08191136 -0.01216884 -0.00426931 -0.03842529
-0.77914603 0.10384722 -0.02620626 -0.00294533 -0.00843455 -0.03346910
-0.77973701 0.06296594 0.00484602 -0.00834533 -0.00967183 -0.02910596
-0.81315853 0.11346505 -0.09221046 0.01108830 -0.00938708 -0.02493861
-0.54509617 -0.03662597 -0.07420178 0.01474985 0.02326016 -0.02807614
-0.46005726 0.02941587 0.07583551 0.00406434 0.02372373 -0.02451041
-0.36073484 -0.00291652 0.07685099 -0.00435944 0.01962344 -0.03712594
-0.55597153 0.03398424 0.00010783 -0.00264914 0.02120986 -0.02861691
-0.45582093 0.03279531 -0.05173001 0.00710802 0.02199786 -0.03021300
-0.55685010 0.00096131 0.01293974 -0.00477916 0.01963290 -0.01535003
-0.48254497 0.09369063 -0.00660256 0.01488924 0.01639186 -0.01858071
-1.07191898 0.06529378 0.00184863 0.02228139 0.00447676 -0.04510184
-0.98661318 0.05948052 -0.01258465 0.01202176 0.00543352 -0.04916704
-0.99391893 0.09284151 -0.01687777 -0.00704205 -0.00076679 -0.04749552
-1.06081918 0.05929652 -0.05318396 0.00180760 0.01032881 -0.05492153
-0.98843820 0.11216413 0.00879626 0.00728313 0.00522391 -0.04915678
-0.98667204 0.05395256 0.03029759 -0.00582589 0.00577691 -0.03880928
-1.03394695 0.08644017 -0.07339573 0.01520316 0.00177323 -0.03526384
-0.92928983 -0.07885566 -0.01012849 -0.01879606 -0.00118817 0.01657168
-0.82485393 -0.05548361 -0.03229561 -0.02956857 -0.00126086 -0.00087630
-0.86037427 -0.05005938 -0.02255362 -0.04908567 -0.00504016 0.00901236
-0.90698510 -0.04929754 -0.05286484 -0.04274806 0.00221386 0.00496730
-0.82566924 -0.02303098 -0.00976239 -0.04105104 0.00246842 0.00646152
-0.80343790 -0.03752101 0.03410146 -0.04156798 0.00065362 0.01857154
-0.84580086 0.02710154 -0.02770742 -0.02153285 0.00023812 0.01394431
-1.09979615 0.04262603 0.00913633 0.01172587 0.00205148 -0.03311039
-0.99092796 0.03484921 -0.01735362 0.00762125 0.00333468 -0.04017864
-1.00330330 0.04932479 -0.00396051 -0.01437381 -0.00209927 -0.03818174
-1.05879106 -0.00277190 -0.03723262 -0.00211622 0.00896134 -0.04303297
-0.98665044 0.07530443 0.01610978 -0.00081652 0.00467506 -0.03938225
-0.96450359 0.01040673 0.01880918 -0.01119988 0.00528353 -0.02606536
-1.01928376 0.07824291 -0.04672291 0.00823657 0.00124058 -0.02462723
-1.34615228 0.02605788 -0.00064098 0.00730923 -0.04459531 -0.04638808
-1.18955441 -0.00929014 -0.06215607 0.00951476 -0.04122275 -0.05063314
-1.23126172 0.00182247 -0.05695327 -0.00263796 -0.05016286 -0.05049260
-1.25833988 -0.07511239 -0.05624956 -0.00547730 -0.03692512 -0.05774952
-1.23240188 0.00927289 -0.02266285 0.00317690 -0.04681851 -0.05840776
-1.18498951 -0.04984978 -0.07481427 -0.00632480 -0.04148888 -0.04547108
-1.24243133 0.04324711 -0.12355037 -0.00002815 -0.04588870 -0.04618174
-1.35728389 0.04678499 -0.00799314 -0.00185480 -0.05447253 -0.04542559
-1.19406916 0.00749367 -0.07206807 0.00388326 -0.05071296 -0.05028763
-1.24105155 0.01573156 -0.07997205 -0.00976011 -0.05990824 -0.04796542
-1.26677185 -0.05363743 -0.07950876 -0.01040580 -0.04593457 -0.05708533
-1.24107882 0.01385245 -0.03780892 -0.00207379 -0.05681586 -0.05796409
-1.19735904 -0.03261178 -0.09460847 -0.01218589 -0.04952437 -0.04680507
-1.24399014 0.04964349 -0.14669446 -0.00858109 -0.05464607 -0.04911969
-1.33481950 0.04283276 0.00071290 -0.00378093 -0.04955971 -0.04461073
-1.15698814 0.00025415 -0.06595742 0.01381850 -0.04494453 -0.04986702
-1.19968951 0.02060316 -0.05733594 -0.00617218 -0.05414570 -0.04937710
-1.22105114 -0.08666341 -0.04125616 -0.00364278 -0.03946964 -0.05419756
-1.18627533 0.00424225 -0.03889399 0.00702073 -0.04844691 -0.06009846
-1.13334022 -0.05895567 -0.10749863 -0.00355187 -0.04151638 -0.04770029
-1.17389865 0.05261575 -0.14756778 -0.00276289 -0.04861921 -0.04463531
-1.21476807 0.03676647 0.00067267 0.01041022 -0.04143201 -0.04453964
-1.05138548 -0.00287622 -0.05374948 0.02405051 -0.03591430 -0.04849232
-1.08931616 0.02215077 -0.03482223 0.00592736 -0.04487046 -0.04864753
-1.12919740 -0.08108811 -0.03679560 -0.00059713 -0.03186485 -0.05474292
-1.06427282 -0.01096885 -0.04570534 0.01243847 -0.03998236 -0.06310993
-1.03323832 -0.06915194 -0.10131769 0.00763797 -0.03707918 -0.04644893
-1.07133314 0.04993030 -0.13788043 0.01222413 -0.04220621 -0.04416130
-1.40391380 0.03138126 -0.00784936 -0.00840287 -0.05928530 -0.03780005
-1.22395694 -0.00873404 -0.07438875 -0.00151232 -0.05418698 -0.04425715
-1.27199322 -0.00121148 -0.07688187 -0.01634807 -0.06444658 -0.04190428
-1.30040213 -0.07950597 -0.07959842 -0.01637223 -0.04991819 -0.05069305
-1.27011761 -0.00015075 -0.04091139 -0.01046558 -0.06100195 -0.05254403
-1.23165421 -0.04970573 -0.09559235 -0.01868321 -0.05397813 -0.04120708
-1.28170088 0.05202931 -0.15766719 -0.01326486 -0.05887014 -0.04295678
-1.34932473 0.03200328 -0.00611363 -0.00628308 -0.05633566 -0.03785844
-1.17619768 -0.00736381 -0.06884473 0.00298001 -0.05123753 -0.04443710
-1.21966228 0.00059721 -0.06621850 -0.01122083 -0.06090362 -0.04158774
-1.24683313 -0.08348432 -0.06554767 -0.01378043 -0.04677396 -0.05005253
-1.21464550 -0.00758942 -0.04508208 -0.00574339 -0.05689920 -0.05432603
-1.17150418 -0.06006060 -0.10413058 -0.01261817 -0.05095607 -0.04128764
-1.21503122 0.05259812 -0.14913389 -0.00823138 -0.05655017 -0.04287633
-1.31797671 0.03946666 0.02271160 -0.00858593 -0.04694226 -0.03702011
-1.15329102 -0.01713690 -0.05963597 0.01196098 -0.04173156 -0.04207745
-1.18173346 -0.00106921 -0.04650406 -0.00938964 -0.05121486 -0.04151126
-1.20048441 -0.10433924 -0.02212116 -0.00444069 -0.03716957 -0.04686742
-1.15740247 -0.00571754 -0.01251257 0.00528416 -0.04544712 -0.05185686
-1.11492626 -0.07715636 -0.08880500 -0.00572805 -0.03963824 -0.03885137
-1.15606777 0.04937045 -0.12257559 -0.00667045 -0.04507912 -0.03528678
0.04184332 0.25761146 0.02822633 0.01435788 0.00982927 -0.04658844
0.06895026 0.24148673 0.07047315 0.01647016 0.00993479 -0.03863739
0.08148566 0.22494212 -0.00798210 -0.00396190 0.00701329 -0.03359496
0.06102332 0.21600438 -0.08792591 0.00296816 0.00551089 -0.04552473
0.08396689 0.26811929 0.08252621 0.00646016 0.00860351 -0.03453800
0.02656127 0.24545554 0.10033665 0.00138057 0.00621073 -0.04004221
0.06596695 0.25975168 0.02645700 0.02864553 0.00448898 -0.04003229
-1.42285436 0.01340448 0.00355660 -0.02932128 -0.06856005 -0.01882078
-1.20915778 -0.03855955 -0.07178563 -0.01036568 -0.06214746 -0.03133559
-1.25987992 -0.03387715 -0.05791472 -0.02506937 -0.07259029 -0.02633446
-1.26329154 -0.15075055 -0.05232189 -0.02456001 -0.05770561 -0.03276927
-1.23276219 -0.03919079 -0.04760638 -0.02018647 -0.06749956 -0.04041169
-1.18155494 -0.10919225 -0.12618912 -0.02558930 -0.06053441 -0.02437368
-1.21526115 0.05138721 -0.14995465 -0.02929321 -0.06588856 -0.02836807
-1.41801238 0.00338735 0.00146878 -0.04518681 -0.08203549 -0.00032356
-1.20832115 -0.04263459 -0.07255912 -0.03159434 -0.07502357 -0.01714267
-1.25547618 -0.03573841 -0.06866080 -0.03959307 -0.08796147 -0.00795585
-1.27519324 -0.15304145 -0.07233466 -0.04617384 -0.07486235 -0.02122603
-1.23525158 -0.04178527 -0.06009352 -0.04191918 -0.08431370 -0.02709109
-1.20028563 -0.10460996 -0.12350457 -0.04277553 -0.07966483 -0.01336858
-1.24580167 0.03990467 -0.18312443 -0.04862275 -0.08080183 -0.01800598
-0.33422321 -0.16820459 -0.13467258 -0.01883419 0.00890573 0.00877353
-0.22087216 -0.02957486 0.07971104 -0.02310643 0.00673333 0.01010570
-0.12572132 -0.13083442 0.06602621 -0.02501195 0.00556502 0.00225006
-0.33137266 -0.07177510 -0.00110964 -0.02456930 0.00181410 0.01032063
-0.28805878 -0.11668231 -0.11844933 -0.02183438 0.00541897 0.00665614
-0.36233712 -0.08478167 -0.06128680 -0.02612830 0.00406063 0.01920692
-0.23274062 0.03499946 0.01441634 -0.01588365 0.00593102 0.00688242
0.09881578 0.24819106 0.02327517 0.00666805 0.00899010 -0.03107567
0.16461648 0.21474613 0.06721987 0.01234862 0.00688611 -0.02400003
0.15963685 0.18435065 -0.01787349 -0.00268406 0.00728973 -0.02148522
0.15741499 0.20370992 -0.07851651 -0.00041700 0.00517700 -0.03440478
0.16365714 0.23378225 0.08202031 0.00258479 0.00679054 -0.02111310
0.11140094 0.23291558 0.08814512 0.00174881 0.00474931 -0.02234716
0.15080219 0.23370951 0.03666373 0.01641421 0.00661242 -0.02591646
-0.03513359 -0.03559344 -0.00266215 -0.02530172 0.00199319 0.02549822
0.00804315 -0.03229158 0.00080550 -0.02230096 0.00026719 0.01924186
-0.03206053 -0.03669082 -0.02055283 -0.03566905 0.00157343 0.02191042
-0.03912681 0.02194894 -0.02732234 -0.03671216 0.00013551 0.01598122
0.03250647 -0.04616727 0.02117959 -0.03126662 0.00130832 0.01591566
-0.05446699 0.04297616 0.03907539 -0.02901154 -0.00274421 0.02669615
0.00503191 0.04452319 -0.00429990 -0.01636363 0.00217720 0.01844120
0.02982683 0.17342761 0.00063114 -0.00734862 0.00456968 -0.01488259
0.11495523 0.12834521 0.01273794 -0.00416910 0.00178706 -0.01124414
0.06894216 0.08101611 -0.03464248 -0.01464179 0.00387540 -0.01004122
0.08027216 0.12936323 -0.06871510 -0.01316162 0.00232302 -0.02319770
0.15264207 0.13557980 0.07137815 -0.01042117 0.00354216 -0.01420716
0.05028278 0.17912889 0.03918199 -0.01082100 -0.00017484 -0.00937478
0.11482580 0.16112752 0.03244865 0.00147688 0.00475961 -0.01582553
-0.55761233 -0.03821298 -0.02285397 -0.01172602 0.00992826 0.01237346
-0.47783904 -0.00045830 0.01770048 -0.01613981 0.00949233 0.00368906
-0.47975361 0.01753694 -0.00389366 -0.03319321 0.00618423 0.01035035
-0.55197373 0.03757424 -0.05572500 -0.03089802 0.00987710 0.00590320
-0.50312564 0.03309834 -0.04124438 -0.02528659 0.00916140 0.00697184
-0.50252039 0.03176964 0.05122045 -0.02737444 0.00698531 0.01189043
-0.52870110 0.05731405 -0.04086211 -0.00757993 0.00913973 0.01039888
0.09334221 0.03477568 0.04009721 0.00074850 0.01092336 -0.00040840
0.11619546 0.03143040 0.02999840 0.00722742 0.00939658 -0.00086248
0.06535503 0.02649772 -0.02939782 -0.00790149 0.00936907 0.00042213
0.08649738 0.08419102 -0.01313025 -0.01044994 0.00860081 -0.00688816
0.11289847 0.03034625 0.04549708 -0.00095328 0.00899060 -0.00433152
0.06428949 0.07770607 0.02859214 -0.00488118 0.00445198 0.00321863
0.07560809 0.05560174 0.00301350 0.00661709 0.00938707 0.00244430
-0.07867450 0.12325309 -0.01661486 -0.00737996 0.00732969 -0.01153497
0.02203032 0.09578332 0.02066909 -0.00559273 0.00536659 -0.00950728
-0.00148456 0.07829999 -0.01516335 -0.01650233 0.00667040 -0.01128192
-0.02629032 0.10691273 -0.05818391 -0.01551813 0.00510674 -0.01838956
0.04990067 0.09224987 0.03901330 -0.01027592 0.00541411 -0.01277124
-0.05020636 0.13480528 0.04179467 -0.01189408 0.00266422 -0.00402470
0.02134521 0.14370163 0.01432173 0.00088354 0.00564565 -0.00952505
0.04563540 0.19446123 -0.00699729 -0.00895952 0.00274914 -0.01797419
0.13449734 0.14750911 0.02204073 -0.00422728 0.00007361 -0.01239942
0.09885347 0.09099045 -0.02527848 -0.01699049 0.00168334 -0.00842894
0.10638892 0.13014003 -0.07447684 -0.01308916 -0.00042529 -0.02475608
0.17636146 0.17851982 0.08020960 -0.01228002 0.00175207 -0.01388322
0.07411202 0.19062805 0.03536499 -0.00180577 0.00284145 -0.01947883
0.11771852 0.15340989 0.02620280 0.00618728 0.00506119 -0.01921223
0.04003821 0.02624630 -0.04636162 0.00248234 0.00729610 -0.01970792
0.06411705 0.11024541 -0.03546453 0.00397067 0.00582001 -0.02874919
0.09279456 0.08809255 0.06404488 0.00874008 0.00509321 -0.02059479
0.04384683 0.10687431 0.00940941 0.00430029 0.00212830 -0.01999834
0.08468617 0.08740935 0.08296289 0.01133948 0.00716575 -0.02236304
