0.01877744 -0.02140068 0.05454570 0.01500129 0.01394539 0.01473450
0.02937438 0.02946866 0.01918633 -0.00079926 0.01807600 0.00150406
0.08726799 0.03580793 0.03555254 0.01874113 0.01491164 0.00243233
0.03133050 -0.02795644 0.04981582 0.00467489 0.01735709 0.00571430
0.04597952 0.00326905 0.01471014 0.01167947 0.01652074 0.00658228
0.05295679 0.02804076 0.03932789 0.00866003 0.01659540 0.01524839
0.05054854 0.03676189 0.03012861 0.01845677 0.01345650 0.01204686
0.05383487 0.01424757 0.00232766 0.00637448 0.00103029 0.01458483
0.04229433 0.07047496 -0.05248471 -0.00576437 0.00220855 0.00211259
0.11054671 0.07063881 -0.01843574 0.00935476 0.00028613 0.00545079
0.08414305 -0.00299183 0.02343799 -0.00306873 0.00086294 0.00927651
0.11450536 0.03064519 -0.00527662 0.00511679 0.00174742 0.00601739
0.10655172 0.05739775 0.01606702 -0.00476110 0.00116343 0.01141398
0.12184056 0.04051499 -0.00002522 0.01204585 -0.00044484 0.01688237
-0.03420584 -0.04264822 0.01682474 -0.01010690 0.01828135 0.00608912
-0.01780891 -0.00837209 -0.01497222 -0.02497013 0.01984321 0.00171380
0.03825038 -0.00275227 0.02486899 -0.00694042 0.01844256 0.00007982
-0.00554292 -0.05824900 0.02481383 -0.01961501 0.01979156 0.00454771
0.01914923 -0.02945898 0.01005399 -0.01183143 0.02151132 0.00110600
0.03300952 -0.00565674 0.01245130 -0.01582716 0.01911592 0.01240298
0.02950226 -0.01604269 0.00251056 -0.00274589 0.01644466 0.00934726
0.03717130 0.01012674 0.00239897 -0.00188461 0.01263264 0.01168190
0.05043386 0.04543715 -0.03766009 -0.01307509 0.01373610 0.00361869
0.09855199 0.05504034 0.00516832 -0.00084545 0.01352930 0.00649372
0.07357094 0.00218000 0.02349668 -0.01069670 0.01341305 0.01001082
0.12476469 0.03569863 0.00636105 -0.00501762 0.01467597 0.00713233
0.11721451 0.03859373 0.01461111 -0.01038717 0.01295162 0.01196742
0.11236650 0.03144979 -0.01032358 0.00569756 0.01171401 0.01722201
-0.10097642 -0.10038927 -0.02462738 0.00827319 0.01734430 0.00317356
-0.09006986 -0.07254420 -0.03699430 -0.00624278 0.01883936 -0.00695619
-0.05069822 -0.08522798 -0.01888731 0.01875523 0.01664897 -0.00905772
-0.08580747 -0.17323647 0.02601041 0.00176025 0.01972872 0.00217534
-0.10519602 -0.13394678 -0.00604025 0.00967164 0.01780805 -0.00571677
-0.07099480 -0.09906710 -0.01508942 0.00153852 0.01838940 0.00530497
-0.05523381 -0.08888845 -0.01278078 0.01282085 0.01472747 0.00163376
-0.04523090 -0.32262787 0.04392326 0.03871931 -0.00058946 0.01986227
-0.08124752 -0.24573708 -0.02410320 0.02457348 0.01283257 -0.01739123
-0.02005992 -0.26128188 -0.02342844 0.03619725 0.00391521 -0.00593845
-0.12044768 -0.31697366 0.00743617 0.04613400 0.01097063 0.00855314
-0.08270965 -0.23771314 -0.00381093 0.04397358 0.00184959 0.00780397
-0.07845631 -0.18307123 -0.00409998 0.05189566 0.00543779 0.00564168
-0.03748311 -0.11168838 0.01719099 0.02495820 0.00413748 -0.01546089
0.08882274 -0.02103457 0.00572517 0.01242441 -0.00182490 0.01553788
0.10876620 0.03100364 -0.02733737 -0.00211466 -0.00113951 -0.00018311
0.13770389 -0.00404935 -0.00430508 0.01372104 -0.00254058 0.00154074
0.10306263 -0.04889529 0.01693176 0.00403739 -0.00144851 0.01088890
0.08717136 -0.01937199 -0.01079633 0.01285053 -0.00208481 0.00570324
0.11837056 -0.01699062 0.01491663 0.00213636 -0.00116370 0.01622997
0.13195098 0.01492698 0.00978740 0.01570824 -0.00197621 0.01559215
0.03620275 0.01051564 0.03524770 0.00294438 0.00813627 0.01707984
0.04266780 0.05064467 0.00754897 -0.01533437 0.01064757 0.00609461
0.07534693 0.05313869 0.02527936 0.00347264 0.00941404 0.00809011
0.06502414 0.00888795 0.02887444 -0.00951159 0.01117927 0.01159494
0.08032776 0.02635311 0.00358304 0.00079367 0.01097741 0.00987374
0.07270716 0.03684025 0.04167496 -0.00728845 0.00982493 0.02145067
0.07714004 0.04466591 0.02439476 0.00860748 0.00845163 0.01831055
-0.00484337 -0.18257802 0.07049995 0.02746948 0.01592432 -0.01437036
0.00855388 -0.18594079 0.02024169 0.00881665 0.02545460 -0.02957557
0.05302318 -0.22544444 0.03953123 0.03056793 0.01943923 -0.03284100
-0.02018416 -0.26218435 0.12154252 0.02846222 0.02661908 -0.01249553
-0.02324366 -0.23395333 0.04363506 0.03545258 0.01964149 -0.02237821
0.01647287 -0.19783299 0.02030744 0.03096431 0.01785877 -0.01153692
-0.00229782 -0.15148348 0.02039463 0.02054943 0.02002382 -0.02881303
-0.16353913 0.42359982 -0.02431197 0.04860514 0.04523779 -0.04344730
-0.17059425 0.42428367 -0.08456408 0.04499657 0.05086133 -0.04489225
-0.09101559 0.42614266 -0.04052920 0.03787868 0.04511294 -0.03137795
-0.14310063 0.35188578 0.01562413 0.03882751 0.04778580 -0.03769411
-0.01167479 0.33054475 -0.06185339 0.03906851 0.05303548 -0.02307787
0.03596533 0.38774859 0.01214675 0.04433946 0.04424813 -0.03038352
-0.00277811 0.37034366 -0.06283709 0.04393193 0.04916682 -0.02954695
-0.01739618 -0.34433626 -0.00012127 0.04488984 -0.01813690 -0.01020854
-0.06399183 -0.30189605 -0.01599648 0.02563627 -0.00407729 -0.04356538
0.09227400 -0.33192780 -0.00173918 0.04340395 -0.01212795 -0.02988388
0.03275584 -0.37858687 0.02439100 0.04230445 -0.00064202 -0.00803540
0.01521825 -0.32592446 -0.01480862 0.05426995 -0.01484943 -0.02734429
0.08140104 -0.23859516 -0.03271786 0.05443414 -0.01240117 -0.02904085
0.06501430 -0.17216790 -0.01385378 0.02431564 -0.00944176 -0.04744264
-0.02598225 -0.13072371 0.02246168 0.02959467 0.00700161 0.00714155
-0.03479262 -0.09267058 0.01392670 0.01902226 0.01378995 -0.01123503
0.02953551 -0.12931643 0.01398311 0.03677114 0.00574664 -0.00424614
-0.09208313 -0.19891309 0.09613969 0.02776028 0.01219148 0.00533540
-0.09106261 -0.16272070 0.01261132 0.03148402 0.00625732 0.00092378
-0.03410712 -0.13643735 0.02065564 0.03640445 0.00737528 0.00483805
-0.01759965 -0.08589284 0.01392773 0.02117532 0.00636717 -0.00315211
-0.23080848 -0.00304909 0.04590823 -0.02859215 0.02020528 0.00391863
-0.21796690 -0.01960221 0.02906647 -0.03666184 0.02845893 0.00447097
-0.12266996 -0.01477321 0.07238557 -0.02776142 0.02028771 0.01696662
-0.13915728 -0.03106608 0.12692490 -0.03389868 0.02517667 0.00779041
-0.10698533 0.01327874 0.04178509 -0.02223845 0.02634726 0.00895994
-0.10367132 -0.03872169 0.07084447 -0.02114334 0.01983861 0.00950714
-0.12310397 -0.02425559 0.05372978 -0.02491044 0.02202296 0.00507438
-0.43877918 -0.06947536 0.02148795 -0.04787459 -0.03935899 0.00893568
-0.40298592 -0.05466084 -0.07035700 -0.01904757 -0.03518740 0.01283941
-0.32020241 -0.07598534 0.05735715 -0.05337695 -0.04199814 0.05896552
-0.31880829 -0.03716834 0.04782843 -0.04103393 -0.03553408 0.02205074
-0.21208325 0.01452817 0.00088566 -0.03449593 -0.03439487 0.02593118
-0.22800973 -0.04448480 0.13898793 -0.02517016 -0.04399914 0.00394611
-0.20145010 -0.03002434 -0.04034072 -0.05349504 -0.02820819 0.01706285
-0.27876738 0.27741939 0.05303638 -0.02183394 0.03146261 0.03612859
-0.25611488 0.28982326 0.04100514 -0.03759426 0.03807023 0.03849084
-0.21948790 0.31191323 0.14745321 -0.03623064 0.03075030 0.05475876
-0.21975972 0.21161348 0.21443140 -0.03379468 0.03148409 0.02853073
-0.19920692 0.19358644 0.06336485 -0.03487693 0.03824472 0.06325219
-0.16283931 0.22170581 0.14154771 -0.02812077 0.03107638 0.05036569
-0.14841592 0.25009539 0.10533424 -0.02899829 0.02906675 0.04809264
-0.38683183 0.01712538 0.02988734 -0.05727537 -0.03248253 0.01330888
-0.36313053 0.01455072 0.01052259 -0.04845328 -0.02476600 0.01467676
-0.34022707 -0.03367304 0.06528173 -0.07674536 -0.02800059 0.06831565
-0.22254691 0.01498932 0.07644984 -0.07025974 -0.02822831 0.02668637
-0.18412145 0.05479650 0.04889316 -0.06544087 -0.02475576 0.03834891
-0.19055400 0.03844903 0.12176964 -0.04481112 -0.03604053 0.00392552
-0.20310154 0.01576881 -0.00916595 -0.06462133 -0.01764334 0.03008156
-0.76268934 0.15632642 0.01616055 -0.02793115 -0.04539335 -0.12989367
-0.70794113 0.25056753 0.07221404 -0.06583658 -0.04769672 -0.11114841
-0.64322099 0.17288655 0.06035427 -0.04750096 -0.03960695 -0.12201195
-0.76023638 0.21082718 0.07897875 -0.04419358 -0.04286543 -0.10307885
-0.67843296 0.11235196 0.01211072 -0.01917221 -0.04781476 -0.10060810
-0.70207685 0.04724324 0.01515114 -0.02699075 -0.03905797 -0.11741236
-0.59333663 0.10987356 0.10176381 -0.04127460 -0.04151887 -0.11678423
-0.86480990 -0.29156983 0.01712012 -0.07551925 -0.05055431 0.00073357
-0.82948357 -0.26405063 0.01141990 -0.05874621 -0.04729529 0.00437334
-0.78559354 -0.37802782 0.05963136 -0.09570724 -0.04977323 0.05155766
-0.68682820 -0.32009382 0.03650128 -0.07666405 -0.05030505 0.01945998
-0.65762646 -0.23550654 0.05615127 -0.07587765 -0.04553034 0.02317096
-0.68551712 -0.28289858 0.15332898 -0.06727144 -0.05853499 -0.01207980
-0.68373956 -0.32748900 -0.06718528 -0.06789989 -0.03448450 0.00418396
-0.96358158 -0.36970247 0.07327539 -0.10679997 -0.02699192 0.00427073
-0.86091377 -0.37598506 0.09277141 -0.09140407 -0.02375949 0.02474321
-0.77931136 -0.41360568 0.18500723 -0.10899774 -0.02715788 0.05179423
-0.72369993 -0.33422776 0.13740194 -0.10863950 -0.01629057 0.01814898
-0.75267285 -0.23837103 0.15774380 -0.10074356 -0.01777891 0.00895149
-0.75794369 -0.30137615 0.17437287 -0.07852902 -0.03237815 0.00295324
-0.67992441 -0.33121020 0.06327083 -0.10043170 -0.02075918 -0.01466108
-0.54766450 -0.53190753 0.02042716 -0.06303220 -0.04711079 0.04739020
-0.47544904 -0.46913717 0.02500993 -0.04011163 -0.03935242 0.04022661
-0.37001025 -0.53652477 0.04505342 -0.07341574 -0.04393285 0.08906484
-0.35678778 -0.37162077 -0.02210367 -0.07805828 -0.03432113 0.06405670
-0.26486307 -0.29778916 0.04088321 -0.06502181 -0.03854759 0.03851991
-0.32783158 -0.31165462 0.07049224 -0.04079652 -0.05285724 0.01514257
-0.32156635 -0.30823682 -0.05036033 -0.07243766 -0.03235384 0.02086063
-0.83954722 -0.26801899 0.00306536 -0.04383641 -0.04576222 0.00590923
-0.80640800 -0.24509583 -0.00056959 -0.04842271 -0.03946492 0.00717719
-0.75724714 -0.22997737 -0.03400891 -0.04411280 -0.04003005 0.03411756
-0.75108856 -0.18731568 0.04972336 -0.05548828 -0.04265996 0.01282983
-0.75880222 -0.16105430 0.02233392 -0.05213834 -0.04451267 0.01651655
-0.70497900 -0.14429009 0.05461158 -0.04095813 -0.04566949 -0.01701496
-0.72755538 -0.14530764 -0.08463074 -0.05461475 -0.03726332 -0.00257170
-0.55782009 -0.20919053 -0.01009307 -0.00899134 -0.10758643 -0.01793308
-0.57162281 -0.21828491 -0.00623497 -0.01626054 -0.11090718 -0.04980781
-0.50081123 -0.25078507 -0.06920840 -0.01838339 -0.10385155 -0.00911567
-0.56871366 -0.21777747 0.03912156 -0.01818014 -0.11738713 -0.02150031
-0.51076882 -0.15606626 0.02366545 -0.00722649 -0.11329730 -0.01651739
-0.44005994 -0.15510673 -0.00062174 -0.02117919 -0.10817955 -0.05570914
-0.48668589 -0.20483542 -0.10254709 -0.02867880 -0.09466206 -0.02113579
-0.96311688 -0.04509257 -0.08857386 -0.03089039 -0.08290586 -0.05215387
-0.93102805 -0.06110436 0.01395929 -0.02320635 -0.08340936 -0.05769596
-0.82774386 -0.09381084 -0.09032050 -0.03273398 -0.08064033 -0.02389721
-0.88817120 -0.01609697 0.03658610 -0.02497291 -0.09070888 -0.04804910
-0.87749206 -0.01426951 -0.07202047 -0.02554513 -0.08538017 -0.03179707
-0.78868113 -0.03108176 -0.02721239 -0.02430445 -0.08247763 -0.06288147
-0.78315809 0.00964214 -0.09147254 -0.03708410 -0.07051469 -0.04248316
-1.05662458 0.02942212 -0.06744754 -0.02244439 -0.10540582 -0.05148185
-1.09234005 0.05449836 -0.06632327 -0.02391122 -0.10683048 -0.07435175
-1.05324611 -0.05868356 -0.20694915 -0.03592808 -0.10030446 -0.02690524
-1.11425072 0.06991216 -0.03890894 -0.01620460 -0.11812466 -0.04740893
-1.04997538 -0.02712977 -0.08586341 -0.03106006 -0.11253124 -0.02644535
-1.02895007 0.01315178 -0.03152242 -0.02263082 -0.10857233 -0.06591349
-0.96561261 0.07674313 -0.20175120 -0.03129498 -0.09027210 -0.02848495
-0.88004276 -0.16557239 -0.06197755 -0.03364707 -0.01673365 -0.00016813
-0.87544523 -0.17234093 -0.07609532 -0.01485942 -0.01405663 0.00998682
-0.77056579 -0.20727929 0.02071264 -0.03860980 -0.01818386 0.04046836
-0.79536602 -0.16250975 0.00554065 -0.04380344 -0.00310295 0.00287350
-0.64956509 -0.10028607 -0.03020481 -0.03167952 -0.00662376 -0.00692032
-0.67352846 -0.13356562 0.04245107 -0.01155058 -0.01807991 -0.01546162
-0.63302159 -0.16014062 -0.06439893 -0.03894941 -0.00667423 -0.01233874
-0.71183704 -0.37454773 -0.01130489 -0.12350727 0.10292061 0.03266669
-0.71987480 -0.39816871 -0.00476275 -0.12641151 0.11863725 0.07596052
-0.57528064 -0.35734318 0.00313830 -0.12537861 0.11572334 0.10733111
-0.51328305 -0.25881018 0.04389922 -0.14686513 0.12760854 0.07654828
-0.52061178 -0.32896012 -0.00688577 -0.15512446 0.12272276 0.05885158
-0.50072297 -0.22825561 0.03303511 -0.09442362 0.10017402 0.04244635
-0.60465019 -0.30695923 -0.13643614 -0.13334051 0.10890214 0.03765302
-0.14212891 0.06814727 -0.11349736 -0.06153694 0.00961996 -0.14865682
-0.17096061 0.13678151 -0.15055760 -0.08351080 0.00830482 -0.10643911
-0.08014048 0.20389643 -0.08743103 -0.06866986 0.01501104 -0.15224138
-0.08492171 0.07035136 -0.10891736 -0.04922285 0.02176024 -0.14685985
-0.05064195 -0.03955569 -0.08246896 -0.06004289 0.02241008 -0.12653047
-0.04266171 0.00808395 -0.13173018 -0.06080529 0.01824177 -0.11471817
-0.05166994 -0.07041229 -0.11673412 -0.07120747 0.01444378 -0.14037170
-0.44522159 -0.17775159 -0.08587413 -0.02096347 -0.00984377 0.02300508
-0.43700974 -0.17979674 -0.09405863 -0.01521156 -0.01049335 0.01826758
-0.34869574 -0.22538729 -0.02112439 -0.02892460 -0.01049571 0.06798311
-0.35821561 -0.19416377 -0.04527285 -0.03542068 -0.01141877 0.03068282
-0.24033975 -0.15528469 -0.03409582 -0.03377824 -0.01028028 0.02945043
-0.23612928 -0.12667881 -0.02164997 -0.01377008 -0.01558462 -0.00112998
-0.28444976 -0.17705251 -0.14670719 -0.03221541 -0.00438003 0.02712913
-0.34279257 -0.32456849 -0.05519945 -0.03294654 0.00061338 0.03666196
-0.34791827 -0.31277854 -0.09201256 -0.03034185 0.00783574 0.02956935
-0.23978617 -0.26984055 -0.02572653 -0.02615654 0.00290979 0.05854782
-0.24318725 -0.28576182 -0.03505790 -0.04471460 0.00791124 0.05097912
-0.20312063 -0.26947750 -0.07514394 -0.03819134 0.00147956 0.03182834
-0.20558000 -0.19741274 -0.06517306 -0.01946162 -0.00131623 0.01566142
-0.20752255 -0.21290258 -0.12537257 -0.03734021 0.00540380 0.02292744
-0.20528249 -0.28746253 -0.05233314 -0.03713587 -0.00613949 0.06378465
-0.20315422 -0.25413774 -0.09651327 -0.03754914 -0.00544231 0.05780256
-0.14215332 -0.26092544 -0.02917687 -0.02557537 -0.01233731 0.06674417
-0.14912562 -0.26832156 -0.02382881 -0.04530711 -0.00680220 0.06579565
-0.16426641 -0.26552817 -0.04164594 -0.04546745 -0.00832869 0.05147395
-0.12017988 -0.19386571 -0.08710986 -0.03642670 -0.00942359 0.05146528
-0.17723303 -0.23845308 -0.13753883 -0.03848990 -0.00745335 0.05102414
-0.05054494 -0.25555227 0.03664050 -0.04224665 0.04361500 0.04693860
0.01000405 -0.24452919 0.05121885 -0.06155979 0.05214947 0.04995526
0.00760396 -0.27301654 0.04237520 -0.03964142 0.04500017 0.05261775
0.02963632 -0.28559586 0.08470927 -0.05712314 0.05493269 0.05388615
-0.03796367 -0.26691927 0.00486779 -0.05037677 0.05012170 0.04672626
0.01347113 -0.22281978 0.01973506 -0.04339523 0.04419721 0.05715513
-0.00221134 -0.25896359 -0.03325941 -0.04382486 0.04322269 0.03899283
-0.18483780 -0.29905651 -0.05204365 -0.01170371 -0.01294224 0.07723413
-0.18313531 -0.24731971 -0.12234005 -0.01164572 -0.00849526 0.06303567
-0.12569345 -0.25224168 -0.03703943 -0.00038475 -0.01515758 0.07916762
-0.10601695 -0.27007489 -0.03013626 -0.01741926 -0.00927696 0.07376685
-0.14873509 -0.25322247 -0.04152521 -0.02258454 -0.01336193 0.06358071
-0.09359781 -0.17951155 -0.09784963 -0.00779092 -0.01406099 0.05727642
-0.13910208 -0.21916430 -0.14157513 -0.01822710 -0.01158221 0.05915119
0.05706222 -0.05811471 0.03831929 -0.00297314 0.04208933 0.01930125
0.06893065 -0.03483785 0.02028703 -0.01865973 0.04837653 0.02255412
0.10534315 -0.04190867 0.03598338 -0.00898366 0.04242647 0.01621786
0.08214736 -0.05745905 0.06555947 -0.01022290 0.04972780 0.02295774
0.05095193 -0.05577973 0.02017171 -0.01282592 0.04882367 0.01980210
0.09581391 -0.05233419 0.02181699 -0.00907776 0.04434485 0.03197788
0.06592795 -0.03630069 0.02247104 -0.00552553 0.04283123 0.01585360
0.10378663 -0.05985956 0.02428810 -0.00075774 0.01798185 0.01183580
0.11328159 -0.02185646 -0.02822584 -0.01834747 0.01942383 0.01037000
0.14762110 -0.03037761 -0.00048673 -0.00182555 0.01650170 0.00800020
0.09502426 -0.07435329 0.03555396 -0.00985358 0.01926506 0.01494476
0.09039736 -0.07948457 0.00461207 -0.00512747 0.02033934 0.00971249
0.10885403 -0.05935672 -0.02898698 -0.00831566 0.01721133 0.02449339
0.10176987 -0.05004557 -0.01978361 0.00300174 0.01622925 0.01681790
0.07619769 -0.08691381 -0.01724938 -0.00018683 0.00715882 0.00679499
0.04317115 -0.03473190 -0.07036812 -0.01432602 0.00519086 0.00358396
0.08145495 -0.06043074 -0.01504279 0.00078693 0.00497591 0.00140721
0.06051594 -0.09813056 -0.02191653 -0.01072255 0.00720788 0.00773769
0.05015399 -0.08308828 -0.03990399 -0.00439865 0.00751012 0.00078729
0.07175645 -0.04656862 -0.04635486 -0.01129917 0.00623324 0.01318887
0.04286289 -0.05630821 -0.04812092 0.00530687 0.00153071 0.01093074
0.00924310 0.03000809 -0.02434104 -0.01475160 -0.00643901 0.00998456
0.03804210 -0.00884948 -0.04055288 0.01444343 -0.00532182 0.00266854
0.05130896 -0.03589860 -0.01980451 0.00021696 -0.00640273 0.00817327
-0.00426572 -0.00509012 0.00204262 0.00319401 -0.00252149 0.00086004
0.02059364 0.01330394 -0.03987589 -0.01203946 -0.00219325 0.02102287
0.02938394 -0.00263453 -0.01617221 0.01272608 -0.00743668 0.01882810
