0.03433794 0.17115496 -0.00158574 -0.01039079 0.00259995 -0.01360481
0.12230107 0.12256103 0.01020120 -0.00691147 -0.00004653 -0.00920017
0.07811219 0.06796026 -0.03723210 -0.01679315 0.00230790 -0.00621620
0.09249977 0.11444504 -0.06204103 -0.01410473 0.00054465 -0.02144904
0.16900932 0.13761258 0.06823644 -0.01274569 0.00153812 -0.01290864
0.06385739 0.18067906 0.02952239 -0.01145388 -0.00207319 -0.00696325
0.12804858 0.15633177 0.04203465 -0.00205392 0.00378242 -0.01561595
0.04546265 0.17446851 -0.00078726 -0.00959398 0.00283963 -0.01418818
0.12590500 0.12715643 0.01324973 -0.00576177 0.00014447 -0.00936640
0.07729331 0.06694919 -0.03417918 -0.01611271 0.00254036 -0.00712955
0.09415220 0.11698578 -0.06618251 -0.01406872 0.00027641 -0.02170719
0.15955279 0.13567658 0.06682741 -0.01195824 0.00170886 -0.01279489
0.06415899 0.17604595 0.03151552 -0.01060012 -0.00186429 -0.00797042
0.12593393 0.15621328 0.04384405 -0.00097418 0.00354890 -0.01642217
0.03085349 0.16451869 -0.00297843 -0.01139669 0.00291792 -0.01018377
0.11748016 0.12238769 0.00873428 -0.00876773 -0.00018799 -0.00753101
0.07096115 0.07106788 -0.03018744 -0.01825463 0.00231772 -0.00554612
0.08380779 0.12012958 -0.06786242 -0.01628996 0.00019082 -0.01907717
0.15523002 0.12649026 0.06431499 -0.01452446 0.00114892 -0.01043664
0.05165324 0.17798798 0.03695194 -0.01365049 -0.00212724 -0.00457018
0.11893229 0.16022582 0.03358206 -0.00271691 0.00303490 -0.01305481
0.03983189 0.18824739 0.00032800 -0.00532449 0.00387003 -0.01910712
0.12168659 0.14257688 0.01627005 -0.00137633 0.00127940 -0.01363302
0.07680732 0.08525870 -0.02829398 -0.01252856 0.00333435 -0.01144296
0.09267460 0.13019243 -0.07125541 -0.01018802 0.00147899 -0.02570660
0.15817074 0.15169490 0.07195262 -0.00814009 0.00257133 -0.01609609
0.06038486 0.19038649 0.04031536 -0.00717958 -0.00079434 -0.01205477
0.12563267 0.17103981 0.04293668 0.00302638 0.00428265 -0.01964920
0.02011207 0.18939709 -0.00378394 -0.00378736 0.00524600 -0.02106392
0.10339288 0.14430288 0.01772521 0.00002209 0.00280585 -0.01524784
0.06836984 0.09489422 -0.01992626 -0.01187367 0.00465431 -0.01387583
0.07363957 0.13232148 -0.07190812 -0.00961075 0.00246474 -0.02665006
0.13256865 0.15090514 0.06510916 -0.00713001 0.00351545 -0.01697561
0.04248696 0.18641591 0.04960557 -0.00654420 0.00063031 -0.01407951
0.10892187 0.17727718 0.04285595 0.00461734 0.00474517 -0.02013709
0.00743315 0.15838891 -0.00504600 -0.01138170 0.00368562 -0.00890378
0.09450155 0.12015484 0.01298372 -0.00871883 0.00044031 -0.00676677
0.05109185 0.08229070 -0.02677025 -0.01955884 0.00307018 -0.00578422
0.06036564 0.12978255 -0.06999619 -0.01752351 0.00099579 -0.01764726
0.13362846 0.12198344 0.06115384 -0.01440697 0.00219933 -0.00965285
0.02611585 0.17043233 0.04856205 -0.01512643 -0.00112041 -0.00357651
0.09726473 0.16200919 0.02561059 -0.00264273 0.00349489 -0.01160363
0.05176398 0.17062845 -0.00310045 -0.01174936 0.00195047 -0.01115981
0.13116764 0.12335597 0.00876497 -0.00779681 -0.00065699 -0.00690581
0.08369915 0.05933919 -0.03371557 -0.01795892 0.00165536 -0.00372794
0.10006572 0.11089185 -0.06353416 -0.01547730 -0.00044239 -0.01923901
0.16693112 0.13417585 0.06885413 -0.01386426 0.00089079 -0.01014055
0.07112408 0.17580943 0.02795422 -0.01239072 -0.00280902 -0.00618526
0.13403569 0.15251516 0.04614754 -0.00305167 0.00299811 -0.01554424
0.01723696 0.15227754 -0.00262795 -0.01219253 0.00162243 -0.01048678
0.10104966 0.12562496 0.01988611 -0.00983299 -0.00001081 -0.00951308
0.07210937 0.08908750 -0.02355672 -0.02350236 0.00060416 -0.00618439
0.06807755 0.12812471 -0.06908298 -0.02048664 -0.00146666 -0.01784457
0.13492968 0.13608759 0.06136124 -0.01856980 0.00066800 -0.00949644
0.03973986 0.17811287 0.05745388 -0.01773781 -0.00204561 -0.00526163
0.10274058 0.17887916 0.02474830 -0.00207629 0.00148096 -0.01243741
0.17156228 0.32514893 0.02665089 0.00501207 0.00630306 -0.05373350
0.26934357 0.31409360 0.10674830 0.01475504 0.00436482 -0.04206542
0.29344594 0.25079582 -0.00990484 -0.00287451 0.00215050 -0.02999129
0.27873928 0.25650594 -0.10579598 0.00432005 -0.00348282 -0.04348269
0.23629971 0.36467843 0.11072562 0.00083990 0.00701984 -0.02985392
0.23781246 0.32972760 0.13278658 0.00574439 0.00593935 -0.03848124
0.24705665 0.32268018 0.04595044 0.02909701 0.00369696 -0.04789891
0.73061578 -0.30500116 -0.04567232 0.00832017 0.01104464 0.09493990
0.43717809 -0.28038491 0.06125036 0.00457747 0.01019550 0.07739209
0.48194010 -0.27612757 -0.00287360 -0.01878281 0.00635938 0.10121739
0.52299708 -0.17276607 0.13207488 0.00867518 0.01372315 0.06788118
0.56912392 -0.37696153 0.10280406 0.01017130 0.01624999 0.09039669
0.51066313 -0.27125482 0.03465965 0.02205877 0.00790648 0.07187449
0.60032301 -0.23032621 0.08479075 -0.02789579 0.01088643 0.07889878
0.04756561 0.10518992 0.00075368 -0.01632583 0.00261544 0.00140218
0.09686328 0.06012217 -0.00732256 -0.01306712 0.00016173 0.00324838
0.03897476 0.00110250 -0.04494112 -0.02145156 0.00298696 0.00346331
0.05421831 0.06938953 -0.03305409 -0.02185740 -0.00020511 -0.00716553
0.11143694 0.03537696 0.04252780 -0.01616620 0.00121366 -0.00105302
0.03496532 0.10213121 0.01017101 -0.01722686 -0.00285437 0.00431723
0.09009445 0.08153095 0.04528985 -0.00792128 0.00299569 -0.00315515
0.13566611 0.30515684 0.01170373 0.00471559 0.00619933 -0.04519633
0.21683259 0.29443847 0.10931577 0.01274144 0.00373987 -0.03499549
0.24061037 0.24076369 -0.00999212 -0.00521705 0.00250707 -0.02574884
0.22076037 0.24818400 -0.10425147 0.00194169 -0.00182625 -0.04150146
0.20349894 0.33935860 0.10681555 0.00060501 0.00540167 -0.02583085
0.17818583 0.30785371 0.13049044 0.00295935 0.00348150 -0.03247736
0.20089485 0.31337932 0.05182636 0.02273166 0.00307197 -0.04054090
0.06699835 0.20482387 -0.00037495 -0.00691319 0.00267463 -0.01873451
0.14612155 0.16157134 0.02823523 -0.00220297 -0.00021421 -0.01274811
0.11308869 0.09915737 -0.02106203 -0.01486256 0.00156436 -0.00866888
0.12163217 0.14099058 -0.07530231 -0.01156987 -0.00085118 -0.02485053
0.17385803 0.18903838 0.08005841 -0.01086020 0.00139922 -0.01338376
0.08935506 0.21002185 0.05608850 -0.00772662 -0.00155537 -0.01235510
0.15063816 0.19949455 0.04833828 0.00261470 0.00302769 -0.02181429
-0.06164482 -0.10084737 0.00280696 -0.00972105 0.00705968 0.00787809
-0.07949153 -0.08043645 -0.00602629 -0.00628463 0.00488965 0.00891547
-0.09682598 -0.11370758 -0.01968414 -0.01535379 0.00530869 0.00658118
-0.13479384 -0.06881122 0.01105311 -0.02053516 0.00296046 0.00403253
-0.06746219 -0.14386464 -0.01483218 -0.00787217 0.00284653 0.00302212
-0.11559769 -0.04663531 -0.00187984 -0.01391472 -0.00097148 0.01533623
-0.08011026 -0.06553035 0.04386475 -0.00308119 0.00414055 0.00754634
0.14993524 0.34692001 0.02216656 0.01242553 0.00558484 -0.06748984
0.22670809 0.32730427 0.12604947 0.02510193 0.00417484 -0.05155805
0.27605044 0.24661407 -0.00587592 0.00608522 0.00141317 -0.04007852
0.24319258 0.24440430 -0.09281130 0.01389318 -0.00418158 -0.05147039
0.21091044 0.41423373 0.14781019 0.01261142 0.00690519 -0.03945702
0.21066027 0.35141252 0.13919240 0.01586848 0.00544165 -0.04793860
0.22027047 0.34397110 0.07799913 0.03633493 0.00355676 -0.05795569
0.09712922 0.31416722 0.00511453 0.00641433 0.00570724 -0.05407938
0.18761821 0.29071135 0.09983922 0.01516425 0.00306202 -0.04030310
0.20868348 0.22574473 -0.00338916 -0.00420212 0.00160324 -0.03284694
0.17783796 0.23330383 -0.10183461 0.00447131 -0.00277123 -0.04671974
0.18838394 0.34597531 0.12365309 0.00285469 0.00513341 -0.03324848
0.14935504 0.31201378 0.13365297 0.00589627 0.00347973 -0.03758070
0.18372638 0.32059133 0.06107995 0.02393723 0.00329932 -0.04556315
-0.04704652 0.13746489 0.00306786 -0.00377719 0.00753021 -0.01448345
0.02828802 0.09764802 0.00190404 -0.00291357 0.00481648 -0.01228264
-0.02098111 0.06037544 -0.01171721 -0.01256373 0.00706079 -0.01330290
-0.01938471 0.10067385 -0.06565294 -0.01143657 0.00508681 -0.02168940
0.04719479 0.07374337 0.03429348 -0.00672567 0.00438168 -0.01459837
-0.04075919 0.12760618 0.03344662 -0.00839383 0.00232907 -0.00655789
0.02757899 0.12442837 0.03252098 0.00309893 0.00537527 -0.01238706
-0.18401811 -0.22250379 -0.13079934 -0.01817549 0.00352160 0.01997345
-0.15099378 -0.08607322 0.05445635 -0.01743908 0.00088925 0.02256794
-0.05627065 -0.18775245 0.03721656 -0.01992713 0.00005063 0.01793748
-0.24152016 -0.13962549 0.03488495 -0.02389552 -0.00306811 0.01977417
-0.17231733 -0.19691085 -0.09334978 -0.01807275 -0.00119102 0.01754894
-0.26536303 -0.12060914 -0.07037330 -0.02215357 -0.00340356 0.02632398
-0.13910962 -0.05208913 0.05666504 -0.01532408 0.00248137 0.01478952
-0.02856584 0.08385055 -0.00759350 -0.01573301 0.00410683 0.00097836
0.05094320 0.05840776 0.00193448 -0.01449009 0.00150295 0.00018219
0.00787554 0.03033551 -0.02076273 -0.02386224 0.00359444 -0.00046740
0.00235988 0.07902397 -0.05805993 -0.02376911 0.00101088 -0.00842342
0.06827343 0.04150811 0.02575883 -0.01870586 0.00214578 -0.00263687
-0.02253097 0.10577338 0.03101859 -0.01929306 -0.00104714 0.00537125
0.04688086 0.10619340 0.01529370 -0.00636247 0.00290933 -0.00264740
0.14935802 0.39624605 0.04588265 0.03492790 0.00980798 -0.09581965
0.20830011 0.36484379 0.14761566 0.04841093 0.01097111 -0.07589057
0.29533366 0.29569425 -0.00681556 0.02808698 0.00640716 -0.06699507
0.25001315 0.28207382 -0.08226259 0.03219500 0.00144224 -0.06960511
0.20795813 0.48522711 0.17641282 0.03813772 0.01381047 -0.06172899
0.23142373 0.37790887 0.14019497 0.03455577 0.01279674 -0.07290054
0.20757571 0.37455916 0.09103268 0.06127663 0.00801961 -0.07614971
-0.30799707 0.17227639 -0.00354246 0.00905876 0.01496070 -0.03252733
-0.25274130 0.17121481 0.04129798 0.00151360 0.01464200 -0.03457887
-0.23286870 0.20716127 0.00316392 -0.01841466 0.01195886 -0.02869921
-0.29805467 0.20010710 -0.09260071 -0.01210379 0.01462066 -0.03695708
-0.20995229 0.22759944 0.04540787 -0.00678118 0.01513078 -0.02977749
-0.28352467 0.19733045 0.13275217 -0.01247861 0.01381252 -0.02619548
-0.25749015 0.22326972 -0.01797573 0.01728452 0.01024990 -0.02672684
-1.12861134 0.13301034 -0.00640326 0.01453253 -0.03377050 -0.06470100
-0.98338485 0.08547097 -0.04068045 0.02721505 -0.02982047 -0.06687064
-1.02331921 0.10210195 -0.05166304 0.00024731 -0.03754147 -0.06502112
-1.06392451 0.01210853 -0.05885122 0.00723173 -0.02338576 -0.07232317
-1.00181065 0.08321933 -0.01423518 0.01470687 -0.03087930 -0.07403294
-0.98694831 0.03151342 -0.07199394 0.00575258 -0.02543488 -0.06557722
-1.00067891 0.10036875 -0.12804927 0.01547623 -0.03474337 -0.06211969
-0.88120975 0.06120493 0.01201788 0.00131155 -0.02391351 -0.02804798
-0.76207079 0.01873002 -0.02855862 0.01207962 -0.01903716 -0.03162662
-0.78211501 0.02829124 -0.00229659 -0.00893783 -0.02540465 -0.02935950
-0.83606638 -0.05601701 -0.01986622 -0.01138539 -0.01857985 -0.03552505
-0.73886186 0.00775048 -0.01493181 -0.00213088 -0.02101069 -0.04259594
-0.74568897 -0.05324215 -0.04877090 -0.00521474 -0.02302965 -0.02695235
-0.74525617 0.06755856 -0.07029671 0.00615076 -0.02470841 -0.02901363
-0.79058982 -0.19122388 -0.03151023 -0.03706394 -0.00402245 0.03855705
-0.72176449 -0.15876153 -0.02610301 -0.05579451 -0.00271801 0.01964774
-0.75095370 -0.16523588 0.00096304 -0.06892152 -0.00752324 0.03064203
-0.82929574 -0.15583889 -0.01563478 -0.06510094 -0.00317099 0.02886663
-0.73178425 -0.12558369 -0.02086666 -0.06522298 -0.00035882 0.02756975
-0.72567821 -0.11659153 0.04288482 -0.06157790 -0.00335547 0.03776637
-0.76817617 -0.04689094 -0.01015584 -0.03813729 -0.00435284 0.03135801
-0.69491170 -0.17795047 -0.02436259 -0.04027870 -0.00375050 0.04111394
-0.63327260 -0.14400613 -0.02600560 -0.05744809 -0.00248612 0.02161186
-0.66998385 -0.14265439 -0.00025090 -0.07079758 -0.00683591 0.03363462
-0.73666096 -0.13439220 -0.02581927 -0.06681517 -0.00341676 0.03176264
-0.63409448 -0.11127517 -0.01495739 -0.06782043 -0.00103524 0.02968597
-0.62744848 -0.09667535 0.05741808 -0.06290946 -0.00331832 0.04047146
-0.66912740 -0.03796951 -0.00591550 -0.03862412 -0.00429629 0.03340147
-0.71599893 -0.21593666 -0.02093544 -0.03517355 0.00157746 0.04026612
-0.64091988 -0.18436059 -0.01507018 -0.05103338 0.00236898 0.02094886
-0.67486763 -0.18144779 0.02401166 -0.06399332 -0.00159007 0.03094796
-0.73807329 -0.16690649 0.00222267 -0.06117981 0.00139102 0.03312225
-0.64151041 -0.13315292 -0.02716938 -0.06111555 0.00428091 0.02734459
-0.63794658 -0.12668586 0.03854806 -0.05520471 0.00145862 0.04345168
-0.67298912 -0.05872249 0.00154212 -0.03411562 0.00038104 0.03533170
-0.74335359 -0.16215859 -0.02517985 -0.03174651 0.00020642 0.02943206
-0.66778019 -0.13037672 -0.01750037 -0.04601360 0.00101205 0.01352855
-0.68695828 -0.13403336 0.00611456 -0.05921618 -0.00264185 0.02275650
-0.75590275 -0.11665854 -0.02098385 -0.05601215 0.00127338 0.02130187
-0.66666134 -0.09369257 -0.03143928 -0.05580474 0.00332993 0.01952461
-0.66663466 -0.09086455 0.04010197 -0.05175286 0.00032386 0.03426063
-0.69494635 -0.02553974 -0.00692193 -0.03146231 0.00014000 0.02558165
-0.68356410 -0.12464767 -0.04029719 -0.02071777 0.00736955 0.01713064
-0.61423674 -0.08946218 -0.00672891 -0.03700003 0.00818538 0.00496884
-0.62075473 -0.08685535 0.01203036 -0.05259581 0.00302820 0.01114710
-0.71561620 -0.06046192 -0.03325129 -0.04622112 0.00805780 0.00924353
-0.61942533 -0.04689385 -0.02628605 -0.04443472 0.00980998 0.01009877
-0.63845925 -0.04553500 0.05525484 -0.04533938 0.00681078 0.01922233
-0.65294571 0.01448045 -0.02513563 -0.02046030 0.00497881 0.01426369
-0.77165410 -0.22862947 -0.04134648 -0.04786258 -0.01210296 0.04994856
-0.69480658 -0.19578181 -0.03338757 -0.06919514 -0.00994905 0.02901413
-0.73451415 -0.20098679 -0.00402181 -0.07705953 -0.01565750 0.04057080
-0.80813468 -0.18673643 -0.01340902 -0.07848707 -0.01242067 0.04036550
-0.71460828 -0.16109917 -0.03880089 -0.07735471 -0.00971093 0.03607209
-0.70839375 -0.13778773 0.03366083 -0.07160757 -0.01175741 0.04714797
-0.74329801 -0.06446887 -0.02196457 -0.04751779 -0.01336950 0.03895280
-1.15204193 -0.11654532 -0.02123507 -0.05059584 -0.03243245 0.03445491
-1.02593154 -0.11917932 -0.05333548 -0.06014240 -0.02862167 0.01218800
-1.06731176 -0.14177951 -0.04353927 -0.07677968 -0.03561647 0.02265722
-1.11189209 -0.17473098 -0.02611683 -0.06761610 -0.02627810 0.01880573
-1.04193069 -0.10190265 -0.01074081 -0.06973345 -0.02658212 0.01724396
-1.02473766 -0.12616589 -0.01128296 -0.07520264 -0.02493510 0.02619598
-1.06000029 -0.00257830 -0.04803985 -0.05323015 -0.02892264 0.02080555
-1.28984883 0.04890173 -0.00163899 -0.00785280 -0.04469809 -0.03186815
-1.12255633 0.00100140 -0.05957113 0.00384338 -0.03909854 -0.04329175
-1.16081670 -0.00282946 -0.05720767 -0.02028900 -0.04786265 -0.04041017
-1.19923942 -0.07553075 -0.04573619 -0.01453007 -0.03235334 -0.04618286
-1.14586703 -0.00697979 -0.01982718 -0.01017264 -0.04196351 -0.04883536
-1.12623081 -0.05675956 -0.08217176 -0.01752278 -0.03623430 -0.03772942
-1.15464576 0.06362753 -0.12483243 -0.00763517 -0.04340544 -0.03702071
-0.60572408 -0.13651190 -0.01277138 -0.02877593 0.00039278 0.03539151
-0.51672824 -0.11798603 -0.00327812 -0.03425013 0.00073887 0.02043619
-0.54267000 -0.12163681 0.02391411 -0.04999990 -0.00068746 0.02549319
-0.59512932 -0.09610831 -0.00746853 -0.05021470 -0.00005156 0.02873943
-0.49562886 -0.10405798 -0.02571809 -0.04330881 0.00391263 0.01823253
-0.53243428 -0.09158689 0.01574571 -0.04186488 0.00023403 0.03795519
-0.51541626 -0.01350288 0.01531678 -0.02584658 0.00069341 0.02766568
0.65601237 -0.38150907 -0.03433159 0.00621021 0.01373891 0.09361790
0.34964934 -0.30891322 0.08065023 0.01188848 0.01177184 0.07774599
0.39766151 -0.30811455 0.00944803 -0.01727833 0.00724117 0.10434220
0.41331962 -0.22254899 0.13978118 0.00789440 0.01704684 0.07154071
0.46073984 -0.41810043 0.11252519 0.01011011 0.01725885 0.09236674
0.40137839 -0.30111836 0.03650364 0.02557174 0.01043924 0.07034975
0.55195436 -0.27737726 0.03975909 -0.03121357 0.01300000 0.08343298
-0.70765100 -0.23767373 -0.01372872 -0.05439019 -0.01533337 0.06396415
-0.60556427 -0.21108836 -0.02958688 -0.06187805 -0.01418554 0.03876916
-0.65562442 -0.22244610 0.00765871 -0.07710183 -0.01717338 0.05235389
-0.69837809 -0.21062002 -0.00145731 -0.07869898 -0.01646956 0.05384650
-0.60583815 -0.20209931 -0.03309227 -0.07546160 -0.01162875 0.04324802
-0.60087599 -0.18159360 0.00901578 -0.06834913 -0.01504341 0.06094284
-0.61304927 -0.06374462 0.00060646 -0.04972705 -0.01395743 0.04860067
-1.03440829 -0.19288920 -0.02228336 -0.04857830 -0.03285809 0.04579329
-0.91128565 -0.19114066 -0.06590629 -0.06253966 -0.02881276 0.02187800
-0.97043991 -0.21113835 -0.03764359 -0.07426350 -0.03566083 0.03184908
-1.00598820 -0.23791008 -0.01443746 -0.07448154 -0.02926968 0.03235600
-0.93301512 -0.17710153 -0.01315940 -0.07347976 -0.02861196 0.02635715
-0.90830624 -0.17986212 -0.01027098 -0.07399609 -0.02809799 0.03818092
-0.95379420 -0.04072309 -0.02991851 -0.04984190 -0.03085355 0.03145027
-0.77091821 -0.23631746 -0.03037313 -0.05922984 -0.01845302 0.06889480
-0.67864686 -0.19966146 -0.04949811 -0.07491193 -0.01721794 0.04249149
-0.73548876 -0.20187814 -0.02766820 -0.08761638 -0.02144019 0.05926788
-0.78567021 -0.17885193 -0.03232128 -0.08931863 -0.01880146 0.05713338
-0.69134936 -0.18390542 -0.03650371 -0.08829920 -0.01456534 0.05109383
-0.68858743 -0.15107713 0.01786936 -0.07978575 -0.01766036 0.06112353
-0.71258157 -0.05552541 -0.02833178 -0.05771127 -0.01638188 0.05018606
-1.07964002 -0.29143712 -0.04778841 -0.12519875 -0.06920301 0.11620857
-0.94433635 -0.25641764 -0.08416255 -0.14122370 -0.06450276 0.07786520
-1.00678153 -0.29786389 -0.08189453 -0.14350618 -0.07421063 0.09944262
-1.04099758 -0.31725314 -0.05126094 -0.14313009 -0.06814549 0.09294751
-0.97815275 -0.25987059 -0.05622586 -0.14846131 -0.06582146 0.08566187
-0.95530711 -0.23468699 -0.01873452 -0.14202327 -0.06449687 0.09005724
-0.98847620 -0.07113030 -0.08774059 -0.12522016 -0.06378839 0.07778520
-1.40234619 -0.05208651 -0.01334385 -0.03953487 -0.07122636 0.00076235
-1.19245701 -0.09059897 -0.08208950 -0.03273128 -0.06500306 -0.01522583
-1.24710269 -0.09193370 -0.06861399 -0.04188443 -0.07537428 -0.00847065
-1.26064152 -0.18177956 -0.06127106 -0.04510771 -0.06254171 -0.01455696
-1.23096228 -0.08390366 -0.04975906 -0.04193906 -0.07136216 -0.02182384
-1.18116006 -0.13041960 -0.10888567 -0.04421028 -0.06443479 -0.00540981
-1.22126319 0.03007735 -0.13694929 -0.03958614 -0.06927193 -0.01303568
-1.17533602 0.11802234 -0.01475700 0.02555329 -0.03558667 -0.06858642
-1.03125528 0.07445167 -0.04850159 0.02967423 -0.03211756 -0.06730984
-1.06727235 0.09448244 -0.05753837 0.00947070 -0.04059064 -0.06940500
-1.12216100 0.01668208 -0.07455989 0.00930038 -0.02740653 -0.07716096
-1.06968366 0.08247246 -0.02179803 0.02104350 -0.03611508 -0.07780191
-1.04227595 0.03311455 -0.06947365 0.01065068 -0.03178422 -0.06813138
-1.07616857 0.09850436 -0.13539867 0.02095442 -0.03796397 -0.06434744
-0.98896898 -0.16212692 -0.03751143 -0.03739386 -0.03289678 0.03089414
-0.86841881 -0.15779808 -0.05961441 -0.05082722 -0.02918618 0.01322535
-0.92943586 -0.16327150 -0.04454265 -0.06042471 -0.03549483 0.02267796
-0.97086109 -0.17887264 -0.03105542 -0.06594778 -0.02995836 0.01956851
-0.89789614 -0.14800483 -0.03942185 -0.06018112 -0.03015197 0.01348087
-0.88316791 -0.13532587 -0.02542960 -0.05871108 -0.02982300 0.02666883
-0.91320328 -0.02971583 -0.05533176 -0.03801544 -0.03271936 0.01742516
-1.11339234 -0.20260258 -0.00723476 -0.04969580 -0.03900357 0.04096528
-1.00239098 -0.18867232 -0.06388627 -0.06075915 -0.03455286 0.01953010
-1.04581639 -0.20109728 -0.04191376 -0.07052602 -0.04343619 0.02743228
-1.08509324 -0.25556952 -0.01324934 -0.07123193 -0.03632201 0.02674915
-1.02552518 -0.17558238 -0.01592594 -0.06783297 -0.03732616 0.02338139
-0.99414714 -0.18937526 -0.00779006 -0.07224561 -0.03781576 0.03125136
-1.05162323 -0.04231317 -0.05822691 -0.04860502 -0.03735477 0.02888547
-1.13224454 -0.12507446 -0.01430058 -0.06925353 -0.05966772 0.04242563
-0.94535500 -0.14361162 -0.04772041 -0.05985858 -0.05533519 0.01898687
-1.01412185 -0.15248026 -0.02047159 -0.06535343 -0.06209065 0.03076790
-1.01242937 -0.22800088 -0.02314611 -0.07010524 -0.05544209 0.02737417
-0.94281018 -0.14482726 -0.05613375 -0.06845026 -0.05720176 0.01372291
-0.91695838 -0.18470470 -0.09892857 -0.06402501 -0.05424504 0.03669948
-0.92008598 -0.01286547 -0.07189153 -0.06380017 -0.05708924 0.02109817
-1.45812318 0.01562888 -0.01919467 -0.04453241 -0.08421082 -0.01060332
-1.24676354 -0.02014751 -0.08670735 -0.03451916 -0.07836582 -0.02599961
-1.31257802 -0.02260197 -0.09656399 -0.04582163 -0.09023589 -0.01662335
-1.32663622 -0.10565416 -0.11041455 -0.04490777 -0.07549957 -0.03033405
-1.31138861 -0.01606130 -0.06519648 -0.04404265 -0.08748710 -0.03336535
-1.26840234 -0.06120572 -0.11514426 -0.04865180 -0.07885658 -0.02321089
-1.31299853 0.04698618 -0.19057734 -0.04931450 -0.08284882 -0.02933890
-1.15274094 -0.15421765 -0.02602152 -0.02863524 -0.03351002 0.01646146
-1.01973832 -0.14861133 -0.05789929 -0.04369825 -0.03082345 0.00002195
-1.07750624 -0.15141282 -0.04347946 -0.05031879 -0.03784330 0.00756000
-1.11167170 -0.19241132 -0.02958088 -0.05619789 -0.03022118 0.00643439
-1.05928764 -0.12173034 -0.03048596 -0.05130121 -0.03202301 0.00289710
-1.01337649 -0.14048188 -0.02345616 -0.05210513 -0.03056253 0.01702868
-1.06398128 -0.03396151 -0.05065842 -0.03452632 -0.03370792 0.00850055
-0.28884621 -0.13950331 -0.01178290 -0.01953212 0.00636019 0.02124694
-0.27963407 -0.11356859 -0.00674502 -0.01904437 0.00372545 0.01595635
-0.27984934 -0.13336849 0.01280935 -0.03224889 0.00431773 0.01537510
-0.34088276 -0.08939163 0.01437001 -0.03339164 0.00267882 0.01743605
-0.26138972 -0.12776332 -0.02688430 -0.02563930 0.00330671 0.01318415
-0.28635541 -0.06999322 0.03104259 -0.02557144 0.00078229 0.02814756
-0.27490037 -0.06099563 0.05672649 -0.01381958 0.00371279 0.01819933
-0.16688226 -0.03876498 -0.01817487 0.00912781 0.00964545 -0.01404472
-0.20828227 -0.03831494 0.00659470 0.00548437 0.00983884 -0.00812686
-0.12409349 -0.03646278 -0.00309228 0.00333494 0.00801590 -0.01795552
-0.23757599 -0.01435351 -0.01259947 0.00437233 0.01004172 -0.01433457
-0.12325817 -0.05100188 -0.02812345 0.01253547 0.01089738 -0.01273093
-0.19766448 -0.02018574 -0.01060457 0.00268390 0.00822749 -0.00512491
-0.15942013 -0.02049536 -0.03672384 0.01201442 0.01070456 -0.00982336
0.00457105 0.18608918 -0.00036435 -0.00099498 0.00592726 -0.02122697
0.09149152 0.14027320 0.01353462 0.00217334 0.00332126 -0.01645872
0.05156138 0.09917521 -0.02473316 -0.00884927 0.00529261 -0.01629964
0.06076247 0.14035049 -0.07008615 -0.00745227 0.00411296 -0.02769787
0.13227679 0.13871780 0.07017879 -0.00420181 0.00391673 -0.01916824
0.02512230 0.18490946 0.04376740 -0.00481979 0.00088173 -0.01300099
0.09847916 0.17091803 0.03476797 0.00567999 0.00548920 -0.01884195
0.02681339 0.22039542 0.00164227 0.00300482 0.00648389 -0.02979151
0.11184095 0.17287189 0.03399255 0.00801653 0.00454393 -0.02256098
0.07954221 0.12587589 -0.02168449 -0.00526764 0.00523821 -0.02076217
0.08198639 0.15797682 -0.07559966 -0.00228481 0.00434006 -0.03474195
0.15200998 0.20055622 0.09001960 -0.00008454 0.00533904 -0.02381643
0.05534498 0.21871332 0.05680299 -0.00040142 0.00221740 -0.02163618
0.11162021 0.20555545 0.04499692 0.01132674 0.00627764 -0.02656636
0.04439066 0.14170954 -0.00417275 -0.01404273 0.00226098 -0.00264292
0.12242853 0.09668242 -0.00424929 -0.01160456 -0.00036506 -0.00121869
0.06386799 0.03412398 -0.03657917 -0.01988196 0.00221659 -0.00003431
0.08156421 0.10155238 -0.05622315 -0.01894688 -0.00025467 -0.01215394
0.14180757 0.08303337 0.05227550 -0.01588879 0.00078068 -0.00418425
0.04869296 0.14353049 0.02187535 -0.01653365 -0.00307110 0.00078172
0.11285089 0.12752851 0.03716052 -0.00548118 0.00254695 -0.00664344
0.05346813 0.25098292 -0.00085045 -0.00071381 0.00545231 -0.03254830
0.14706625 0.21822479 0.05424635 0.00557172 0.00257741 -0.02429978
0.13476331 0.16539637 -0.01138752 -0.01123768 0.00324044 -0.01928144
0.12223068 0.18885624 -0.09328521 -0.00577259 0.00091518 -0.03503598
0.16918931 0.24838133 0.09876281 -0.00527775 0.00432951 -0.02130974
0.09099315 0.25084035 0.09312317 -0.00333780 0.00191394 -0.02261519
0.03878341 0.14620954 0.02033931 0.00727707 0.00712357 -0.02106208
-0.04246166 0.02127602 0.00279856 0.00635521 0.00853164 -0.00752891
-0.06577346 -0.02735017 -0.02029551 -0.00098730 0.00927942 -0.01276511
-0.09730656 0.03214297 -0.01709434 -0.00329776 0.00689731 -0.01508193
-0.03463116 -0.03817118 -0.00254034 0.00646978 0.00512616 -0.01310261
-0.10565397 0.02176407 -0.00689250 -0.00069444 0.00337372 -0.00420189
-0.04927445 0.02443952 0.05257715 0.00788956 0.00782328 -0.00828140
