-0.05617101 -0.11654877 -0.01104326 -0.00879733 0.02721138 -0.00329728
-0.07961467 -0.10579013 -0.05360094 -0.02764156 0.02897544 -0.00205334
-0.02576742 -0.14214532 -0.02517715 -0.00441889 0.02665423 -0.00604058
-0.03644384 -0.19052081 0.01963560 -0.01891981 0.03156877 0.00767409
-0.11344445 -0.16869958 -0.00670855 -0.01265652 0.03175487 -0.00471370
-0.05683144 -0.14203673 -0.06782055 -0.02239285 0.02771030 0.00921574
-0.05702546 -0.14697512 -0.05438875 -0.00394415 0.02619534 -0.00311442
-0.01688779 0.00650300 -0.02008709 0.00129304 0.01261308 0.00144706
-0.06385725 0.05008981 -0.06825396 -0.01467728 0.00981651 0.00090902
0.01239796 0.01573131 -0.04514433 0.00697044 0.01013848 -0.00710894
-0.03010487 -0.00854218 -0.00603017 -0.00786101 0.01085955 0.00586592
-0.01571537 0.00443953 0.01421601 -0.00606099 0.01502356 -0.00195135
0.00684457 -0.00346994 -0.05039449 -0.01815053 0.01264837 0.00928623
-0.01317660 -0.02884326 -0.03119106 0.00724625 0.01082839 0.00695508
-0.19551411 -0.13893938 0.05668528 0.01887010 0.03315165 -0.02146294
-0.24122974 -0.12916855 0.03970807 0.00647135 0.03987512 -0.02917842
-0.13554096 -0.15786655 0.02659709 0.02021014 0.03360591 -0.03008766
-0.17773192 -0.15122453 0.11007757 0.01556356 0.04119487 -0.01321913
-0.23040958 -0.14651372 0.02700265 0.01949527 0.03810200 -0.02209886
-0.18933702 -0.10432403 0.00897305 0.01510803 0.03316185 -0.01881954
-0.18361228 -0.08876628 0.03595984 0.01501915 0.03648258 -0.03926299
-0.44111021 -0.04005888 0.01943709 0.01151375 0.00736586 -0.02726488
-0.53279858 0.04698769 -0.05613391 0.01359592 0.01086437 -0.03575595
-0.38357288 -0.02031389 -0.00693260 0.00901878 0.00986794 -0.00290875
-0.41234389 0.00727985 0.03344235 0.00510645 0.00581259 -0.01718162
-0.36255643 0.04022805 -0.01350706 0.00809444 0.00812282 -0.01724390
-0.34940481 0.05839625 0.02321451 0.01453802 0.00365310 -0.03981857
-0.39779194 -0.00913009 -0.08457785 0.01542026 0.01307683 -0.02634234
0.08997218 0.29781677 0.02514925 -0.00701964 0.03559647 -0.10257509
0.06578178 0.38475156 0.04475897 -0.02826569 0.03893510 -0.07226893
0.10428204 0.45706820 0.06815318 -0.01776613 0.03705576 -0.11936234
0.13318494 0.37863955 0.04931194 0.00553658 0.04580309 -0.10755066
0.14306334 0.34617104 0.04260178 -0.01787451 0.04827194 -0.08150517
0.24064591 0.41009318 -0.00845815 -0.00567510 0.03702835 -0.07050613
0.23092575 0.38797561 0.06758373 -0.01177254 0.04012637 -0.10245780
0.01971621 0.11646486 -0.02245674 0.01241423 0.00543967 0.00755073
-0.00952423 0.18033016 -0.12123688 -0.00026144 0.00256450 0.00148085
0.02049685 0.11496662 -0.10412781 0.02485805 0.00075837 -0.00687785
-0.04169282 0.01432015 0.01369086 0.00478696 -0.00125940 0.00314109
-0.05423837 0.03954715 -0.03005405 0.00672490 0.00487113 0.00579782
-0.00986790 0.05057078 -0.10342328 -0.01400665 0.00360591 0.02198583
0.03995396 0.07134446 -0.03426402 0.01621848 -0.00089346 0.01837511
-0.19544505 -0.03187194 0.03337698 0.01545703 0.01139734 0.00673626
-0.24563609 0.00911394 0.04750835 0.00043699 0.00933037 -0.00067455
-0.17811773 -0.02827933 -0.02887313 0.02958061 0.00637186 -0.00720784
-0.20054009 -0.09571369 0.10684480 0.01269242 0.00774675 0.00314494
-0.29781990 -0.08068615 0.02728706 0.01840665 0.00996089 -0.00072557
-0.21834636 -0.03283442 -0.03257638 0.00190872 0.00969413 0.01718386
-0.18953227 -0.01059395 0.03247636 0.02572279 0.00583253 0.00608651
-0.01564502 -0.18408014 -0.01881922 0.00602618 0.01783294 0.00556333
-0.12752382 -0.18115228 -0.05614732 -0.00084603 0.02193829 -0.00301613
-0.03240642 -0.22384683 -0.05807946 0.01898158 0.01587045 -0.00852827
-0.06227355 -0.30551050 0.03397458 0.00812948 0.02476863 0.01648102
-0.16960761 -0.27071187 -0.05057552 0.01515044 0.01854645 0.00344332
-0.01375834 -0.23700200 -0.08459823 -0.00063486 0.01967200 0.01952081
-0.02676032 -0.19242767 -0.03551265 0.00872836 0.01696442 -0.00606669
0.53266641 0.04093531 -0.19153932 0.01452116 -0.03085943 0.01481048
0.40726840 0.11992778 -0.29134884 0.01834871 -0.03483998 0.00043779
0.41799951 0.02692738 -0.16812246 0.01593513 -0.03437503 0.00555435
0.36138810 0.02077834 -0.20715782 0.00619320 -0.03084112 0.00839842
0.43057691 -0.07201152 -0.15931420 0.01815540 -0.03253845 0.00288544
0.49865067 0.00273488 -0.17838908 -0.00191950 -0.02583624 0.00639023
0.51652804 -0.05917978 -0.18256949 0.01227999 -0.03020771 0.00849251
0.56392688 0.07183156 -0.14251184 0.01452432 -0.00728098 0.02914424
0.45802720 0.11597578 -0.16037710 0.01714631 -0.00639111 0.01140331
0.44658534 0.00641602 -0.11004004 0.02218683 -0.00895354 0.01446872
0.44540081 -0.00534260 -0.09575568 0.01424755 -0.00374918 0.02322127
0.50335161 -0.01350832 -0.09110781 0.02364758 -0.00492009 0.02106629
0.56695171 -0.01584937 -0.10246240 0.00065527 -0.00263914 0.02538578
0.57397295 -0.02251287 -0.11561387 0.01815019 -0.00617865 0.02119793
0.86721800 -0.02183437 -0.11964919 0.01157236 -0.00036857 0.02118559
0.72665781 0.06080735 -0.18720556 0.02182862 0.00053194 0.01980142
0.72721027 0.00265278 -0.02803000 0.01369959 -0.00253193 0.01293678
0.70182800 -0.02562099 -0.10041162 0.02427416 0.01033646 0.03105575
0.82294695 -0.07233794 -0.16207051 0.02514578 0.00858192 0.02598072
0.90355471 -0.09002829 -0.09526238 -0.00052585 0.01659161 0.01641777
0.87644197 0.01838143 -0.08067065 -0.00852576 0.00575280 0.01295792
1.25618905 0.08910663 -0.03608610 0.02051969 0.00781192 0.02058108
1.17573202 0.13982775 -0.11307749 0.02420160 0.00710315 0.03249239
1.24453805 0.17463583 -0.04323842 0.02161613 0.01031364 0.02801472
1.19216651 0.15783496 -0.02371844 0.03590826 0.02004560 0.03643793
1.27742738 0.01478929 -0.18119905 0.02353369 0.01833114 0.03748018
1.28333554 0.12914382 -0.10232875 0.00405725 0.02496253 0.01623132
1.29863471 0.10024616 -0.10572419 -0.01449614 0.01779875 0.01580169
1.24825053 -0.09916803 0.06861727 0.00149953 -0.02744760 0.02794049
1.15095206 -0.01413406 -0.04038955 0.00240105 -0.02775450 0.01787549
1.26395836 -0.03807676 0.01155028 0.00336235 -0.02190466 0.03160043
1.19381383 -0.06991788 0.06211122 0.00046735 -0.01466920 0.04190077
1.31771445 -0.07970411 -0.03871561 0.00795254 -0.01844905 0.02766747
1.39163509 -0.01385140 -0.00173653 -0.01040539 -0.01074557 0.00539072
1.32983744 -0.04296464 -0.04048908 -0.03023026 -0.01356889 0.01617858
1.12129129 -0.08594379 0.06234337 0.00825722 -0.01271562 0.02415164
1.08911999 -0.03516872 0.01371724 0.00949365 -0.01286044 0.00579409
1.11232191 -0.03508463 0.08801058 0.00626838 -0.00903232 0.01983796
1.09582908 -0.05388131 0.07817774 0.00810409 -0.00422397 0.02600119
1.15398757 -0.08558168 0.05305254 0.01081379 -0.00667409 0.02287507
1.19087145 -0.02096456 0.02351199 0.00006357 0.00011352 0.00429845
1.16849996 -0.05624013 0.01349320 -0.01145598 -0.00187553 0.01045466
1.42088011 -0.12306483 0.13512556 0.01662441 -0.03416208 0.01933485
1.33661315 -0.04483829 0.01956682 0.00026660 -0.03267349 0.01488717
1.47806004 -0.07468530 0.08621877 0.00787454 -0.02642471 0.01897376
1.40579909 -0.05187855 0.06626443 0.01470893 -0.01729576 0.02979524
1.50731742 -0.11823005 -0.04478301 0.01590903 -0.02240959 0.02142341
1.49957031 -0.02215081 0.09649014 -0.00056276 -0.00896013 -0.00539753
1.49047494 -0.07329957 0.08116391 -0.03549836 -0.01425154 0.00509704
1.35672674 -0.07680550 0.14412071 0.02428593 -0.01835766 0.02531134
1.32001251 -0.04894153 0.07403537 0.00611832 -0.01366078 0.02224994
1.43578514 -0.04677917 0.10616358 0.01312006 -0.01099312 0.02454152
1.37379795 -0.05258315 0.13199340 0.01993195 -0.00231144 0.03762059
1.42747596 -0.08746414 0.03359564 0.01983491 -0.00564243 0.02765616
1.42675310 -0.03949489 0.11733305 0.00490716 0.00321538 0.00722150
1.42089307 -0.06404726 0.10730446 -0.01899783 -0.00099880 0.01066834
1.27768472 -0.14090421 0.10137008 0.01045728 -0.03203965 0.03160213
1.22824207 -0.10427771 0.03548327 -0.00218222 -0.02757139 0.01663677
1.26318499 -0.15746763 0.05048349 -0.00085250 -0.02334376 0.02182155
1.23548396 -0.18928893 0.09299877 0.00424450 -0.02069513 0.04035599
1.27731219 -0.15506278 0.00633880 0.01130110 -0.02449580 0.02555013
1.28694430 -0.13331286 0.08087632 -0.00767766 -0.01808827 0.01106471
1.25295520 -0.15129135 0.03809579 -0.01690383 -0.01862917 0.01582577
1.30958840 -0.04090182 0.07595015 -0.00356166 0.02358559 0.04720049
1.27767175 -0.02744342 0.01820036 -0.00986000 0.03177543 0.04714696
1.32912025 -0.10121291 0.05367907 -0.01447173 0.03112085 0.04410855
1.25154212 -0.10917516 0.08081536 -0.00510783 0.04036909 0.05720850
1.30297437 -0.07895286 -0.00686033 -0.00414191 0.03958519 0.04642497
1.30864337 -0.10957266 0.07174360 -0.01871686 0.03983943 0.04766994
1.34105295 -0.08993157 0.03792388 -0.02394473 0.03593649 0.03443092
1.34786636 -0.07461937 0.02715575 -0.01577492 0.03703300 0.06449545
1.29290998 -0.07481248 -0.06953564 -0.01777512 0.04554914 0.06413391
1.30916297 -0.12187785 -0.02958650 -0.02583737 0.04355119 0.06427798
1.24166802 -0.10765001 0.01434913 -0.01680515 0.05171694 0.07508295
1.33568272 -0.13445851 -0.09981769 -0.01548732 0.05161542 0.06146123
1.30323008 -0.13550557 0.01923923 -0.02270150 0.04942537 0.06489552
1.33369192 -0.13230284 -0.05703123 -0.02980981 0.04584049 0.05927837
1.19738929 -0.01134334 0.05131870 0.01479686 -0.04082319 0.03669887
1.11235343 0.04152193 -0.11567243 0.01168784 -0.03837936 0.02125707
1.15295164 0.00315252 -0.05415116 0.00120925 -0.03400083 0.03831215
1.07432090 -0.05811305 -0.00009801 0.00706806 -0.03167985 0.04605573
1.19308099 -0.03904435 -0.07733918 0.01663795 -0.03307526 0.03362211
1.19985983 -0.01772689 -0.01315810 -0.00316247 -0.02963024 0.02100049
1.16921447 0.01238583 -0.03184687 -0.01056448 -0.02881687 0.02956436
1.54646784 0.03413981 0.04955801 0.01740513 -0.04455610 0.05049697
1.46348849 0.04651564 -0.14151148 0.01323416 -0.03877193 0.04653879
1.55075058 0.03579223 -0.05543048 0.00544493 -0.03569341 0.05977964
1.43789038 -0.03271531 -0.00145198 0.01020626 -0.03176907 0.07169794
1.59492776 -0.03917086 -0.18774111 0.02442959 -0.03345450 0.05131473
1.58249930 0.01631972 -0.01187282 -0.00539983 -0.02920521 0.03868078
1.59869879 0.00824657 -0.06790516 -0.01745751 -0.02987282 0.04913713
1.15481220 0.05950375 0.02020224 -0.00101636 -0.01733217 0.04341120
1.13011040 0.08816200 -0.08693184 0.00090602 -0.01715798 0.03989818
1.15464084 0.06444844 -0.00251950 -0.01205463 -0.01371065 0.04849638
1.09368287 0.04250525 0.00886793 -0.00183386 -0.00879110 0.05690941
1.19576447 -0.00855629 -0.11144114 0.00468704 -0.00761586 0.04771084
1.20335609 0.03935837 0.00617834 -0.01732327 -0.00144353 0.03022042
1.22576661 0.01843500 -0.02833230 -0.02734158 -0.00709206 0.03843076
0.96962221 -0.00590872 -0.13335606 -0.01595071 -0.04624281 0.04987441
0.85702866 0.05771514 -0.23470622 -0.01387260 -0.04788567 0.04192042
0.83401650 -0.02067630 -0.15448665 -0.02503375 -0.04383192 0.04874507
0.79177551 -0.02718589 -0.12362801 -0.01756763 -0.04305309 0.06158842
0.85974567 -0.12925805 -0.19963440 -0.01067524 -0.04325060 0.05303151
0.87900519 -0.02041908 -0.09659454 -0.02907366 -0.03708830 0.03752755
0.89861281 -0.04915771 -0.13322769 -0.03554600 -0.03954898 0.04419291
0.64326569 0.08536304 -0.11461793 -0.01995561 0.01520755 0.02223819
0.60177948 0.10332351 -0.09951915 -0.02685688 0.01479048 0.02243910
0.63408501 0.06612177 -0.04839497 -0.02316808 0.01722389 0.02190821
0.61987791 0.10748707 -0.03193537 -0.02134489 0.01911924 0.02355374
0.61784610 0.05444265 -0.07108825 -0.02469177 0.02095313 0.02777835
0.62589295 0.04671786 -0.03708463 -0.02943942 0.01712060 0.02078044
0.69123864 0.07505288 -0.06079195 -0.01983452 0.01653492 0.02117320
-0.46356488 -0.11508823 0.16598087 0.01862354 -0.00541127 -0.02304694
-0.47409903 -0.04112765 0.08031795 0.02980434 -0.00512106 -0.02918997
-0.39696649 -0.07213515 0.08863220 0.03657090 -0.01283835 -0.03365966
-0.50279379 -0.07462015 0.19089941 0.03053519 -0.00887962 -0.02692165
-0.51754005 0.00471699 0.11762252 0.03935649 -0.00885967 -0.02213845
-0.52577987 -0.05338223 0.03423429 0.02978827 -0.00858722 -0.01746845
-0.49809065 -0.00745132 0.09177499 0.03159471 -0.00647732 -0.03271013
-1.31078765 -0.07170144 0.18613013 -0.02141895 -0.01751776 -0.08925036
-1.36334032 -0.01836599 0.19159703 -0.01790403 -0.01966937 -0.07446302
-1.27583236 -0.04470058 0.17305348 -0.01886256 -0.02130907 -0.04768911
-1.31721169 -0.04090849 0.19480757 -0.02208431 -0.01314262 -0.08543422
-1.24349274 0.01379744 0.11652161 -0.00974218 -0.01543125 -0.06092311
-1.28925830 -0.03295867 0.16322173 0.00372047 -0.01916457 -0.09276794
-1.25028253 0.00298474 0.12683284 -0.02053006 -0.01812122 -0.10929407
-1.04140207 0.05439593 0.00662698 0.00478303 -0.08546079 -0.02230140
-1.06469758 0.10460982 0.00075071 0.00387960 -0.08636821 -0.02537890
-1.01623714 0.06762943 -0.03487347 0.00526554 -0.08698079 -0.00639561
-1.08282492 0.08991426 0.05574352 0.00936982 -0.09510089 -0.02380001
-1.07843913 0.08282421 -0.03184442 0.00530767 -0.08832850 -0.00547684
-1.06621459 0.05599752 -0.03858609 -0.00460437 -0.08805411 -0.02940533
-1.01644017 0.14534997 -0.06167538 0.00706230 -0.07624868 -0.01633896
-1.18930757 0.01902092 0.10970556 0.00610712 -0.09857548 -0.05400408
-1.28333732 0.10713635 0.08299372 0.00560642 -0.09832453 -0.06112446
-1.17438152 0.06453755 0.04733397 0.00453570 -0.10044942 -0.02197154
-1.22075960 0.08829669 0.06865318 0.00355176 -0.09954795 -0.04994829
-1.19466908 0.08659382 0.00617237 0.01438510 -0.09667834 -0.03820920
-1.20554209 0.08171577 0.07565696 0.00054592 -0.09778199 -0.06841226
-1.14507049 0.05200582 0.00856051 -0.00062227 -0.08626406 -0.06781466
-1.02032527 -0.08334628 0.08200496 0.00144009 -0.06550444 -0.02759531
-1.10989742 -0.04411082 0.06373643 0.01957628 -0.06478328 -0.03272479
-0.99468693 -0.04512673 0.05218897 -0.00195985 -0.07159095 -0.00310348
-1.05806828 -0.02186287 0.08693588 0.00430648 -0.06900195 -0.02883549
-1.01533651 0.02061095 0.03827115 0.01512971 -0.06428758 -0.01956163
-1.02384776 -0.00148975 0.08939536 0.00883235 -0.07065061 -0.04158808
-0.95326029 0.03074569 0.03869759 -0.00116569 -0.05765737 -0.04458057
-1.45326540 -0.12003230 0.08899214 -0.01888761 0.01717866 -0.04025040
-1.49140120 -0.10398169 0.10702289 -0.00698445 0.02160129 -0.02736020
-1.35641798 -0.10616167 0.11966211 -0.02131528 0.01424869 0.00941171
-1.39917195 -0.05744349 0.10468953 -0.01767555 0.02253682 -0.02635301
-1.38568372 -0.02777324 0.05729937 -0.00551360 0.01858652 -0.01607234
-1.37193426 -0.04016189 0.14977729 0.00976368 0.01182389 -0.04699839
-1.30810425 -0.01452046 0.04120493 -0.01452218 0.01983437 -0.05597503
-1.01910338 0.00195088 0.09883258 0.03569808 -0.07185304 -0.02111168
-1.11229204 0.08579238 0.02769108 0.04736989 -0.07395882 -0.03482827
-1.00761734 0.09077362 0.04044452 0.03757831 -0.08118456 -0.01233848
-1.02660120 0.08275773 0.08356162 0.04168304 -0.07565004 -0.03811454
-0.99001355 0.12110326 0.02481851 0.04443537 -0.07368978 -0.02523050
-1.04203358 0.13426255 0.06287269 0.03876687 -0.07284025 -0.04231449
-0.95928498 0.13307074 0.03710978 0.02810984 -0.06764961 -0.04227480
-1.22831963 0.02392306 -0.01081918 0.01010851 -0.07273657 -0.01128658
-1.26519844 0.05181684 0.00111272 0.02489103 -0.07781885 -0.01719778
-1.20678023 0.02373994 0.03693919 0.00164472 -0.08124238 0.00821459
-1.21646240 0.04431500 0.03730888 0.01674731 -0.07779357 -0.02734945
-1.15547732 0.08575710 -0.03838678 0.01958903 -0.07479890 -0.00737742
-1.13928422 0.10042388 0.05328780 0.01972337 -0.07638634 -0.03177735
-1.09754808 0.09854599 -0.01181892 0.00995849 -0.06690015 -0.02820013
-1.28134832 0.01629957 -0.10129912 0.02186497 -0.06499923 -0.02001128
-1.32825598 0.07026199 -0.11959777 0.03149284 -0.06891036 -0.02681177
-1.26396209 0.03234598 -0.06344547 0.00424415 -0.07002017 0.01318241
-1.25602096 0.05168419 -0.08109208 0.02339785 -0.07076720 -0.03125082
-1.16527073 0.08925823 -0.08555857 0.02022838 -0.06729425 -0.01260747
-1.20267436 0.09513458 -0.02022058 0.02555920 -0.07162231 -0.04712271
-1.18100397 0.04134177 -0.14795679 0.01331953 -0.05752966 -0.03682714
-1.07324995 -0.01759900 -0.10085590 0.01674230 -0.11841011 -0.05347900
-1.09174311 0.00905932 -0.10153511 0.01886778 -0.11939220 -0.06371669
-1.08185299 -0.01457523 -0.15025427 0.00675388 -0.12030191 -0.03325843
-1.12171918 0.05897068 -0.11861916 0.01829417 -0.12508342 -0.05353328
-1.06967524 0.05093262 -0.10471680 0.01832791 -0.12046353 -0.04720963
-1.06300846 0.03156089 -0.08029392 0.00836964 -0.12365440 -0.07753709
-1.01582274 0.08186850 -0.18114680 0.01120050 -0.10310860 -0.05935994
-1.67814970 -0.15868250 -0.03739292 -0.03543403 0.10424318 -0.04449677
-1.64922997 -0.18638305 0.00530724 -0.02125618 0.11837797 0.00824076
-1.51224017 -0.14561943 0.07033958 -0.04937528 0.10958952 0.04421664
-1.41691118 -0.01323312 0.02595997 -0.05161846 0.13589551 -0.01687279
-1.35563836 0.00123723 0.01364837 -0.04776800 0.12142256 -0.01606384
-1.28281474 0.05127942 0.09103451 0.02512212 0.10185048 -0.04807528
-1.30621150 -0.00153467 -0.01718060 -0.03833362 0.11195242 -0.07171372
-0.54577231 0.31690523 -0.09132974 -0.02323819 0.05431852 -0.04882075
-0.61477389 0.45019880 -0.03880715 -0.05280566 0.05790903 -0.01752810
-0.53461365 0.40585022 0.05718280 -0.04209433 0.05607326 -0.05119835
-0.55867765 0.34054939 -0.00849253 -0.02879612 0.06424339 -0.04558927
-0.53606704 0.19135760 -0.09818156 -0.04786690 0.06074902 -0.02657384
-0.56554355 0.27758420 -0.10012286 -0.02315415 0.05696893 -0.00809138
-0.51884472 0.27289972 0.06588209 -0.04789023 0.05242761 -0.04860194
-0.82077630 -0.20617966 -0.05365608 -0.00932496 -0.07896849 0.02782195
-0.93091391 -0.06716712 -0.10723670 0.00562637 -0.08091677 0.01657115
-0.86572036 -0.08913076 -0.09163649 -0.01623017 -0.08483209 0.04124629
-0.88448808 -0.06747111 -0.07300423 -0.01102393 -0.08537035 0.01449836
-0.77546827 -0.06598118 -0.10406124 -0.01144359 -0.08173717 0.02012686
-0.80697529 -0.06511279 -0.09175157 -0.00669306 -0.08562240 -0.00198805
-0.80625653 -0.07056823 -0.13105485 -0.01966668 -0.07329165 0.01276357
-0.37883990 -0.35423238 -0.09295281 -0.03553113 0.03099405 0.02643876
-0.37016273 -0.30062210 -0.14319596 -0.04076176 0.03917254 0.03010761
-0.30186884 -0.30443981 -0.08362741 -0.03414091 0.03479564 0.04702428
-0.28578106 -0.29542174 -0.03646957 -0.05570983 0.04366429 0.04597579
-0.28806593 -0.31745318 -0.12598963 -0.04399883 0.03625236 0.02560007
-0.22318847 -0.22689588 -0.10858199 -0.02704459 0.03197815 0.01983006
-0.33904228 -0.25370207 -0.15801141 -0.04273009 0.03523835 0.01057636
0.12863950 0.22749398 0.02279212 0.03808765 0.00109814 -0.00892653
0.05978301 0.28175088 -0.04153780 0.02694691 0.00130481 -0.02658088
0.13426299 0.25001027 0.02839423 0.03455030 -0.00099067 -0.01663123
0.09534292 0.20996187 0.04028411 0.03336863 0.00025276 -0.01924201
0.21241931 0.22177322 -0.01248595 0.03303074 0.00277886 -0.01181912
0.23286304 0.22409417 0.01489947 0.02548510 0.00159261 -0.01112845
0.16556073 0.25386769 0.01576230 0.03593294 0.00349760 -0.00883846
0.03203359 -0.17031444 -0.00079700 -0.00437847 0.00205372 0.03113042
0.02835456 -0.15286372 -0.02192342 -0.02053087 0.00395902 0.02050715
0.02483492 -0.19413348 0.01468116 0.00223799 -0.00014495 0.02085301
0.04443036 -0.23146365 0.06813445 -0.01611369 0.00612333 0.03156697
-0.03110125 -0.23298843 -0.02889344 -0.00337602 0.00071296 0.02323598
0.05829450 -0.17516276 -0.01921658 -0.01540281 0.00288754 0.03343351
0.03107739 -0.19616913 -0.00682165 -0.00159463 0.00214742 0.01949739
-0.11356048 -0.09906993 0.00180387 0.00632409 0.02395386 -0.00484636
-0.13978254 -0.03643139 -0.05101372 -0.00715188 0.02675636 -0.00583551
-0.10961494 -0.06691027 -0.00637628 0.01303213 0.02244297 -0.00648989
-0.13401945 -0.08783286 0.04742782 0.00024599 0.02734911 0.00392290
-0.12652100 -0.09245877 -0.02600231 0.00352396 0.02620455 -0.00198099
-0.10268859 -0.05410912 -0.03163722 0.00626155 0.02349153 0.00255948
-0.12925538 -0.05948707 -0.03820839 0.00967096 0.02378809 -0.00930784
-0.03901957 -0.12942197 -0.01751035 -0.00287015 0.02020419 0.01118859
-0.06695299 -0.08455567 -0.06574747 -0.02248320 0.02172993 0.01015011
-0.04872677 -0.10651842 -0.01457629 0.00316762 0.01666122 0.00801978
-0.05364589 -0.14100084 0.02046989 -0.01463883 0.02344915 0.01859289
-0.07470256 -0.15481959 -0.04903658 -0.00661787 0.02109885 0.00730895
-0.01640705 -0.10482922 -0.05192889 -0.00986801 0.01992972 0.01660494
0.00863904 -0.11180513 -0.05042376 -0.00090572 0.00986355 0.01338154
0.04596805 -0.02691759 -0.00852874 -0.02226870 -0.00297201 0.01421622
0.04133786 -0.07329368 -0.03195365 0.00763213 -0.00336714 0.00470332
0.06181797 -0.10163829 -0.00270857 -0.00549391 -0.00123037 0.01602142
-0.00222169 -0.10134110 -0.00270904 -0.00353816 -0.00082455 0.00693837
0.04791325 -0.06254986 -0.03998187 -0.01291802 0.00119867 0.02234040
0.03025905 -0.08090539 0.00315651 0.00525819 -0.00387284 0.01922648
