0.18100776 0.13759641 0.03428808 0.03250580 0.01592331 0.01311079
0.15936065 0.18712778 0.00245557 0.02079786 0.01841120 0.00440827
0.21078367 0.20035606 0.01844955 0.03210359 0.01443434 -0.00020223
0.16585257 0.14634663 0.05990951 0.02409464 0.01726872 0.01127814
0.19382980 0.15372329 0.02467436 0.02055720 0.01888556 0.01105530
0.22390967 0.15421864 0.02929458 0.01868549 0.01684233 0.01766117
0.20643439 0.14847840 0.03506555 0.03042562 0.01579157 0.01178561
0.10728971 -0.00726111 0.03894147 0.02051482 0.01461640 0.00516290
0.08953852 0.05214551 0.01708802 0.00357034 0.01645895 -0.00141604
0.09460951 0.04269195 0.01982433 0.02315597 0.01401630 -0.00741656
0.09159850 -0.02103084 0.07510816 0.01432450 0.01608914 0.00566875
0.05948687 0.01326950 0.01745327 0.01364385 0.01575410 0.00177974
0.09845447 0.03361437 0.01764764 0.00972261 0.01538482 0.01094998
0.06884797 0.02427477 0.03238488 0.02287030 0.01326306 0.00420510
0.10541868 0.02011939 0.01916006 0.01478870 0.01526811 0.00309778
0.10061544 0.06352480 -0.00256386 -0.00096637 0.01585691 -0.00237024
0.13323977 0.05490954 0.00294922 0.01465639 0.01290425 -0.01077264
0.10108797 -0.00129851 0.05023859 0.00783125 0.01585954 0.00421112
0.07836726 0.01445687 -0.00123336 0.00889768 0.01734117 0.00106579
0.13883280 0.02123507 -0.01363792 0.00175837 0.01466108 0.01105148
0.10918201 0.00930951 0.01182986 0.01659381 0.01442852 0.00286586
-0.02082534 -0.05128701 0.03525938 0.01686604 0.02547185 -0.00224049
-0.02052570 -0.02510607 0.01534033 0.00047258 0.02856769 -0.00829403
-0.00564743 -0.03582510 0.01524151 0.02364690 0.02427288 -0.01913379
-0.02865003 -0.11806761 0.07944453 0.01479792 0.02807535 0.00163401
-0.07729958 -0.08669014 0.01605102 0.01597505 0.02704692 -0.00734219
-0.00513420 -0.05490011 -0.01057981 0.00852084 0.02643046 0.00780319
-0.02498294 -0.06381779 0.02401874 0.02163827 0.02423458 -0.00638569
0.08406534 -0.10237521 0.03743298 0.00133812 0.01824037 -0.00252819
0.09450858 -0.06124768 0.01830379 -0.01320074 0.02168531 -0.00737801
0.09100693 -0.08913249 0.04692229 0.00231735 0.01841263 -0.01250118
0.11607385 -0.10836180 0.07357347 -0.00355851 0.02325086 0.00199336
0.05637455 -0.08028849 0.01936373 0.00174741 0.02126914 -0.00524770
0.10024024 -0.06525483 0.02263191 -0.00321696 0.02032508 0.00515916
0.05868987 -0.05915727 0.01159438 0.00778650 0.02011050 -0.00784445
0.01214549 -0.00528946 -0.00638179 0.01296394 0.03304448 -0.00464396
0.00630076 -0.00205812 -0.03250887 -0.00287650 0.03409673 -0.00845479
0.04853352 -0.02261560 -0.01816008 0.01604815 0.03192380 -0.01733865
-0.01873397 -0.10232219 0.07575844 0.00809630 0.03364511 -0.00035701
-0.02509531 -0.10000602 0.00551093 0.00786566 0.03568497 -0.00761961
0.04489085 -0.07653309 -0.03745256 0.00074556 0.03313230 0.00574596
0.01497539 -0.10899152 -0.00410898 0.01618780 0.03137427 -0.00263008
0.25794480 -0.14161767 0.01390170 0.03632714 0.04263998 0.02515007
0.19742884 -0.10776014 -0.00815592 0.02933633 0.05611335 0.00324949
0.17411403 -0.16262854 0.00491292 0.03767098 0.04661189 0.00006455
0.13201535 -0.16763857 0.09230086 0.04375133 0.05492236 0.02230268
0.12269860 -0.12979106 0.01313588 0.03825729 0.04764347 0.02075063
0.13387168 -0.10091352 -0.01702139 0.04275326 0.04981877 0.03175623
0.15003269 -0.06936441 0.00425042 0.03166002 0.04561231 -0.00500261
0.44955317 -0.08350335 -0.05036150 0.01232425 0.05001605 0.01411387
0.37334878 -0.06818626 -0.11077487 0.01082946 0.06098563 0.00534174
0.35519999 -0.14325970 -0.09825793 0.01671744 0.05512395 -0.00293385
0.31228054 -0.12771908 -0.03480569 0.01641395 0.06216293 0.01521994
0.33499144 -0.12925259 -0.08033450 0.01620802 0.05693757 0.00953450
0.36171310 -0.12143949 -0.08781463 0.01617535 0.05663013 0.01600837
0.33848442 -0.08317048 -0.09029568 0.01387738 0.05245112 -0.00709843
0.67045480 0.00973897 -0.04448783 0.00171418 0.06801084 0.01341270
0.64998791 0.05562297 -0.07128441 -0.00020088 0.07445231 0.01678472
0.65370880 -0.00150264 -0.04268639 -0.00657686 0.07379923 0.01144280
0.63545242 -0.01242084 -0.04815358 0.01064549 0.08083774 0.02208858
0.64717941 0.03297635 -0.05528963 -0.00224156 0.08129909 0.01827145
0.66728532 -0.01547532 -0.05400296 0.00094243 0.07956511 0.00965581
0.64021595 0.01736967 -0.08914529 -0.00327969 0.07515845 -0.00449360
0.78072660 0.06436409 -0.00843744 -0.00138210 0.10194307 0.04736590
0.78719154 0.03432450 0.00734748 -0.00730994 0.11346832 0.04960274
0.72416596 -0.04760800 0.01106811 -0.01728411 0.11213765 0.04326886
0.75403839 -0.00895591 0.03719048 0.00060203 0.12020699 0.04594716
0.75274430 0.04752598 -0.05074306 -0.01327603 0.12042179 0.04993119
0.71346305 -0.02651992 0.00245936 -0.00407414 0.11402488 0.04767019
0.70376150 0.04389166 -0.02546184 -0.00558737 0.11112317 0.02904889
0.50194748 -0.00403099 0.07254541 0.01414342 -0.01047588 0.02213965
0.48271284 0.04055592 0.01291257 0.01356300 -0.00875177 -0.00191972
0.45188405 0.01177876 -0.00559523 0.00786811 -0.00661455 0.02437804
0.46907242 0.04353234 0.05859594 -0.00509467 -0.01013347 0.02087738
0.45482542 0.10490674 0.04140437 0.00614122 -0.00890602 0.01728630
0.41716523 0.01521754 0.07291483 0.00563573 -0.00774336 0.00531934
0.37112650 0.06192104 0.00477036 0.00840940 -0.00539614 0.02292278
0.61778497 -0.05504646 0.10545577 0.02202210 -0.02943957 -0.01390308
0.50964374 0.09595520 -0.05313170 0.03537943 -0.03036175 -0.03210642
0.81144914 0.09922023 -0.10239109 -0.01785742 -0.01648329 0.03833827
0.68369292 0.16848346 -0.00998554 -0.00305165 -0.01809699 0.00683773
0.92660896 0.11389796 -0.08911506 -0.00802767 -0.02112977 -0.00276325
0.91217645 0.28067008 0.01145243 0.03334491 -0.01324816 -0.06052744
0.88743471 0.24518002 -0.08956217 -0.04990523 0.00219726 -0.01967710
0.77208228 0.24186410 0.00982753 0.03897923 0.09595531 0.02058070
0.76508157 0.27498949 0.03945765 0.04508455 0.10260226 0.01451281
0.74255057 0.19754045 0.06643751 0.03938771 0.10286406 0.02230045
0.80956936 0.25261344 0.08250081 0.05247169 0.10906633 0.01684550
0.76587446 0.29319519 0.00546474 0.03241706 0.10955394 0.02229031
0.71365833 0.26120201 0.09844479 0.04944679 0.10916541 0.01012393
0.65789796 0.26651297 0.02522494 0.04162099 0.10428628 0.00563131
0.67830302 -0.06537775 0.08222271 0.04270749 0.03598658 0.03378143
0.62753305 -0.08257179 0.02877390 0.04250724 0.04603566 0.00752160
0.57673629 -0.08232721 -0.02440203 0.03492478 0.04404733 0.02178604
0.60470711 -0.10692066 0.09262190 0.03842750 0.04676259 0.03486448
0.62206469 -0.07153035 0.02672441 0.04354889 0.04474867 0.02540692
0.59613228 -0.07114970 0.03590266 0.04444373 0.04317092 0.02500838
0.57413850 -0.05435296 0.02191571 0.03183388 0.04179472 0.01612688
0.41824140 -0.28007470 0.02493714 0.04077984 0.05708422 0.07250146
0.27315706 -0.15462780 -0.09289485 0.05082398 0.06726662 0.03901499
0.44731025 -0.22703256 -0.07268928 0.04601190 0.06623583 0.06651400
0.34334008 -0.19694809 -0.00504637 0.04710304 0.07162315 0.06537977
0.48099980 -0.14980427 -0.05002487 0.03032648 0.07076050 0.05692611
0.42735331 -0.08017918 -0.04763953 0.05996075 0.07187196 0.04319351
0.40476877 -0.10092766 -0.05516870 0.01887972 0.06352230 0.02816843
0.66662841 -0.05390218 0.07922240 0.02210043 0.07178441 0.05448923
0.58997881 -0.02037744 0.01710858 0.02989340 0.08086532 0.03282335
0.66854782 -0.11093569 0.04896445 0.01652332 0.07724254 0.04388534
0.62112711 -0.08661866 0.04299861 0.03088489 0.08688991 0.04889757
0.70585050 -0.01583601 -0.01173324 0.01965785 0.08634394 0.04261901
0.66971004 -0.07330570 0.04787851 0.03521919 0.08452057 0.03910967
0.63020036 -0.02612268 0.02769363 0.01061666 0.08077367 0.02320278
0.99894233 -0.12150767 0.10664250 0.04225490 0.07937902 0.05765964
0.94589643 -0.07622253 0.02336442 0.03814179 0.08941176 0.04660334
1.02878615 -0.15243677 0.05681789 0.03697161 0.08829771 0.04551545
0.99007919 -0.15000422 0.08586659 0.05099475 0.10046940 0.06128837
1.10411234 -0.07481632 -0.00850642 0.03573076 0.09550334 0.04410971
1.03636846 -0.07185018 0.08202677 0.05421806 0.09803477 0.03644252
0.98414637 -0.05803745 0.04826239 0.01422473 0.09127580 0.02538389
1.01828478 -0.08551890 0.09415409 0.03693559 0.05051895 0.07404584
0.91318749 0.02402992 -0.03086238 0.03603337 0.05537266 0.05597854
1.03908084 -0.08102029 0.03847677 0.02915679 0.05712087 0.06687813
0.96127480 -0.03823942 0.04099385 0.04165216 0.06680606 0.07677729
1.08621255 0.00038634 -0.05499582 0.02705793 0.06534630 0.06323929
1.02250829 0.00967330 0.07667824 0.04600605 0.07047621 0.04947132
1.00688867 0.02651819 0.02036708 -0.00345930 0.06294162 0.04663898
0.96562751 0.03318489 0.05132460 0.03917322 0.07706771 0.04572519
0.89711003 0.07780575 -0.00840361 0.03856305 0.08336432 0.03537570
0.95671669 0.00395919 0.01688978 0.03823613 0.08386427 0.03684862
0.93178310 0.03780107 0.05419510 0.05050644 0.09253408 0.04948209
0.99172749 0.05622493 -0.03922488 0.03351460 0.09175860 0.03839303
0.92750788 0.08514557 0.05002635 0.04736026 0.09430595 0.02869877
0.93062118 0.11407500 0.00764249 0.01827199 0.08475485 0.02378040
1.05585098 0.04351893 0.05142603 0.02434511 0.10050187 0.04819964
1.00460723 0.04122503 0.00027092 0.02327594 0.11149109 0.04425206
1.05378293 0.00122118 0.00173422 0.01679402 0.10831595 0.04803515
1.01768501 0.03184206 0.04711038 0.03516693 0.11961712 0.05317332
1.07664175 0.02709080 -0.06449336 0.01771088 0.12037079 0.04555815
1.02835394 0.04157891 0.03416143 0.03550628 0.11795210 0.03417856
1.02870069 0.06172406 -0.01336793 0.00652820 0.11071287 0.03410886
0.68001993 -0.14480079 0.08492200 0.00016615 0.07903525 0.08970867
0.60379703 -0.13979247 0.00362866 0.00566399 0.09137152 0.07322255
0.60988169 -0.21302847 -0.03240612 -0.01318577 0.08882278 0.09637957
0.62143944 -0.17045625 0.09511166 -0.00349853 0.09697071 0.09366022
0.65158084 -0.10985113 -0.05471186 -0.01436267 0.09426283 0.08393558
0.58514290 -0.15547829 0.05014584 0.01688378 0.08983330 0.07351288
0.56103412 -0.12604414 -0.01332863 -0.01967808 0.08809420 0.07141073
0.88417836 -0.11757171 0.03157465 0.01783056 0.09588075 0.07847838
0.77629864 -0.04121806 -0.05994762 0.01521813 0.10788780 0.06601837
0.87258406 -0.08078480 -0.07504688 0.00096034 0.10704727 0.08389355
0.81648082 -0.11758135 -0.00333576 0.00979934 0.11680697 0.08418453
0.88854462 -0.03559425 -0.12545277 0.00039201 0.11616496 0.07160946
0.86483389 -0.07050778 -0.02985247 0.03075610 0.11395901 0.05655292
0.88205218 -0.05905114 -0.07788093 -0.01395527 0.10637750 0.05444986
0.96683614 0.10332886 0.01977278 0.01514377 0.09485707 0.04936134
0.96021026 0.17597336 -0.01669728 0.00859930 0.10549936 0.05384892
0.99558413 0.11991699 -0.03360377 0.00476718 0.10284870 0.06035583
0.96970931 0.10514555 0.05299336 0.00999569 0.11175460 0.05766504
0.95990144 0.14318286 -0.11533284 0.00213419 0.11334005 0.05009405
0.96909270 0.12764698 0.00305767 0.02023623 0.11034830 0.04104896
0.96536875 0.09957056 -0.06407325 -0.00487279 0.10498536 0.03749813
0.34498576 -0.26935052 -0.01549563 -0.03517969 0.08628320 0.05780563
0.29914793 -0.21701578 -0.09931772 -0.04338579 0.09991549 0.05974838
0.34913156 -0.30586626 -0.09932217 -0.04504656 0.09552214 0.07371384
0.31061720 -0.24351135 0.01379156 -0.05017991 0.10513390 0.07974529
0.30785523 -0.19157689 -0.09829334 -0.05272948 0.09985419 0.05730129
0.33836573 -0.27307887 -0.05259432 -0.01957546 0.09168306 0.05702117
0.33101682 -0.23369383 -0.14723106 -0.04853805 0.09008005 0.04557964
-0.03752820 0.02055630 0.03093523 -0.00825516 0.00163425 0.00784659
-0.02954587 0.06942534 -0.00045852 -0.01741789 0.00188612 -0.00069400
0.04018235 0.03183088 0.04041570 -0.00199179 -0.00310912 -0.00389461
-0.03052222 -0.00100247 0.05216983 -0.00913327 -0.00116999 0.00584531
-0.01934753 0.03113885 0.00081576 -0.00549925 0.00249769 0.00271137
0.01879879 0.00151339 0.01174211 -0.01015591 -0.00119430 0.01244051
0.01270045 0.03036048 0.00627141 0.00088077 -0.00029302 0.00723824
-0.12166793 0.27142469 0.11940636 0.00631970 -0.00085378 0.00400170
-0.16790899 0.26279679 0.08456219 -0.00248496 0.00480227 -0.00196602
-0.04927206 0.28559130 0.14553277 0.01111286 -0.00289528 -0.00262811
-0.11405406 0.14717540 0.26563622 0.01251735 0.00069999 -0.00417119
-0.11925203 0.18047484 0.09376700 0.01184378 0.00639546 0.00780644
-0.05597468 0.08812237 0.13239383 0.00067823 0.00255307 0.02153655
-0.02998875 0.19534152 0.16174091 0.01369247 -0.00093431 0.00529940
-1.25705361 0.07784198 0.10554357 -0.01025857 -0.03507366 -0.07417496
-1.23816878 0.07629209 0.21246925 -0.01112368 -0.03770331 -0.05911232
-1.17085531 0.10860591 0.29270329 -0.00763766 -0.04532769 -0.06128266
-1.09901264 0.02140255 0.22762608 0.00149938 -0.02416629 -0.09190422
-1.06452495 0.18291567 0.15510916 0.03459257 -0.02989798 -0.08276873
-1.05388127 0.02569045 0.27058659 0.01295264 -0.03105834 -0.07269467
-0.94408400 0.12036573 0.26518002 0.00212824 -0.03552670 -0.11172208
-0.95793001 0.10121237 0.12315556 -0.01637742 -0.00004975 -0.04620420
-0.90881400 0.10048117 0.24662212 -0.03925558 0.00966814 -0.02573340
-0.86406566 0.04001114 0.16135450 -0.02205174 0.00450446 -0.01936384
-0.92096023 0.09820846 0.19427713 -0.03129399 0.00946385 -0.04147263
-0.87046571 0.14683788 0.11871217 -0.00457722 0.00481082 -0.02328579
-0.85730553 0.03448255 0.17224198 -0.00396044 0.00410573 -0.03266498
-0.76765954 0.18693104 0.11091828 -0.01633615 0.00358535 -0.04378526
-0.89294448 0.11069369 0.06462039 -0.01270069 -0.01724818 -0.05601887
-0.87446176 0.21627732 0.16562643 -0.05088163 -0.01399569 -0.03934714
-0.81312664 0.11686600 0.13684496 -0.02666147 -0.01452737 -0.04795316
-0.88050634 0.18028874 0.12375901 -0.03064712 -0.01245222 -0.03988082
-0.85018598 0.13349248 0.07507188 -0.00574149 -0.02000438 -0.02769564
-0.77530965 0.08831030 0.17366342 -0.00760782 -0.01063520 -0.03681300
-0.72251506 0.20645786 0.10621889 -0.02600415 -0.02037895 -0.05278972
-1.23655252 0.09349214 0.00229559 -0.01850312 -0.02649627 -0.07335023
-1.25789523 0.21007808 0.08778285 -0.05602593 -0.02208716 -0.07221482
-1.17058367 0.08648208 0.00957830 -0.02428271 -0.01899422 -0.04885309
-1.27858728 0.19181639 0.07205975 -0.03355589 -0.02532005 -0.05362330
-1.19984619 0.10012715 -0.00932965 -0.00697603 -0.03652707 -0.03857013
-1.13134928 0.06863891 0.08726003 -0.00255999 -0.02424208 -0.06494281
-1.06263131 0.23778893 -0.02343033 -0.03394829 -0.02395488 -0.07039889
-1.00598156 -0.00333604 0.09597080 -0.05141873 -0.04306669 -0.04155544
-0.99520162 0.10645033 0.16433461 -0.07942384 -0.04301573 -0.03086358
-0.90075999 -0.01733944 0.10326790 -0.05775239 -0.03967247 -0.03294097
-1.00437671 0.10163767 0.14274244 -0.06387734 -0.04064817 -0.02735063
-0.97520806 0.03965495 0.08580021 -0.04760892 -0.04597997 -0.02180880
-0.91625117 -0.00066975 0.13043806 -0.04053296 -0.03694667 -0.03447682
-0.82024559 0.07990358 0.10983576 -0.05495762 -0.04114772 -0.04225512
-1.20325536 0.01250502 -0.00988192 -0.03134188 -0.06215619 -0.02646672
-1.18576273 0.05362899 0.05916146 -0.04046995 -0.06185258 -0.02978232
-1.14581130 -0.04521602 0.00131790 -0.03757616 -0.05965179 0.00264826
-1.17253676 0.05183109 0.07074176 -0.03761178 -0.06679395 -0.01615444
-1.13070883 0.00539108 0.00389192 -0.03300001 -0.06845888 -0.00399269
-1.08647071 -0.02327508 0.03061316 -0.02193637 -0.06215767 -0.03183356
-1.02294140 0.02574401 -0.04570068 -0.03432702 -0.05663830 -0.01590045
-1.00342825 0.02329930 -0.02216262 -0.02646622 -0.09010942 -0.01168118
-1.01996981 0.04029135 0.04845755 -0.02506919 -0.08893503 -0.01389358
-1.01036943 0.00863069 -0.05188806 -0.03077750 -0.08508052 0.02372398
-1.02803640 0.08863752 0.03917412 -0.03426837 -0.09558633 0.00265328
-0.96499190 0.03342485 -0.02337401 -0.03284191 -0.09369890 0.02184614
-0.91680288 0.05279343 0.00351058 -0.02772764 -0.09078198 -0.01700152
-0.88778496 0.08131296 -0.10162930 -0.03648813 -0.07699286 0.00855004
-0.67311354 0.06623670 0.13213748 -0.00684126 -0.10780908 -0.00830704
-0.69914900 0.15642338 0.08878014 -0.01733715 -0.10939638 -0.00856528
-0.68401992 0.11962534 0.09781939 -0.02150285 -0.11250502 0.00831326
-0.64317301 0.09470830 0.14103831 -0.01281721 -0.10845678 -0.01472291
-0.55970781 0.11181169 0.10970947 -0.00283885 -0.10619443 -0.00356984
-0.56966692 0.06272787 0.13688832 -0.02651556 -0.10667533 -0.01279032
-0.51162392 0.06376363 0.06207148 -0.02027790 -0.09493259 -0.01274103
-0.60137428 -0.04242391 0.05512821 -0.01910562 -0.08121698 -0.00624773
-0.62207524 0.07686445 0.07371394 -0.03338190 -0.07671448 -0.00648412
-0.54657079 0.02977903 0.00777202 -0.03497927 -0.07798648 0.01819928
-0.58106940 0.12070550 0.06438100 -0.03624543 -0.07746157 0.00241073
-0.51517144 0.09426516 0.01151924 -0.03079297 -0.07940411 0.00927172
-0.49407132 0.14098842 0.02271720 -0.02687869 -0.07692384 -0.02143824
-0.46404045 0.05744509 -0.01398264 -0.03571855 -0.07134638 -0.00966223
-0.47255918 0.14095818 0.01158445 -0.02516436 -0.09701969 -0.00993151
-0.45216471 0.24892289 -0.01897164 -0.02572907 -0.09550454 -0.02297301
-0.38591746 0.17074462 -0.11421243 -0.03612437 -0.09246537 0.01552526
-0.46384778 0.24640232 0.02286269 -0.03648776 -0.10331887 0.00052448
-0.39023634 0.16846627 -0.08884124 -0.03735845 -0.10243077 0.01706436
-0.37985802 0.18492250 -0.03406538 -0.02827969 -0.09442795 -0.02298488
-0.33748038 0.20675138 -0.08907701 -0.03786728 -0.08401173 0.01582821
-0.63573830 0.19995105 0.06172681 -0.00470194 -0.09200107 -0.00683096
-0.68952285 0.26476875 0.09394872 -0.02993826 -0.09206345 -0.02026631
-0.65941349 0.20557746 -0.00636529 -0.02459732 -0.09214303 -0.00855519
-0.69145523 0.22396864 0.12265640 -0.01373443 -0.09729772 -0.01570660
-0.61333634 0.20662516 0.00223302 -0.00945750 -0.09588765 0.01046122
-0.57845891 0.14380928 0.05281659 -0.01144472 -0.08905388 -0.00644951
-0.51017996 0.25605831 -0.02208873 -0.01230641 -0.08240915 -0.00011941
-0.21011438 -0.04712337 0.06950225 0.01769831 -0.07451393 -0.00437440
-0.16012175 -0.00649744 -0.00361594 0.03371190 -0.07055265 -0.03283902
-0.09400294 -0.03765558 0.04946297 -0.00867161 -0.07085741 0.03263676
-0.10419545 -0.01660388 0.07538418 0.00501362 -0.07465212 -0.00516323
0.04942711 0.06571617 0.03093301 0.02700363 -0.07516587 0.00965914
0.01570351 0.02724803 0.12396637 0.02321244 -0.07885922 -0.02785116
0.01680919 0.00725143 -0.00386962 0.01322013 -0.05343908 0.00519989
-0.28378282 -0.07135287 0.08064052 0.05043184 -0.06887635 0.02111151
-0.32937359 0.03535523 0.03584329 0.05450024 -0.07217113 -0.00396947
-0.29789094 -0.01832876 0.06596539 0.04890478 -0.07560443 0.00868376
-0.24641339 -0.07144738 0.09837990 0.05870668 -0.07642082 0.00604155
-0.25639288 0.02598280 0.07848308 0.05198154 -0.07571953 0.01333759
-0.28276160 0.01823418 0.05615087 0.04342527 -0.07180725 0.00168716
-0.26752502 0.00298244 0.03047500 0.04899205 -0.06173648 0.00964365
-0.38710143 -0.01075891 0.09397757 0.00791643 -0.08372164 0.01412837
-0.40266056 0.12647423 0.01920548 0.02467860 -0.08558915 0.00668365
-0.36654085 0.12862506 0.09385838 0.01290640 -0.09387849 0.00102347
-0.35229988 0.12910929 0.10702432 0.02395985 -0.08776608 -0.00732482
-0.30727915 0.15513645 0.11232007 0.02255757 -0.08404769 0.00288444
-0.35223119 0.09017983 0.10335184 0.01591525 -0.08471329 0.01045429
-0.32796443 0.14145762 0.06151579 0.01818238 -0.07781135 0.00077153
-0.48711155 -0.12748497 0.14374054 -0.01134255 -0.02445249 0.00054088
-0.46615236 -0.08679756 0.05634938 0.01468416 -0.02171693 0.00818635
-0.37569437 -0.10096176 0.19201737 -0.01393797 -0.02518626 0.03582872
-0.39132476 -0.09132146 0.18318247 0.00182700 -0.02004196 0.00914831
-0.29388571 0.00770534 0.11079240 -0.00397437 -0.01882062 0.01351783
-0.29644480 -0.07939998 0.19720921 0.00935017 -0.02817172 -0.00059471
-0.33386670 -0.05417303 0.04917109 -0.00828537 -0.01112408 0.00228569
-0.29612672 -0.01826977 0.07638840 -0.03393027 0.04465428 -0.05203087
-0.34140859 -0.02303279 0.00967015 -0.04455380 0.05462537 -0.03691753
-0.21121062 -0.05522667 -0.00451389 -0.04928398 0.05172767 -0.01713554
-0.25930751 -0.04770978 0.09525680 -0.04302064 0.05163262 -0.02281916
-0.16382646 -0.03560057 -0.00738738 -0.03803469 0.05552115 -0.02171449
-0.12384211 -0.07961281 0.06486562 -0.02123023 0.04305369 -0.03336800
-0.25353499 -0.04601915 -0.03259010 -0.02638404 0.05410746 -0.04116250
0.17144255 -0.06341763 -0.09236560 -0.01749423 0.04720003 -0.02050152
0.07901009 0.04374403 -0.16915135 -0.01507047 0.04919327 -0.00821202
0.16733151 -0.02910994 -0.09073283 -0.00703935 0.04697388 -0.01306170
0.08535616 0.05379816 -0.09071579 -0.01961059 0.05239937 -0.00758474
0.19485204 -0.02672887 -0.09569199 -0.02308144 0.05421071 -0.00231452
0.20881174 0.04514763 -0.14113050 -0.00747121 0.04799189 -0.01503343
0.15578630 0.04317185 -0.21147519 -0.01669095 0.04795423 -0.02654090
-0.00013267 -0.03268276 0.09314703 0.01646200 -0.01547931 0.00497791
-0.06524811 -0.01739680 0.10440907 0.00108273 -0.01472202 -0.01099631
-0.00893723 -0.04294132 0.08238625 0.01732780 -0.01555327 -0.00661054
-0.00579739 -0.10659655 0.14821409 0.01508708 -0.01621683 0.00444834
-0.08848119 -0.07951275 0.07763097 0.02110551 -0.01474096 0.00141896
-0.00046765 -0.08341279 0.04543904 0.00170453 -0.01561834 0.01552176
-0.03520291 -0.03520316 0.08309762 0.02629678 -0.01264292 0.01021076
0.14216646 0.22876650 -0.02174988 0.00359597 0.01033788 0.00344727
0.11884464 0.28708121 -0.09285974 -0.00740903 0.01115434 -0.00270845
0.19718591 0.25079004 -0.05703550 0.00447429 0.01131571 -0.00601972
0.13174388 0.19561857 -0.01511105 0.00057484 0.01015285 -0.00103444
0.19546904 0.19317638 -0.05018364 -0.00552275 0.01762362 0.00568402
0.23991471 0.17461248 -0.03982663 -0.01667307 0.01182490 0.01217621
0.22189584 0.17595854 -0.02026008 0.00816506 0.01187122 0.00638227
0.02671039 0.25657725 -0.08065567 -0.03708010 0.00837172 -0.00185059
-0.08233678 0.31288188 -0.19969728 -0.05291953 0.00598198 0.01894971
0.00796579 0.34049734 -0.16713921 -0.03664347 0.00726237 -0.01673203
-0.03438315 0.14491971 -0.11532540 -0.03069943 0.00579554 -0.00691402
0.01945849 0.10551575 -0.14383632 -0.05405085 0.01660525 0.01398878
0.03347563 0.16454061 -0.12440166 -0.06651355 0.00974514 0.03193082
0.09913125 0.11777710 -0.03246050 -0.04171102 0.00195061 0.01196886
0.11731737 0.06657413 0.04648471 0.04096065 -0.01358469 0.00681297
0.05769175 0.09948814 0.03607413 0.02988353 -0.01219804 -0.00748831
0.07767667 0.09810402 0.04580148 0.04655669 -0.01434536 -0.01363741
0.07329154 0.03223412 0.07477866 0.04417883 -0.01450989 0.00158589
0.06819275 0.08764115 0.03999953 0.04197221 -0.01332639 0.00184195
0.08610161 0.08369022 0.05065662 0.02638447 -0.01242761 0.01503964
0.07011958 0.12587793 0.05687757 0.04973455 -0.01283800 0.00414875
0.01836116 -0.05077475 0.07185960 0.02182395 0.00866588 0.00306689
-0.01656631 -0.03139601 0.06289493 0.00904969 0.01150561 -0.00945628
-0.01588087 -0.05715623 0.03796493 0.03093573 0.00762536 -0.01619281
-0.02740937 -0.14749594 0.10909817 0.02862661 0.01032309 0.00312441
-0.09355076 -0.09443561 0.03727431 0.02892355 0.00828698 -0.00093439
-0.05637839 -0.08555100 0.03146190 0.01535997 0.01024249 0.01483276
-0.03803399 -0.04309523 0.07101221 0.02938468 0.00922822 -0.00171241
0.08729831 -0.06258481 0.06478758 0.02578455 0.00707348 0.01685946
0.06252313 -0.02610276 0.03115725 0.01379328 0.01058464 0.00004258
0.06875585 -0.05341114 0.03336163 0.03395625 0.00752183 -0.00187418
0.06173810 -0.13070794 0.10480297 0.02754300 0.01049133 0.01488061
0.00532681 -0.08458350 0.04398745 0.02905905 0.00746804 0.00929634
0.04144916 -0.08261047 0.02759776 0.01695997 0.01019197 0.02132920
0.03481795 -0.04420560 0.04842968 0.03167126 0.00902233 0.00927745
0.14087849 0.05533083 0.06793176 0.04983294 -0.00967320 0.00429093
0.06642038 0.08221723 0.04633923 0.03797058 -0.00705004 -0.01825640
0.10791815 0.05941360 0.05422080 0.04864950 -0.00974821 -0.01536450
0.10504619 0.00253106 0.08940625 0.04861679 -0.00774092 0.00012511
0.06563800 0.05200135 0.03354323 0.05135098 -0.01018070 -0.00337481
0.13215706 0.03646922 0.04506726 0.03385519 -0.00696262 0.00785924
0.07481719 0.09288963 0.07940566 0.05403296 -0.00524224 -0.00331756
0.18393014 0.00193423 0.03642177 0.03320084 -0.01040401 0.00298488
0.13609892 0.04069020 0.00004509 0.02210471 -0.00865475 -0.01392848
0.14644763 0.01390482 0.03095827 0.03546245 -0.01060298 -0.01455935
0.14991516 -0.03662630 0.05716880 0.03237885 -0.00936537 0.00000894
0.11768318 -0.00024175 0.01573455 0.03765824 -0.01006226 -0.00375188
0.15210526 -0.00134309 0.02757547 0.01908590 -0.00835549 0.00867108
0.12438891 0.03867910 0.02933906 0.04154146 -0.00734590 -0.00058175
-0.04215191 -0.18019432 -0.01203479 -0.02842992 0.01783329 0.02480614
-0.01041412 -0.14908536 0.03243069 -0.04052505 0.01725871 0.02218035
-0.01885490 -0.18018359 -0.01925614 -0.01413456 0.01388627 0.00936674
-0.00727627 -0.23795491 0.04625733 -0.02860089 0.01699934 0.02668046
-0.07973068 -0.21393307 -0.00583671 -0.02416433 0.01815001 0.01142808
-0.03085275 -0.22733722 -0.00305945 -0.03153997 0.01824160 0.02516067
-0.04129620 -0.21195382 -0.00973024 -0.02348639 0.01378876 0.01770130
