0.05077833 0.17993085 -0.00317140 -0.00988559 0.00200671 -0.01293963
0.13882613 0.13290985 0.01586274 -0.00572281 -0.00081078 -0.00864073
0.09407930 0.07609772 -0.02961912 -0.01660410 0.00155042 -0.00513088
0.10743487 0.12743336 -0.06819169 -0.01416074 -0.00061754 -0.02035251
0.17663945 0.15655590 0.07192674 -0.01268569 0.00092804 -0.01126230
0.07570198 0.19380501 0.04007608 -0.01102689 -0.00262236 -0.00690375
0.13884281 0.17180935 0.04148268 -0.00098051 0.00311320 -0.01684816
0.03866267 0.14885653 -0.00489468 -0.01479512 0.00149659 -0.00461948
0.12618313 0.10829275 0.00293889 -0.01176537 -0.00156432 -0.00190046
0.07799891 0.04966992 -0.03160085 -0.02065530 0.00101613 0.00028183
0.08932651 0.11229527 -0.06106032 -0.01887438 -0.00117433 -0.01300795
0.16099352 0.11238139 0.05552955 -0.01687548 -0.00019637 -0.00575424
0.05580005 0.16730143 0.02531180 -0.01684941 -0.00373879 0.00008320
0.12434413 0.15080511 0.03342553 -0.00581499 0.00215728 -0.00987177
0.04688050 0.18041497 -0.00454038 -0.00925523 0.00265719 -0.01487534
0.13001444 0.13331458 0.01565930 -0.00486703 -0.00002935 -0.01020105
0.08291747 0.07307747 -0.03238171 -0.01594999 0.00211851 -0.00739253
0.09890596 0.12138588 -0.07111313 -0.01333037 0.00015650 -0.02252297
0.16871056 0.14962545 0.07384066 -0.01183440 0.00176570 -0.01312974
0.07076927 0.18492175 0.03580818 -0.01030001 -0.00179065 -0.00909021
0.13272803 0.16560249 0.04351339 -0.00022631 0.00363488 -0.01797416
0.04140237 0.16418111 -0.00069275 -0.01158977 0.00225323 -0.01054434
0.12577809 0.11679206 0.00639306 -0.00786824 -0.00045835 -0.00688259
0.07663252 0.05834416 -0.03643984 -0.01730331 0.00185431 -0.00391225
0.09184455 0.11294774 -0.06105104 -0.01472114 0.00008067 -0.01875160
0.16686458 0.12599599 0.06543955 -0.01323401 0.00102781 -0.01055928
0.06411139 0.17311901 0.02653306 -0.01274301 -0.00276017 -0.00493504
0.12827815 0.14839622 0.04148597 -0.00293460 0.00339229 -0.01406103
0.02300754 0.18800393 -0.00553790 -0.00630215 0.00362700 -0.01809028
0.11313043 0.13885636 0.01749050 -0.00278300 0.00106634 -0.01276893
0.07581347 0.08557712 -0.02725463 -0.01340865 0.00334143 -0.01098803
0.08246264 0.12586888 -0.06650337 -0.01103751 0.00164985 -0.02484788
0.15731864 0.15672335 0.07470030 -0.00928961 0.00233469 -0.01581838
0.05458216 0.19425545 0.03759135 -0.00773808 -0.00092039 -0.01095970
0.11828694 0.17172866 0.04616980 0.00161427 0.00424555 -0.01858861
0.05076450 0.23230899 -0.01366624 -0.00318517 0.00279106 -0.03074209
0.14134062 0.18006552 0.04631171 0.00405503 0.00103277 -0.02219502
0.12562482 0.12241968 -0.01947138 -0.01169537 0.00154513 -0.01722332
0.12358801 0.14246957 -0.07450840 -0.00658209 -0.00051508 -0.03336988
0.19136950 0.24788896 0.10353454 -0.00627586 0.00333163 -0.02129603
0.09949640 0.24327982 0.06169157 -0.00331286 0.00016440 -0.02236357
0.14981264 0.22607256 0.05945467 0.00777815 0.00425421 -0.02986349
0.06840392 0.17788095 0.01705195 -0.00596873 0.00665795 -0.01121276
0.12195628 0.14243698 0.02651291 -0.00310319 0.00367483 -0.01104948
0.07767944 0.12079869 -0.02253093 -0.01524469 0.00509100 -0.01010810
0.09026439 0.16418282 -0.08430241 -0.01395489 0.00345487 -0.02080642
0.12863905 0.13382532 0.05154558 -0.00969014 0.00411171 -0.01114542
0.04968160 0.16989270 0.05525439 -0.01324217 0.00124009 -0.00758361
0.11245252 0.17575264 0.00586919 0.00394829 0.00446863 -0.01261183
0.72364278 -0.09706011 0.09703165 0.00192012 0.02427055 0.03748320
0.71424529 -0.12346638 0.05615113 0.01278012 0.02938653 0.02613433
0.75625531 -0.07999065 0.06562771 -0.00400178 0.02444648 0.03932075
0.80710351 -0.13164206 0.11269908 -0.00303016 0.02682192 0.03052264
0.75383052 -0.06920436 0.03228355 0.00118415 0.02562198 0.03642701
0.72037697 -0.06204256 0.05314773 0.00159641 0.02144536 0.02457609
0.66949748 -0.08400413 0.01234007 -0.00349749 0.02713138 0.03877598
0.91075353 -0.34793533 0.01425452 0.01515160 0.01979393 0.08223529
0.66052988 -0.30063037 0.07223713 0.01955047 0.02423126 0.06599743
0.72556190 -0.25955688 0.06166678 -0.00495565 0.01780963 0.08927693
0.77521108 -0.25107857 0.12244712 0.00958225 0.02736932 0.06668387
0.77760682 -0.31189473 0.08489433 0.01269752 0.02481783 0.08608316
0.67757718 -0.24913264 0.04043357 0.02666302 0.01849148 0.06482507
0.74349158 -0.24796855 0.05281488 -0.01526928 0.02136731 0.07577122
0.74685283 -0.24502730 0.05575037 0.01089065 0.02844224 0.04982309
0.65517724 -0.24671972 0.05658468 0.02189907 0.03443527 0.04225677
0.70900068 -0.16176937 0.07819436 -0.00175096 0.02999526 0.05881326
0.74350938 -0.20430271 0.10745818 0.00625145 0.03456915 0.04598012
0.72870538 -0.19861858 0.06855915 0.00849405 0.03205780 0.05553353
0.63106142 -0.16812049 0.04516015 0.01573259 0.02823369 0.03763040
0.63426659 -0.19263953 0.00764706 -0.00548315 0.03146271 0.05397762
1.08854942 0.00885149 0.11333765 0.00974900 0.02925044 0.03028106
1.04709238 -0.03742666 0.06009206 0.01613100 0.03801209 0.02146888
1.12138748 0.01274182 0.07294029 0.00627955 0.03390053 0.03380263
1.21460624 -0.04179985 0.10761431 0.00902813 0.03609717 0.02104656
1.12889312 0.00970114 0.04941224 0.01087366 0.03533176 0.03349935
1.08531758 -0.00721234 0.05044399 0.00481463 0.03094288 0.01900089
0.99920675 -0.02594454 0.03108242 -0.00195869 0.03674275 0.03202487
0.94054200 0.10924499 0.12019167 0.01820465 0.02803583 0.01348968
0.93573950 0.04697226 0.08553535 0.02384127 0.03565643 0.00634053
0.99293977 0.08124399 0.05538013 0.01824141 0.03146220 0.01319666
1.07029520 0.04357672 0.09419123 0.01399729 0.03318872 0.00647917
0.97394317 0.10001728 0.05014399 0.02217991 0.03265608 0.01641171
0.96639290 0.06920868 0.07022667 0.01218783 0.02886094 0.00229921
0.86987562 0.04536181 0.02865915 0.01337253 0.03254590 0.01690721
0.85996427 -0.28486734 0.02758973 -0.00168521 0.01948518 0.07628132
0.68469301 -0.26881792 0.06043460 0.00675107 0.02345014 0.06347821
0.73607035 -0.21383751 0.05728235 -0.01603754 0.01954957 0.08526916
0.79593495 -0.21763779 0.10056235 -0.00516405 0.02509820 0.06552590
0.78417227 -0.26551705 0.07183071 -0.00286913 0.02474364 0.07843645
0.69658481 -0.20067690 0.04556958 0.00677338 0.01814147 0.05982277
0.73932864 -0.21165384 0.03607756 -0.02338203 0.02219072 0.06946862
0.82868032 -0.13492189 0.08948745 0.01043761 0.02823620 0.03800488
0.77771008 -0.16213346 0.04453536 0.02040480 0.03421095 0.03018393
0.82957909 -0.10078735 0.08528896 0.00381047 0.02917450 0.04203360
0.88578098 -0.15811663 0.11091091 0.00565906 0.03236375 0.03332224
0.84488764 -0.10584680 0.04079499 0.00994209 0.02965979 0.04085476
0.79121523 -0.08723934 0.04731884 0.01056245 0.02640283 0.02574323
0.75080156 -0.11145956 0.02521191 0.00107489 0.03150815 0.04096463
1.09740004 0.05592044 0.11547988 0.02775005 0.02834836 0.00406063
1.00921832 0.01946298 0.09177270 0.03361766 0.03844306 0.00305505
1.14312962 0.05487270 0.07861070 0.02478253 0.03371913 0.01129461
1.21729471 0.02308701 0.08822037 0.02532043 0.03567667 0.00511416
1.11459546 0.08128415 0.07738258 0.03085512 0.03732726 0.01520753
1.09777413 0.03813401 0.06749451 0.02216785 0.03291636 -0.00080649
0.98128438 0.01050369 0.03517216 0.01922179 0.03674566 0.01238344
1.05055705 0.11072027 0.12316266 0.01879223 0.02601436 0.00826086
1.01752751 0.06368239 0.10070841 0.02461035 0.03445562 0.00232060
1.12012878 0.08551679 0.06234078 0.01940129 0.03014303 0.01327272
1.19838990 0.05082360 0.08731985 0.01581914 0.03066568 0.00654029
1.07285880 0.11853270 0.06099674 0.02248546 0.03263400 0.01423572
1.08979233 0.07525895 0.07914366 0.01271966 0.02874641 0.00125870
0.96637279 0.05081568 0.02958561 0.01498360 0.03275867 0.01239880
0.97763024 0.12585282 0.12454223 0.02218808 0.02558957 -0.00074403
0.95773071 0.08063453 0.10527040 0.02928708 0.03376826 -0.00573993
1.06088221 0.10057944 0.06056987 0.02248658 0.02907443 0.00509941
1.12868123 0.06403280 0.08037385 0.01785526 0.02912808 0.00072316
1.00890130 0.14632387 0.06243614 0.02630770 0.03216002 0.00689216
1.02474332 0.09680822 0.08585025 0.01687308 0.02834281 -0.00650893
0.90652987 0.07147683 0.02857900 0.02133240 0.03145145 0.00560328
1.08696952 0.08157435 0.11907831 0.01057552 0.02467253 0.01395355
1.03189409 0.04617829 0.07787534 0.01519322 0.03353710 0.00906420
1.14201374 0.05980295 0.05583644 0.00880128 0.02957489 0.01889959
1.22525819 0.03992757 0.08160347 0.00928562 0.03026731 0.00790292
1.11308143 0.08889599 0.06288084 0.01420675 0.03294488 0.01807020
1.10133246 0.05460486 0.05710654 0.00243433 0.02738470 0.00848630
0.97466163 0.02647905 0.02892659 0.00711721 0.03271295 0.01696614
0.15541833 0.22168964 0.04281171 0.00612804 -0.00435951 -0.03107264
0.22319753 0.23557886 0.09993474 0.01444422 -0.00270117 -0.02769770
0.30749632 0.19241665 -0.01652045 0.00670093 -0.00623422 -0.01408284
0.26606245 0.19952655 -0.04728097 -0.00449839 -0.00914370 -0.02377103
0.22754230 0.27205268 0.04388033 0.00458390 -0.00177105 -0.02318626
0.23822723 0.24591707 0.09359023 0.00426762 -0.00568149 -0.02353743
0.22089466 0.24095461 0.00661597 0.02238007 -0.00368173 -0.03156832
0.88161260 0.10161269 0.08111461 -0.01026419 0.01791135 0.02954906
0.89654662 0.05199272 0.07213500 -0.00711515 0.02318482 0.01923495
0.93301453 0.04295073 0.01643237 -0.01411025 0.02083031 0.02948254
1.00487314 0.04784535 0.05648993 -0.01606145 0.01984350 0.01436880
0.91168731 0.07232529 0.05216002 -0.00922122 0.02274553 0.02814789
0.88762529 0.06719979 0.05705757 -0.01691798 0.01635218 0.01440293
0.80494471 0.04940634 0.01046454 -0.00610866 0.02152503 0.02284109
1.02092773 -0.08143054 0.07463801 0.00264943 0.02512832 0.04219548
0.94416976 -0.10825310 0.03618354 0.00587492 0.03332918 0.03370726
1.00054264 -0.06516553 0.06392190 -0.00654940 0.02919413 0.04428572
1.08658813 -0.09847817 0.08480362 -0.00183350 0.03192095 0.03067889
1.04798399 -0.08308552 0.06445745 -0.00010208 0.03147403 0.04509195
0.95052958 -0.06371878 0.03553279 -0.00270283 0.02580556 0.02883428
0.90589747 -0.08394941 0.02858812 -0.00819381 0.03136998 0.04034860
0.87993324 -0.12251589 0.07534975 0.00549850 0.02537196 0.04153052
0.81308015 -0.14631689 0.04463062 0.01088834 0.03165523 0.03418217
0.85802048 -0.09579256 0.06218709 -0.00310991 0.02739992 0.04579439
0.91889165 -0.12762054 0.09285059 -0.00052247 0.03060505 0.03530115
0.88548996 -0.11126956 0.05484550 0.00261493 0.02933133 0.04506852
0.80881774 -0.08452215 0.04190581 0.00321463 0.02434807 0.02962959
0.77804223 -0.10552030 0.01766209 -0.00527446 0.02937734 0.04255278
0.44907980 0.27216887 0.07205971 0.01951612 0.01315429 -0.04127543
0.49496055 0.24077222 0.11366890 0.02766336 0.01567519 -0.03478075
0.54105803 0.19023187 -0.00144179 0.01648336 0.01234662 -0.02771190
0.56166817 0.21806356 -0.02945852 0.01307957 0.00903952 -0.03295447
0.49387012 0.30496093 0.08685164 0.02363137 0.01709641 -0.02413355
0.50020456 0.24753999 0.09402769 0.01436652 0.01318062 -0.03358476
0.42994685 0.22684563 0.03856681 0.03913511 0.01254141 -0.03236704
0.56623116 0.20956112 0.07095239 0.01376388 0.01175020 -0.03000801
0.56702174 0.18412920 0.09893104 0.02205403 0.01607979 -0.02647975
0.65335557 0.13036407 0.00107045 0.00823905 0.01291779 -0.01793514
0.66901349 0.17511077 -0.01923293 0.00443146 0.00954381 -0.02142196
0.59006747 0.23815723 0.09121660 0.01707177 0.01880874 -0.01688374
0.60025610 0.19857429 0.07934438 0.00764053 0.01451704 -0.02588759
0.52013472 0.17558679 0.02944148 0.03301503 0.01460442 -0.02531325
0.84406003 0.17539755 0.08471766 0.00394783 0.01416141 -0.00567490
0.82574457 0.14337281 0.10340033 0.01134710 0.02027108 -0.00874443
0.93147449 0.09688283 0.01189837 0.00233065 0.01783358 0.00127682
0.97680047 0.13423420 0.02181707 -0.00225522 0.01466987 -0.00546331
0.85480012 0.17889822 0.07596953 0.00827417 0.02299882 0.00125862
0.88310786 0.14328951 0.07448185 -0.00029617 0.01760927 -0.00998743
0.76578833 0.11358458 0.01415916 0.01793109 0.01968434 -0.00508282
0.83338164 0.35330892 0.11535989 0.03013806 0.00726237 -0.07496421
0.77477381 0.35499301 0.18777125 0.04589130 0.01398412 -0.06298425
1.01526439 0.24411999 0.01586886 0.03762383 0.01214677 -0.04896152
1.00603685 0.29605739 -0.01397581 0.02912747 0.00325888 -0.04668465
0.80820292 0.43863945 0.12557687 0.04579405 0.02140567 -0.04693234
0.96338034 0.32268520 0.13122441 0.03534934 0.01730131 -0.05987499
0.76893404 0.25716368 0.02484679 0.06387715 0.01484231 -0.06302159
0.59023559 0.30525895 0.08314323 0.02483158 0.01208290 -0.05239794
0.59931189 0.26881546 0.12892448 0.03504663 0.01666783 -0.04548330
0.71428150 0.20371936 0.00540620 0.02375926 0.01385230 -0.03495516
0.72678618 0.24151281 -0.02680076 0.01785397 0.00884630 -0.03754529
0.61363213 0.34311175 0.10417043 0.03160670 0.02041143 -0.03248836
0.66797733 0.26634965 0.10340901 0.02182819 0.01679039 -0.04380475
0.55897199 0.23757610 0.03509231 0.04771386 0.01526342 -0.04327607
0.69444671 0.36786005 0.09736573 0.02730597 0.00957479 -0.06535525
0.69354959 0.35112329 0.17005011 0.04093616 0.01491275 -0.05633866
0.86303227 0.26545107 0.01020478 0.03088721 0.01141382 -0.04320758
0.86732142 0.29756401 -0.04397105 0.02462748 0.00383720 -0.04285707
0.69590472 0.42792492 0.11893783 0.03864802 0.01953210 -0.03846273
0.80665566 0.32804456 0.13876650 0.02987097 0.01593375 -0.05335790
0.65988310 0.29443752 0.03043546 0.05942674 0.01252425 -0.05524881
0.94138987 -0.20769624 0.06193700 0.00007691 0.02273136 0.06173538
0.81879802 -0.21983447 0.04527022 0.00610723 0.02854845 0.05155354
0.86998284 -0.15975207 0.06816141 -0.01019963 0.02472105 0.06718019
0.93445927 -0.19141972 0.10099595 -0.00456691 0.02879733 0.05430115
0.91637745 -0.19082617 0.05832103 -0.00252751 0.02757040 0.06553954
0.82747884 -0.13894093 0.04916515 0.00228240 0.02174640 0.04666957
0.82474947 -0.16156115 0.03818851 -0.01437608 0.02660562 0.05847894
0.77767551 -0.29868925 0.02606600 -0.01585549 0.01351054 0.07904691
0.63107036 -0.26617244 0.04434957 -0.00785435 0.01632136 0.06484551
0.66800050 -0.24341684 0.04350830 -0.02852186 0.01301767 0.08549957
0.71703710 -0.23800183 0.08067742 -0.02247310 0.01628800 0.07016445
0.70653766 -0.26928386 0.04862793 -0.01822069 0.01681085 0.07899363
0.62615626 -0.18919535 0.04311306 -0.00860016 0.00988817 0.06461198
0.65560117 -0.21356003 0.03819704 -0.02741577 0.01518399 0.06868151
0.33602625 -0.13750333 0.03599514 0.00620605 0.01270183 0.02378635
0.23122258 -0.11613555 0.01347944 0.00863966 0.01375970 0.02199956
0.23758419 -0.14809519 -0.01056405 -0.00224628 0.01054022 0.02183361
0.24268635 -0.07948299 0.07130336 -0.00899103 0.01122464 0.02054100
0.29727757 -0.15179712 0.02512173 0.00646383 0.01068793 0.01934315
0.22877600 -0.06457029 0.00377767 -0.00306095 0.00488691 0.02181089
0.23171131 -0.09937628 0.04699664 0.00434072 0.01149306 0.02026728
0.11156160 -0.23744883 -0.03861521 -0.01754610 -0.00163453 0.04008933
-0.01518104 -0.19811574 0.00397930 -0.02102306 -0.00334551 0.03733169
0.08101691 -0.20612057 0.00184773 -0.02504855 -0.00354347 0.03875146
-0.03693816 -0.19796275 0.01925427 -0.02131860 -0.00350364 0.03564956
0.05960458 -0.23728855 -0.03336212 -0.01816689 -0.00153445 0.03916727
0.00351216 -0.14126888 -0.01856169 -0.01582846 -0.00441990 0.03668543
0.04970217 -0.15805358 -0.01745982 -0.01712371 -0.00030214 0.03204269
0.04664878 0.16588498 -0.00016130 -0.00986009 0.00249018 -0.01209765
0.12620578 0.12166180 0.01103289 -0.00603095 -0.00030989 -0.00772546
0.07277921 0.06124497 -0.03595455 -0.01561508 0.00199440 -0.00507857
0.09276489 0.11623019 -0.06425405 -0.01360412 0.00015332 -0.01981965
0.16424961 0.13143197 0.06488313 -0.01179222 0.00124260 -0.01161085
0.06204953 0.17522445 0.02785498 -0.01093973 -0.00245520 -0.00612086
0.12684279 0.15105513 0.04130827 -0.00146206 0.00350542 -0.01546865
0.13025956 0.28405068 0.01445915 0.00552240 0.00216091 -0.05023405
0.20270081 0.25154658 0.10284169 0.01601965 0.00177993 -0.03904269
0.22449719 0.16657278 -0.02005803 -0.00140051 -0.00005583 -0.03077751
0.20630836 0.19245181 -0.07039529 0.00501359 -0.00375377 -0.04226600
0.19501988 0.33662245 0.14062753 0.00617612 0.00420125 -0.03197040
0.18737394 0.28870476 0.09449650 0.00802016 0.00185820 -0.03626967
0.19100301 0.27888086 0.07725597 0.02139521 0.00382247 -0.04697432
0.07242545 0.13631793 0.01149137 -0.01369372 0.00237060 -0.00363736
0.13214285 0.09490663 0.00052227 -0.01082933 -0.00106045 -0.00114015
0.06531049 0.03785136 -0.04255270 -0.01870195 0.00192796 -0.00012453
0.09580803 0.11290489 -0.05705429 -0.01883387 -0.00071311 -0.01262427
0.14767810 0.07700101 0.04851699 -0.01494408 0.00051896 -0.00554065
0.06261414 0.13533874 0.02299091 -0.01567132 -0.00328808 0.00098655
0.12238890 0.11991705 0.02758604 -0.00479224 0.00241768 -0.00790262
-0.03347308 -0.00709100 -0.01861928 -0.01349018 0.00357327 0.00005847
-0.12731379 -0.01586389 -0.01893072 -0.01780240 -0.00057534 0.00793020
-0.06931193 -0.09055251 -0.05896894 -0.00839624 0.00184993 -0.00057387
-0.14219997 0.00864725 0.00848597 -0.01097073 0.00146064 0.00201393
-0.03417623 -0.09942902 -0.00580045 -0.00384089 0.00108225 0.00341983
-0.09623118 -0.03670116 -0.04728504 -0.01087325 -0.00101220 0.00414240
-0.04062822 -0.08363679 -0.00031009 -0.00938550 0.00647261 -0.00314719
0.48023887 -0.36709733 0.01296270 -0.01982730 0.00840249 0.06763295
0.34752183 -0.28754812 0.01854390 -0.01225684 0.00900278 0.05656038
0.37531022 -0.28990351 0.01626528 -0.03205312 0.00602109 0.07517084
0.37799891 -0.26622619 0.07137099 -0.03184216 0.00661644 0.06334909
0.38960569 -0.30899817 0.02856624 -0.02339182 0.00727431 0.06554883
0.33650517 -0.20365816 0.03811268 -0.01595786 0.00063968 0.05846609
0.36799788 -0.23682728 0.03803422 -0.02336324 0.00750372 0.06262096
0.12205545 0.34143887 0.01117387 0.00860951 0.00671479 -0.06044783
0.20715931 0.32641467 0.12251665 0.01849801 0.00419954 -0.04582169
0.24525126 0.26345212 -0.00389931 -0.00241242 0.00201161 -0.03534296
0.21168204 0.25912158 -0.10712498 0.00770151 -0.00340189 -0.05054036
0.19864624 0.38416572 0.13442772 0.00477324 0.00633611 -0.03550900
0.18069893 0.33784233 0.15212597 0.00900920 0.00519474 -0.04290193
0.20487584 0.34766372 0.06270777 0.02960311 0.00345351 -0.05156751
0.06706656 0.10971451 -0.01141001 -0.02369667 0.00003062 0.00793200
0.12977451 0.07000908 -0.01314331 -0.02061064 -0.00328207 0.00862821
0.06705326 -0.00845740 -0.04077059 -0.02831030 0.00010024 0.01127779
0.08565154 0.07539451 -0.05040385 -0.02755103 -0.00388715 -0.00188699
0.13402714 0.04187262 0.03907057 -0.02329209 -0.00151037 0.00599115
0.05800430 0.10407587 0.00929567 -0.02384758 -0.00538538 0.00876171
0.12033618 0.09351202 0.04201622 -0.01389853 0.00080994 -0.00160109
0.09224435 0.16015438 0.04108147 0.00575383 0.00931681 -0.01958261
0.11746275 0.10862034 0.01962875 0.00867069 0.00772037 -0.01503207
0.06285228 0.04874884 -0.04497447 -0.00161953 0.00899550 -0.01714176
0.09144766 0.12297655 -0.03167480 -0.00045418 0.00645148 -0.02609491
0.09870654 0.07873077 0.05473014 0.00727985 0.00635987 -0.01685168
0.06448904 0.10922444 0.03229743 -0.00060844 0.00321345 -0.01373143
0.08516850 0.10204731 0.05365691 0.01205772 0.00751206 -0.01602812
0.04456330 0.23811802 -0.00672598 -0.00369297 0.00440039 -0.02908639
0.13862750 0.19821370 0.04517649 0.00198689 0.00152053 -0.02165823
0.11990312 0.14589646 -0.01239087 -0.01410297 0.00261277 -0.01623398
0.11427914 0.16878836 -0.09184565 -0.00837063 0.00017583 -0.03327170
0.17843854 0.23877608 0.09710972 -0.00803745 0.00339454 -0.01985227
0.08466127 0.24560709 0.08234629 -0.00575196 0.00090967 -0.02003599
0.14726711 0.24552800 0.04550772 0.00715198 0.00411085 -0.02737789
0.13397438 0.30433124 0.04159808 0.01474847 -0.00705807 -0.05970632
0.23014404 0.28940484 0.09638214 0.02081857 -0.00436300 -0.05218486
0.28607300 0.24607096 -0.01232198 0.01097148 -0.01037949 -0.03867603
0.25953829 0.23194976 -0.08099580 0.00280902 -0.01434304 -0.04926289
0.18786388 0.35804391 0.06321660 0.01116482 -0.00539617 -0.04159693
0.21570770 0.29701360 0.09929832 0.00988911 -0.00725671 -0.05168985
0.17781617 0.28928045 0.00145666 0.03983239 -0.01048478 -0.05585851
0.59141904 -0.19579567 0.03372206 0.01868453 0.00684028 0.08081682
0.38498715 -0.20130768 0.05527344 0.00230896 0.00550301 0.06113768
0.42477183 -0.16801834 -0.04787440 -0.00896280 0.00291887 0.07895942
0.47261015 -0.08734896 0.14237579 0.01904827 0.00268203 0.05401074
0.45161922 -0.29670017 0.11857525 0.01883994 0.01165421 0.08054346
0.47352474 -0.21362193 0.09402145 0.02276368 0.00672684 0.06412944
0.50634108 -0.16689699 0.13702607 -0.01407495 0.00652217 0.06081386
0.16871868 -0.32592565 -0.01511181 -0.02779491 0.00749168 0.06209629
0.08380326 -0.26021346 0.03233115 -0.02003230 0.00673357 0.05329747
0.07251529 -0.26747528 -0.00173341 -0.04509949 0.00458056 0.06945978
0.06655795 -0.21664176 0.05702116 -0.04090627 0.00612280 0.05834382
0.08008843 -0.27206155 0.04991648 -0.03525772 0.00836751 0.05651829
0.05175908 -0.19208381 0.03790516 -0.02334535 0.00159317 0.05737863
0.08019377 -0.20803399 0.00598873 -0.03101944 0.00618000 0.05807583
0.03662541 0.14870787 0.00164540 -0.01223515 0.00242820 -0.00635486
0.11918938 0.10460628 0.00185258 -0.00945203 -0.00085386 -0.00414642
0.06477250 0.05271783 -0.03705965 -0.01768745 0.00188509 -0.00244238
0.08450083 0.11407394 -0.06010273 -0.01684814 -0.00004141 -0.01501569
0.15723042 0.10441011 0.05613192 -0.01430029 0.00062966 -0.00818518
0.04993869 0.16264515 0.02669097 -0.01428623 -0.00298645 -0.00097114
0.12001020 0.14132245 0.03079507 -0.00379613 0.00283110 -0.00995360
0.02689236 0.15115908 -0.00411484 -0.01239212 0.00249404 -0.00824067
0.11622539 0.11162436 0.00697040 -0.01023988 -0.00056175 -0.00578661
0.06925949 0.05870015 -0.03144552 -0.01932790 0.00191465 -0.00387428
0.08073542 0.11382431 -0.06342975 -0.01747107 -0.00019070 -0.01724958
0.15383220 0.11545274 0.05846670 -0.01556965 0.00069729 -0.00917701
0.04822869 0.17168580 0.03105579 -0.01524862 -0.00260292 -0.00257448
0.11588401 0.15100510 0.03285878 -0.00386512 0.00283999 -0.01150545
-0.10565998 0.07337020 -0.04562792 -0.01951770 0.00407933 0.00299599
0.02238318 0.07481609 0.02405194 -0.01852500 0.00163331 0.00290914
0.00816625 0.04077792 0.00000280 -0.02635558 0.00313288 0.00172737
-0.03775425 0.08669348 -0.06618911 -0.02723047 -0.00005731 -0.00306856
0.03120704 0.05536789 -0.00316764 -0.02242359 0.00201867 -0.00014969
-0.07243036 0.10595460 0.03445801 -0.02357608 -0.00021757 0.00811748
0.01579481 0.14650461 0.00686180 -0.01121042 0.00297013 -0.00026875
0.03895652 0.16364239 -0.00117692 -0.01152646 0.00292917 -0.01011818
0.11924211 0.11855677 0.00841326 -0.00800201 -0.00007114 -0.00676533
0.07048312 0.06470290 -0.03307161 -0.01766594 0.00249335 -0.00433197
0.08664208 0.11617039 -0.06401109 -0.01585553 0.00034302 -0.01855432
0.15914939 0.12355769 0.06456767 -0.01366037 0.00142926 -0.01013714
0.05676560 0.17359983 0.03236627 -0.01301697 -0.00213099 -0.00468654
0.12264892 0.15282084 0.03739545 -0.00268298 0.00342851 -0.01337924
0.04588606 0.15715376 0.00466889 -0.01070660 0.00251414 -0.01067615
0.12339435 0.11155998 0.00575240 -0.00731487 -0.00028608 -0.00638090
0.06613758 0.04915196 -0.04268768 -0.01575712 0.00229910 -0.00455096
0.08806883 0.10639934 -0.05793210 -0.01455305 0.00052232 -0.01832508
0.15930962 0.11124024 0.06111476 -0.01207744 0.00141163 -0.01115459
0.06110248 0.16133089 0.01778254 -0.01178726 -0.00272476 -0.00436142
0.12256254 0.13183982 0.04126438 -0.00255027 0.00353155 -0.01301246
0.04593270 0.15666790 0.00031292 -0.01270598 0.00244918 -0.00936234
0.12397060 0.11159979 0.00428510 -0.00935158 -0.00058618 -0.00570377
0.06981333 0.05015281 -0.03908467 -0.01865507 0.00201337 -0.00338364
0.09085904 0.10745828 -0.06173588 -0.01670968 -0.00019290 -0.01770784
0.15885688 0.11230599 0.06069464 -0.01455528 0.00115594 -0.00947841
0.06209531 0.16264297 0.02310475 -0.01403432 -0.00254880 -0.00399715
0.12596363 0.13762482 0.03888582 -0.00384305 0.00326273 -0.01292659
0.03712567 0.16400816 -0.00140657 -0.01056528 0.00284593 -0.01194010
0.12055201 0.11970857 0.00906588 -0.00715067 -0.00010661 -0.00822159
0.07186684 0.06425832 -0.03467570 -0.01731755 0.00224256 -0.00580606
0.09012033 0.11649181 -0.06449339 -0.01526757 0.00018509 -0.02006349
0.16223248 0.12893958 0.06441792 -0.01324400 0.00132894 -0.01157610
0.05794509 0.17672164 0.03114888 -0.01247621 -0.00202869 -0.00592959
0.12424450 0.15366615 0.03671205 -0.00189205 0.00348730 -0.01472854
0.03986040 0.16701542 0.00006959 -0.01094214 0.00244334 -0.01271536
0.12283858 0.11915203 0.00806976 -0.00724056 -0.00020353 -0.00825054
0.07693774 0.05959972 -0.03859020 -0.01690624 0.00220614 -0.00555664
0.09230186 0.10850377 -0.05974024 -0.01446429 0.00041457 -0.02053614
0.16690150 0.12992879 0.06633992 -0.01283057 0.00141049 -0.01235911
0.06520486 0.17523063 0.02336705 -0.01171712 -0.00231414 -0.00643896
0.12737735 0.14776503 0.04393890 -0.00246210 0.00365708 -0.01526909
0.04125482 0.15577644 0.00181487 -0.01237324 0.00242405 -0.00928929
0.12207536 0.11045352 0.00466549 -0.00930146 -0.00064211 -0.00584465
0.06815818 0.05117609 -0.03995900 -0.01793595 0.00213100 -0.00379040
0.08825348 0.10761705 -0.06021895 -0.01638903 0.00006927 -0.01788516
0.15989095 0.11144649 0.06000267 -0.01427341 0.00098312 -0.01024860
0.05984310 0.16360395 0.02218476 -0.01336981 -0.00262452 -0.00325673
0.10266623 0.12301555 0.02534569 -0.00658878 0.00296407 -0.00893347
0.09901282 0.06499397 -0.00732239 -0.00587115 0.00080366 -0.00038790
0.03747126 -0.03601600 -0.05470053 -0.01238119 0.00343767 0.00013527
0.06059489 0.06635661 -0.02102095 -0.01098529 -0.00001055 -0.01004456
0.08887682 0.01404872 0.03936755 -0.00620051 0.00025468 -0.00396199
0.04384466 0.06054784 -0.01337558 -0.00979517 -0.00290729 -0.00072176
0.08721933 0.03744361 0.07574121 -0.00312925 0.00377227 -0.00776717
