0.03917874 0.17634045 -0.00529762 -0.00973458 0.00322998 -0.01490683
0.12170172 0.12939079 0.01404839 -0.00566158 0.00050498 -0.01034896
0.07824494 0.07341075 -0.02747231 -0.01738302 0.00251879 -0.00754653
0.09156103 0.11894234 -0.07133434 -0.01428124 0.00023076 -0.02268326
0.16171256 0.14633408 0.07147694 -0.01274807 0.00187805 -0.01252182
0.06313920 0.18426608 0.03923366 -0.01144857 -0.00129228 -0.00906485
0.12675872 0.16773671 0.04308616 -0.00039917 0.00367273 -0.01764996
0.05553734 0.16786549 -0.00054190 -0.01281457 0.00254695 -0.01039419
0.13872640 0.12299135 0.01025149 -0.00962982 -0.00059653 -0.00710773
0.08331373 0.06436718 -0.03631630 -0.01999512 0.00167466 -0.00406897
0.10229706 0.12357695 -0.06975358 -0.01720431 -0.00063405 -0.01918159
0.16859535 0.12874728 0.06686558 -0.01558529 0.00136852 -0.00965333
0.07304920 0.17423296 0.03453554 -0.01510983 -0.00232890 -0.00542820
0.13278786 0.15506749 0.03441533 -0.00311017 0.00308648 -0.01416578
0.04730153 0.17883169 -0.00046204 -0.00945522 0.00320283 -0.01442272
0.12990240 0.13305580 0.01438688 -0.00592576 0.00023739 -0.01022548
0.08147879 0.07784355 -0.03382154 -0.01648769 0.00243392 -0.00715098
0.09583650 0.12866151 -0.07098897 -0.01406936 0.00029963 -0.02229238
0.16445555 0.14399683 0.07021531 -0.01238497 0.00193905 -0.01273444
0.06674917 0.18599147 0.03920074 -0.01164860 -0.00156610 -0.00839141
0.12929060 0.16625259 0.03677966 -0.00020466 0.00364536 -0.01653560
0.04169471 0.17737608 -0.00117485 -0.00822698 0.00317079 -0.01534614
0.12371603 0.12855178 0.01155247 -0.00438174 0.00068672 -0.01102316
0.07775121 0.07429945 -0.03407414 -0.01488283 0.00271360 -0.00852201
0.09406836 0.12143241 -0.06680945 -0.01249005 0.00076027 -0.02303246
0.16266007 0.14147181 0.06974395 -0.01091159 0.00205709 -0.01381977
0.06251586 0.18239930 0.03450531 -0.00996694 -0.00147095 -0.00949452
0.12661881 0.16226225 0.03992998 0.00031138 0.00389787 -0.01719619
0.01826311 0.19607242 0.00044008 0.00018358 0.00535771 -0.02228021
0.09905313 0.15448410 0.02599250 0.00419272 0.00312409 -0.01612114
0.06713100 0.11093299 -0.01945049 -0.00733993 0.00456487 -0.01542953
0.06822107 0.14627239 -0.07117719 -0.00570438 0.00303000 -0.02759612
0.13735972 0.16701171 0.07053796 -0.00263218 0.00346109 -0.01852401
0.03273196 0.19882055 0.05167135 -0.00328893 0.00060726 -0.01451063
0.10383318 0.19622467 0.03808167 0.00762409 0.00493817 -0.02090411
0.05429790 0.16352214 -0.00053043 -0.01268086 0.00217373 -0.00975688
0.13226254 0.11818359 0.00766587 -0.00923446 -0.00079223 -0.00609181
0.07702714 0.05469325 -0.03757250 -0.01902916 0.00175244 -0.00301706
0.09798733 0.11176971 -0.06578089 -0.01683647 -0.00056051 -0.01806996
0.16759310 0.12261232 0.06580989 -0.01504123 0.00108295 -0.00935560
0.06860797 0.17105829 0.02639223 -0.01399414 -0.00276378 -0.00472057
0.13114937 0.14618427 0.03971047 -0.00344074 0.00294615 -0.01362423
0.03402582 0.14179326 0.00358052 -0.01446102 0.00241196 -0.00481828
0.11569234 0.10126080 0.00091015 -0.01225328 -0.00097754 -0.00324867
0.06248432 0.05383734 -0.03798692 -0.02031640 0.00190812 -0.00166332
0.08157429 0.11084903 -0.06224040 -0.01909780 -0.00026872 -0.01360456
0.15473445 0.09653946 0.05345843 -0.01707960 0.00056626 -0.00711407
0.04853644 0.15926639 0.02715964 -0.01678914 -0.00294973 0.00078997
0.11562173 0.13954283 0.02599653 -0.00509153 0.00250866 -0.00797175
-0.22906741 -0.06806372 0.00813759 -0.02543816 -0.00001506 0.01872767
-0.31143587 -0.08748000 -0.02483445 -0.02995899 -0.00404085 0.01715094
-0.29967507 -0.13708707 -0.06717524 -0.02729026 -0.00258599 0.01533528
-0.33162486 -0.03492602 0.00565094 -0.02995322 -0.00189559 0.01763988
-0.23846660 -0.12652205 0.01403926 -0.02308999 -0.00126474 0.01470836
-0.25544509 -0.07626901 -0.02367218 -0.02703840 -0.00425422 0.01991179
-0.23687800 -0.10719677 0.00683778 -0.02166835 0.00276743 0.01200991
0.57138406 -0.27912537 0.03450162 0.01290460 0.02673448 0.05000867
0.45107991 -0.26482444 0.06043416 0.02301939 0.03095185 0.04435055
0.49747508 -0.20138778 0.07314801 -0.00378879 0.02594266 0.06092691
0.50908595 -0.21737970 0.11557205 0.00310659 0.03070111 0.04806526
0.50218083 -0.21161525 0.07314220 0.00873451 0.02855798 0.05431426
0.43775007 -0.18205972 0.05850012 0.01833541 0.02386365 0.03976070
0.44378802 -0.20538971 0.01486767 -0.00338119 0.02709566 0.05478247
-0.40735506 0.04508584 -0.00095738 -0.01857354 -0.02501758 0.00891770
-0.30147279 0.03092716 0.00258610 -0.01325832 -0.02308855 0.00579209
-0.32026853 0.02375501 -0.02771753 -0.01669241 -0.02655419 0.00946785
-0.35601910 0.01797690 -0.05360580 -0.03550374 -0.02611324 0.00261316
-0.29034153 -0.01191382 -0.04857957 -0.02096246 -0.02553987 -0.01068109
-0.31877026 -0.01822915 -0.04486469 -0.01592209 -0.02892545 0.00958421
-0.25593722 0.05336215 -0.04696135 -0.01485408 -0.02473341 -0.00155641
0.53092763 -0.20995772 0.03021499 -0.01882817 0.00989029 0.05446236
0.43820672 -0.16196638 0.01580975 -0.01131288 0.01111875 0.04435129
0.44943295 -0.18867612 0.00943051 -0.02564186 0.00793815 0.05362012
0.48024505 -0.14404018 0.06102364 -0.02868316 0.00777034 0.04751993
0.49328595 -0.19927926 0.02066492 -0.01953804 0.00911189 0.04922301
0.43497626 -0.10373051 0.01429148 -0.02017841 0.00281792 0.04426875
0.43476567 -0.14383810 0.03371350 -0.01742361 0.01039600 0.04367777
0.55082969 0.38011055 0.07229399 0.02542990 0.00922957 -0.06854355
0.61579302 0.36346029 0.16229697 0.03648826 0.01217268 -0.06037995
0.71378544 0.28624721 0.00739745 0.02655962 0.00958316 -0.04721305
0.74368507 0.30463126 -0.06154620 0.02642692 0.00323432 -0.05157191
0.57016347 0.45791648 0.12641501 0.03533791 0.01701552 -0.04212641
0.68982802 0.33741571 0.14560694 0.02798757 0.01464694 -0.05183321
0.55404976 0.32827657 0.04722820 0.05333706 0.01254668 -0.06016526
-0.17145658 -0.27533880 -0.04515375 -0.04119809 -0.00628028 0.05496281
-0.21604897 -0.21925095 -0.02285007 -0.05184610 -0.00711723 0.04248039
-0.19448293 -0.25158621 -0.00709202 -0.05388952 -0.00946052 0.04749001
-0.27712440 -0.21158464 0.00043177 -0.05311736 -0.00904962 0.04920613
-0.19378137 -0.23665631 -0.03998186 -0.05212300 -0.00504715 0.04617776
-0.20945661 -0.16927572 0.00527602 -0.05068536 -0.00811371 0.05105421
-0.21367365 -0.15689757 -0.01684062 -0.03559961 -0.00427557 0.03991528
1.08682707 -0.05104506 0.10968646 0.00903276 0.02823765 0.03710527
1.02890879 -0.08370267 0.05116669 0.01508788 0.03647155 0.02804357
1.09762534 -0.02386406 0.08001236 0.00526935 0.03219082 0.04016903
1.19166933 -0.08952352 0.11545663 0.00665270 0.03496316 0.02862429
1.12768963 -0.04560230 0.04725432 0.00894147 0.03320667 0.04052241
1.06901534 -0.03853422 0.04880521 0.00635623 0.02874704 0.02396576
1.00054711 -0.06450878 0.03500346 -0.00486319 0.03474308 0.03775656
1.02730624 -0.05648134 0.10966897 0.00781559 0.02766880 0.03670365
0.98334804 -0.08849829 0.05240684 0.01534463 0.03552516 0.02738182
1.04593895 -0.03178799 0.07926894 0.00477358 0.03108238 0.03958466
1.13374978 -0.09459603 0.11682057 0.00525528 0.03365319 0.02879509
1.06584348 -0.04609730 0.04103198 0.00859209 0.03209641 0.03895248
1.01781845 -0.03953211 0.05009249 0.00661415 0.02779625 0.02394393
0.94927400 -0.06679746 0.02978987 -0.00462491 0.03367083 0.03760490
0.86859666 -0.11977483 0.07587922 -0.01008441 0.02141224 0.05067160
0.83507113 -0.14359226 0.03999171 -0.00021853 0.02695596 0.03714028
0.87572902 -0.09916891 0.05990950 -0.01591352 0.02340797 0.05481973
0.94929107 -0.15484017 0.08815126 -0.01203202 0.02541059 0.04088367
0.90537265 -0.11602208 0.03644171 -0.01339744 0.02457999 0.05046517
0.83047107 -0.09083497 0.03158798 -0.00989653 0.02005511 0.03493686
0.80828443 -0.11241520 0.01949164 -0.01788484 0.02642364 0.04627497
1.09878406 -0.03079701 0.11267435 0.01128613 0.02916983 0.03342986
1.04102328 -0.06587587 0.05114824 0.01704915 0.03779946 0.02487999
1.11346029 -0.00965235 0.08022880 0.00787450 0.03345824 0.03583285
1.21023469 -0.07385106 0.11613195 0.00906660 0.03620379 0.02445513
1.14299007 -0.02647259 0.04813074 0.01191668 0.03439457 0.03677512
1.08646251 -0.02595092 0.05074320 0.00790959 0.03010703 0.02070180
1.00973248 -0.05201593 0.03790887 -0.00237495 0.03597534 0.03469828
0.82479097 -0.38329944 0.00919182 -0.00205847 0.01593392 0.08878055
0.59653699 -0.32288305 0.05923736 0.00379584 0.01900009 0.07237984
0.64755529 -0.28514322 0.04750945 -0.02079097 0.01344402 0.09713189
0.69665991 -0.26960548 0.10748174 -0.00742793 0.02044006 0.07577940
0.70364848 -0.34148403 0.07871522 -0.00452131 0.01971218 0.09038492
0.60701285 -0.25571819 0.03824990 0.00827917 0.01261219 0.07226718
0.67885980 -0.26053544 0.04194329 -0.02733077 0.01749714 0.08004159
0.86338647 -0.32870375 0.04355089 0.00434495 0.02347845 0.07052549
0.69725096 -0.30298799 0.06169146 0.01406316 0.02869326 0.05970771
0.75698040 -0.21542143 0.08003421 -0.00938947 0.02392585 0.08027105
0.81032969 -0.25477190 0.10362849 -0.00108311 0.02945115 0.06533011
0.79362527 -0.27413821 0.06862756 0.00150868 0.02731832 0.07592988
0.69563322 -0.21035461 0.04921898 0.01252928 0.02175516 0.05590948
0.73395446 -0.23727208 0.03330220 -0.01472001 0.02632988 0.06878548
0.99602714 -0.14273489 0.09333897 0.00972711 0.02861819 0.04661434
0.92081092 -0.16787335 0.04335744 0.01803837 0.03581367 0.03714238
0.98160647 -0.09317383 0.09328179 0.00239209 0.03139091 0.05161299
1.05328709 -0.15529620 0.11273043 0.00637878 0.03523172 0.04044579
1.01196572 -0.12219199 0.04851019 0.00828587 0.03260821 0.05132757
0.94215184 -0.09442916 0.04722878 0.01130134 0.02882654 0.03211575
0.90742126 -0.11984317 0.03551644 -0.00477262 0.03374366 0.04770321
0.83514474 -0.23828702 0.07317143 0.00337018 0.02477516 0.05773048
0.74569806 -0.24638098 0.04518369 0.01362142 0.02981753 0.04690173
0.79471461 -0.17143644 0.09306796 -0.00636494 0.02517760 0.06428984
0.83809964 -0.22107415 0.10987072 -0.00243830 0.02865012 0.05411615
0.81045032 -0.19411547 0.04666360 0.00066281 0.02641214 0.06131836
0.74922599 -0.15477381 0.05334299 0.00757214 0.02244709 0.04362716
0.73220484 -0.17202821 0.02200946 -0.00907960 0.02720019 0.05718796
0.51598221 -0.23590511 0.04754131 -0.01719863 0.01444736 0.05431037
0.46218731 -0.21711441 0.03367292 -0.00790901 0.01586846 0.04261894
0.48030376 -0.20104688 0.04190851 -0.02778970 0.01239603 0.05761697
0.50661854 -0.19844647 0.07684521 -0.02692791 0.01365469 0.05015489
0.49643770 -0.18870294 0.02773950 -0.02297369 0.01443893 0.05078152
0.45224089 -0.13764796 0.04735410 -0.01648773 0.00896877 0.04377296
0.43633826 -0.15675157 0.00965754 -0.01771587 0.01490372 0.04944742
0.83382092 -0.18999035 0.07817006 0.00044420 0.02458649 0.05167477
0.77433370 -0.20775676 0.03686064 0.01170661 0.02966914 0.04033967
0.82368106 -0.14504514 0.08635279 -0.00796164 0.02573562 0.05719513
0.87645620 -0.19158319 0.10424973 -0.00345220 0.02846763 0.04622539
0.84003888 -0.15246408 0.03845190 -0.00110977 0.02665125 0.05411079
0.78108899 -0.12182234 0.04733486 0.00372573 0.02279207 0.03763038
0.75574689 -0.14258424 0.02193108 -0.00893647 0.02803055 0.05167651
1.05644584 -0.05954271 0.10527328 0.01040934 0.02989492 0.03690907
1.00202993 -0.09609897 0.04426582 0.01773767 0.03801856 0.02747821
1.06713869 -0.03181364 0.08358926 0.00611990 0.03386517 0.03989097
1.15724780 -0.10031349 0.11231068 0.00850662 0.03687575 0.02859944
1.09720156 -0.05296062 0.04532861 0.01090776 0.03478344 0.04036781
1.03607737 -0.04456513 0.04693879 0.00872113 0.03086578 0.02329020
0.97205259 -0.07026846 0.03573864 -0.00274692 0.03639487 0.03840023
1.06556997 -0.09431595 0.09272421 0.00739800 0.02912870 0.04285136
0.99617593 -0.12345472 0.04106098 0.01403317 0.03719965 0.03307834
1.05692677 -0.05385173 0.08288736 0.00091017 0.03319102 0.04713344
1.14989556 -0.12011982 0.10359746 0.00554192 0.03651046 0.03386757
1.09888658 -0.08663852 0.05484241 0.00595583 0.03469122 0.04700977
1.01856157 -0.07087502 0.04022196 0.00597186 0.03020591 0.02897336
0.97316444 -0.09599025 0.03470824 -0.00805819 0.03594398 0.04258506
1.00051217 -0.12706028 0.09073041 0.00837664 0.02922916 0.04494057
0.93363382 -0.15551692 0.04367396 0.01639604 0.03658582 0.03538061
0.99030271 -0.08234419 0.08627562 0.00109920 0.03259134 0.05019035
1.06799059 -0.14456482 0.10758759 0.00609884 0.03628340 0.03783966
1.02224976 -0.11244139 0.05376322 0.00636861 0.03389085 0.04998312
0.94690777 -0.09125023 0.04322236 0.00911624 0.02998264 0.03029529
0.91035925 -0.11612109 0.02749177 -0.00647587 0.03508345 0.04621004
1.05475441 -0.09798706 0.09300701 0.01214792 0.03141183 0.03945875
0.97948521 -0.12941426 0.04072548 0.01949312 0.03993398 0.03095005
1.04310125 -0.05459082 0.09010805 0.00481146 0.03583280 0.04396483
1.13379590 -0.12351795 0.10580815 0.01038207 0.03959987 0.03096381
1.08557291 -0.08458199 0.05603445 0.01060455 0.03717231 0.04495015
1.00377798 -0.07321089 0.04108589 0.01125754 0.03314154 0.02517670
0.95909230 -0.10110292 0.03717661 -0.00367855 0.03835068 0.04124888
0.74673317 -0.17461466 0.07898740 0.00059817 0.02383504 0.04759619
0.70278123 -0.19077655 0.04523344 0.01056352 0.02855817 0.03676908
0.74275941 -0.13906586 0.08068917 -0.00789960 0.02416319 0.05226919
0.78881554 -0.18381197 0.11264283 -0.00480505 0.02679768 0.04258983
0.74895546 -0.13745738 0.03773410 -0.00156881 0.02539656 0.04910111
0.70261516 -0.11550997 0.05048590 0.00272087 0.02136381 0.03429208
0.66606537 -0.13630645 0.01305538 -0.00760214 0.02635684 0.04813945
0.64838201 -0.17916981 0.06590622 -0.00002272 0.02367836 0.04406558
0.60676552 -0.18921964 0.04382356 0.01131827 0.02785832 0.03384116
0.64595699 -0.14493004 0.06571263 -0.00856350 0.02381362 0.04792334
0.68408541 -0.17516889 0.09735547 -0.00515185 0.02680652 0.03876792
0.66212744 -0.14167255 0.03984608 -0.00336490 0.02532909 0.04500277
0.60007889 -0.11600384 0.04625989 0.00084455 0.02105915 0.03160755
0.57541482 -0.13799505 0.01131436 -0.00680603 0.02638266 0.04415108
0.97067334 -0.11697259 0.09916779 0.01151920 0.02907527 0.04127802
0.90898536 -0.14927503 0.04484963 0.01979073 0.03632294 0.03287174
0.96841238 -0.07756236 0.09257160 0.00521508 0.03159707 0.04555111
1.03860654 -0.14002734 0.11755530 0.00755266 0.03512031 0.03561680
0.99235922 -0.09751949 0.04588564 0.01090476 0.03255955 0.04545678
0.93303382 -0.07808802 0.04904196 0.01211562 0.02890601 0.02765525
0.88460527 -0.10367555 0.03206047 -0.00151620 0.03377899 0.04346511
0.88101879 -0.24259197 0.06525700 0.00819166 0.02550568 0.05970987
0.77017874 -0.25012275 0.04745042 0.01749717 0.03100587 0.04892445
0.82199924 -0.17023468 0.09333899 -0.00279063 0.02637694 0.06638785
0.87323859 -0.22028390 0.11046694 0.00226836 0.03070116 0.05489813
0.84874801 -0.20273972 0.05199012 0.00508403 0.02838393 0.06450952
0.77328548 -0.16317578 0.05016469 0.01307388 0.02405250 0.04492885
0.76902613 -0.18029016 0.02860603 -0.00743591 0.02818248 0.05880805
0.64136654 -0.23154261 0.06292860 -0.00311980 0.01929991 0.05032638
0.55458128 -0.20821173 0.03453769 0.00748697 0.02203904 0.04011576
0.59122372 -0.17586490 0.05694633 -0.01164639 0.01808869 0.05355316
0.62700197 -0.18814709 0.09224513 -0.01194340 0.01971332 0.04662419
0.61121576 -0.18633310 0.02616310 -0.00506329 0.01930473 0.04944171
0.56713361 -0.12549606 0.04174046 -0.00110643 0.01432783 0.03914934
0.54919794 -0.16259123 0.03031153 -0.00739675 0.02010820 0.04733676
0.93079276 -0.22762464 0.06496503 0.01040442 0.02804190 0.05590973
0.81703961 -0.23763001 0.05081846 0.01966553 0.03494970 0.04686381
0.87136693 -0.14755360 0.09398788 -0.00077154 0.03045104 0.06328852
0.93718864 -0.19702110 0.10531761 0.00658543 0.03540385 0.05020012
0.90621836 -0.19373324 0.06207965 0.00815801 0.03281839 0.06214645
0.81700750 -0.15801990 0.04339874 0.01546445 0.02840491 0.04119501
0.81565157 -0.17932532 0.02835973 -0.00744316 0.03235043 0.05729795
0.96473746 -0.21726904 0.06759615 0.01112863 0.02706469 0.05732604
0.84467761 -0.22987219 0.04798451 0.01925948 0.03378251 0.04724897
0.90002365 -0.14666184 0.09459728 0.00028309 0.02907106 0.06372580
0.96624367 -0.19623611 0.10756632 0.00667269 0.03412653 0.05079681
0.94126470 -0.18787887 0.05745338 0.00807049 0.03152489 0.06345506
0.85087165 -0.14961154 0.04467822 0.01558910 0.02697990 0.04175810
0.84653698 -0.17029412 0.03487429 -0.00666078 0.03110610 0.05696654
0.88213228 -0.19090889 0.06831047 0.01056177 0.02832081 0.04929801
0.78822568 -0.20988213 0.04818094 0.01981769 0.03493028 0.04116129
0.84102541 -0.13495466 0.08702233 0.00041220 0.03067834 0.05564503
0.89716986 -0.17853890 0.10774959 0.00699148 0.03515937 0.04397276
0.87321900 -0.16444365 0.05812784 0.00825359 0.03267070 0.05540577
0.78886539 -0.13370056 0.04308313 0.01355169 0.02837495 0.03490629
0.77270769 -0.15656915 0.02482715 -0.00452626 0.03246124 0.05161079
0.18736064 -0.07373728 0.03165219 -0.01538798 0.00664100 0.02403828
0.17757377 -0.06796119 0.01835305 -0.00768028 0.00561532 0.01965753
0.12657722 -0.07856061 -0.02535588 -0.02377358 0.00521881 0.02432220
0.15466397 -0.00606941 0.00223756 -0.02731421 0.00450027 0.01844258
0.17619394 -0.08391647 0.02574755 -0.01944458 0.00586176 0.01874005
0.13960792 -0.00201238 0.01990043 -0.01885468 -0.00026002 0.02242737
0.14486998 -0.02871348 0.00388449 -0.00882288 0.00659155 0.02098726
0.10538793 0.02018301 0.03564071 0.00392040 0.00969525 0.00018894
0.08723564 -0.01273474 0.00717065 0.00754716 0.00935870 0.00231478
0.03660936 -0.02889751 -0.03884701 -0.00517509 0.00900064 0.00126833
0.04914390 0.04783432 0.00619512 -0.00927996 0.00874686 -0.00464594
0.11345210 -0.03009137 0.04677888 0.00128100 0.00852888 -0.00267696
0.03987424 0.04756736 0.00759641 -0.00432301 0.00314712 0.00286813
0.07405097 0.02182982 0.02978204 0.00674631 0.00890603 0.00133455
0.06730797 0.09249378 0.02809249 -0.00597884 0.00527332 -0.00251650
0.10084479 0.05852892 0.00502480 -0.00181170 0.00297694 -0.00081192
0.03380475 0.02900353 -0.04491084 -0.01117807 0.00461731 -0.00215764
0.06043442 0.10873263 -0.04036598 -0.01502807 0.00334174 -0.00974198
0.11990314 0.03481723 0.04442009 -0.00697680 0.00350927 -0.00639018
0.03563501 0.10682642 0.01617912 -0.01056601 -0.00088157 0.00209197
0.08388638 0.08675591 0.01743230 0.00120801 0.00488172 -0.00348882
0.01050020 0.16095478 0.00774711 -0.00110570 0.00518051 -0.01640007
0.08697466 0.11006059 0.00466177 0.00194945 0.00279508 -0.01194159
0.04489321 0.06939574 -0.03521640 -0.00679133 0.00448960 -0.01254461
0.05453553 0.11938510 -0.05213174 -0.00720402 0.00379963 -0.02282685
0.13848376 0.11800330 0.05990268 -0.00286482 0.00321039 -0.01697085
0.02307670 0.16888130 0.02502811 -0.00513807 -0.00025515 -0.00892829
0.09257736 0.14866610 0.03764314 0.00482133 0.00532505 -0.01572868
0.01837689 0.22851640 0.00535877 0.01445663 0.00929582 -0.03726503
0.09609724 0.17570112 0.04650392 0.02004114 0.00783927 -0.02761214
0.08923354 0.15319307 -0.01026958 0.00412975 0.00731633 -0.02605968
0.07144880 0.17024618 -0.06435013 0.00552637 0.00704235 -0.03687436
0.15791740 0.23241431 0.09759591 0.00996520 0.00782170 -0.02815527
0.04511177 0.24072235 0.06900026 0.00833201 0.00528832 -0.02630140
0.10423076 0.23409549 0.04904966 0.02034946 0.00838671 -0.02934784
0.12894499 0.36167998 0.02270798 0.01870784 0.00808816 -0.07103823
0.22058489 0.33835564 0.12537310 0.02949463 0.00713606 -0.05766079
0.26613230 0.27919631 -0.01037390 0.01162326 0.00371925 -0.04662835
0.23012025 0.27421566 -0.09247595 0.01805664 -0.00073127 -0.05593337
0.19990394 0.42004243 0.13941270 0.01831803 0.00959976 -0.04461924
0.20237152 0.36067750 0.14586361 0.01797445 0.00812286 -0.05083401
0.20248076 0.34695171 0.06602994 0.04086944 0.00593897 -0.05784872
-0.01924610 0.25112523 -0.00391865 0.00403921 0.00851493 -0.03738934
0.08053204 0.23472883 0.06397241 0.00854956 0.00561178 -0.02925463
0.08901287 0.22332639 0.00030831 -0.00974136 0.00588040 -0.02542498
0.05451228 0.21717381 -0.09360627 -0.00292990 0.00451315 -0.03825440
0.11515267 0.26023796 0.06931128 -0.00140840 0.00632876 -0.02687237
0.02261643 0.26426865 0.11213491 -0.00265012 0.00475534 -0.02712720
0.09428454 0.28563358 0.01525464 0.01508313 0.00560617 -0.03035545
-0.15098043 0.10945784 -0.02485235 -0.00716055 0.00745241 -0.00690413
-0.06283469 0.11519854 0.05517747 -0.00950358 0.00696768 -0.00765743
-0.04262115 0.13891364 0.01557246 -0.02259651 0.00651452 -0.00736632
-0.12115705 0.16525682 -0.07079662 -0.02149584 0.00542668 -0.01670185
-0.05371039 0.14971888 -0.00303605 -0.01591504 0.00662445 -0.00953852
-0.14404114 0.15053188 0.08227261 -0.01975313 0.00397715 -0.00332970
-0.08199569 0.19608337 -0.02164165 0.00086595 0.00513911 -0.00904811
-0.03745524 -0.03564408 -0.03316959 -0.00733265 0.00065988 0.00106177
-0.13370000 -0.04299346 -0.02071887 -0.01203557 -0.00411690 0.00673602
-0.05888659 -0.08047214 -0.04125972 0.00112029 -0.00101702 -0.00159397
-0.13398875 -0.01905675 -0.00769017 -0.00247561 -0.00149411 0.00717536
-0.04321390 -0.08253094 -0.02535636 0.00496063 -0.00086425 0.00548390
-0.08149876 -0.04733637 -0.03361497 0.00042092 -0.00175749 0.00355702
-0.04935862 -0.07843626 -0.05190263 -0.00171233 0.00319493 -0.00287463
0.02055887 0.18095221 0.00521624 0.00051220 0.00511621 -0.02033576
0.09891890 0.13268292 0.01723328 0.00433970 0.00278992 -0.01451684
0.05963666 0.09011116 -0.02786073 -0.00659661 0.00427930 -0.01421032
0.06531742 0.13230351 -0.06311898 -0.00581988 0.00312281 -0.02615473
0.14384805 0.14939351 0.06934830 -0.00186966 0.00305102 -0.01841704
0.03720594 0.18724294 0.03918744 -0.00326300 -0.00009071 -0.01224355
0.10434691 0.17178755 0.03950906 0.00715122 0.00507216 -0.01936305
0.01716350 0.17178800 0.00041175 -0.00418990 0.00417924 -0.01741009
0.10407500 0.12618238 0.01341247 -0.00111879 0.00172313 -0.01248764
0.05934944 0.07765587 -0.03132209 -0.01079388 0.00359565 -0.01192135
0.07006255 0.12411720 -0.06382708 -0.00962725 0.00227726 -0.02413815
0.14469926 0.13474280 0.06370949 -0.00676446 0.00249310 -0.01654072
0.03715791 0.17940175 0.03179427 -0.00715710 -0.00088600 -0.01001229
0.10651748 0.16075086 0.03728201 0.00293436 0.00446525 -0.01704867
0.03265766 0.18697701 0.00250545 -0.00173486 0.00446619 -0.02071643
0.11208322 0.13905579 0.01846358 0.00228312 0.00210408 -0.01483489
0.06363823 0.08433837 -0.03088969 -0.00805889 0.00382036 -0.01402378
0.07900163 0.13143015 -0.06898722 -0.00665575 0.00265268 -0.02687682
0.15216931 0.15070649 0.07239628 -0.00391177 0.00306681 -0.01838424
0.04864835 0.18688643 0.03509771 -0.00410804 -0.00046852 -0.01311864
0.11299402 0.16694445 0.04358467 0.00562438 0.00482703 -0.02013178
0.03364000 0.16485397 0.01000976 -0.00201289 0.00486525 -0.01517183
0.10546522 0.11448544 0.00777584 0.00150009 0.00253044 -0.01046217
0.05659489 0.06950994 -0.03678709 -0.00799903 0.00419268 -0.00953514
0.07036789 0.12255261 -0.05619718 -0.00815015 0.00338110 -0.02123434
0.15314087 0.12342386 0.06404826 -0.00388313 0.00326241 -0.01541734
0.04250887 0.17252073 0.02361481 -0.00565583 -0.00044352 -0.00826749
0.10737147 0.14895857 0.03841482 0.00425962 0.00541742 -0.01558637
0.04224745 0.14435008 0.00845915 -0.01011169 0.00252167 -0.00898325
0.11568161 0.09921607 -0.00095928 -0.00674221 -0.00025505 -0.00529929
0.05630032 0.03955812 -0.04515857 -0.01456518 0.00234293 -0.00408812
0.08051085 0.10169363 -0.05188530 -0.01379203 0.00072401 -0.01675502
0.15549455 0.09412954 0.05365186 -0.01087991 0.00118547 -0.01071883
0.05277152 0.15099768 0.01095984 -0.01144798 -0.00284485 -0.00254904
0.11680185 0.11945431 0.03913430 -0.00236406 0.00366974 -0.01111897
0.01685808 0.16869042 0.00051655 -0.00382508 0.00466668 -0.01642612
0.09849239 0.12326581 0.01144846 -0.00054505 0.00230497 -0.01232364
0.05581380 0.07937095 -0.02624800 -0.01112180 0.00391432 -0.01169692
0.06581938 0.12498671 -0.06768675 -0.01035731 0.00253355 -0.02333631
0.13871983 0.13110099 0.06239987 -0.00691803 0.00292115 -0.01536754
0.03295296 0.17752871 0.03805970 -0.00787124 -0.00042204 -0.01003127
0.10338686 0.16271897 0.03678368 0.00369564 0.00449491 -0.01669636
-0.00133204 0.08189896 -0.02750636 -0.01626995 0.00207151 0.00323500
0.07376906 0.07122402 0.01303608 -0.01412993 -0.00011908 0.00393352
0.04791101 0.01153915 -0.02147892 -0.02287782 0.00136752 0.00391066
0.02720391 0.06745045 -0.05063494 -0.02361120 -0.00105712 -0.00564340
0.09776160 0.04515885 0.02644650 -0.01921517 0.00029255 0.00092447
-0.00626374 0.11036096 0.01739943 -0.01992887 -0.00292351 0.00695116
0.07067190 0.11689196 0.03210767 -0.00880619 0.00205862 -0.00249375
0.00222763 0.19418318 -0.00346529 0.00243994 0.00635851 -0.02237573
0.09043775 0.15302436 0.03041012 0.00561115 0.00391955 -0.01629118
0.06606364 0.11659867 -0.01517699 -0.00666739 0.00500173 -0.01612833
0.05305664 0.15410192 -0.07025173 -0.00600365 0.00372638 -0.02709895
0.13026238 0.17504344 0.07111035 -0.00148593 0.00427510 -0.01868928
0.02018358 0.20217091 0.05466760 -0.00346689 0.00154324 -0.01476770
0.09556040 0.20458587 0.03463244 0.00893821 0.00551604 -0.02045991
0.03183016 0.17773205 0.00319317 -0.00348488 0.00398760 -0.01793682
0.11246624 0.12766274 0.01451423 0.00060509 0.00168355 -0.01241824
0.06474926 0.07638724 -0.03342678 -0.00949857 0.00345759 -0.01129785
0.08128739 0.12527317 -0.06368210 -0.00850983 0.00224474 -0.02420537
0.10382813 0.13900717 0.03999310 0.00011161 0.00488842 -0.01643809
0.06474616 0.13649309 0.02013157 0.00040053 0.00211826 -0.00997988
0.07409157 0.08613429 0.00271278 0.00145470 0.00542194 -0.01535994
0.04012674 0.09652348 -0.02901374 -0.00215361 0.00429334 -0.01916260
0.07531450 0.05195581 0.03910439 0.00557668 0.00352258 -0.01376028
0.01124886 0.08882034 0.00202361 -0.00093322 0.00100105 -0.01084691
0.06178340 0.08390491 0.07176568 0.00917757 0.00612143 -0.01522052
