-0.03737279 0.06669011 -0.04028359 -0.02035095 0.00156442 0.00808809
0.05640039 0.05748567 0.01543413 -0.01804588 -0.00041797 0.00873986
0.03459615 0.00259379 -0.01303937 -0.02631138 0.00117449 0.00785657
0.00429569 0.06271072 -0.04789126 -0.02794919 -0.00200869 0.00022243
0.07351265 0.03993773 0.01047994 -0.02270743 0.00001934 0.00459612
-0.03306113 0.10101952 0.01883517 -0.02377598 -0.00302785 0.01042193
0.04778576 0.12347353 0.02444098 -0.01248054 0.00183848 0.00108767
0.00614946 0.11378648 -0.02238692 -0.01361892 0.00238321 -0.00255808
0.09193506 0.09262133 0.01170890 -0.01128425 0.00013756 -0.00123248
0.05985966 0.03107863 -0.02193262 -0.02099954 0.00189644 -0.00032671
0.04754310 0.08878347 -0.06083124 -0.02054068 -0.00060832 -0.01093790
0.11645252 0.07627223 0.03995847 -0.01706927 0.00089294 -0.00331260
0.01294303 0.13539964 0.02636259 -0.01707412 -0.00230311 0.00193459
0.08666182 0.13588612 0.03302620 -0.00574423 0.00253840 -0.00695047
-0.01181521 0.18189698 -0.00340686 0.00097261 0.00618540 -0.02357301
0.07975381 0.13760816 0.01840618 0.00428282 0.00404590 -0.01806010
0.04782165 0.09734437 -0.02314670 -0.00672263 0.00548458 -0.01766619
0.04536997 0.13491184 -0.06823902 -0.00586665 0.00435784 -0.02876908
0.12544246 0.14626950 0.06476401 -0.00207916 0.00435853 -0.02090183
0.01326084 0.18505592 0.04042353 -0.00320999 0.00128873 -0.01483527
0.08741759 0.17351799 0.03629765 0.00750554 0.00593213 -0.02022481
0.00754379 0.20425491 0.00357778 0.00860382 0.00756959 -0.03028599
0.08591337 0.15215997 0.02830680 0.01251162 0.00576894 -0.02200172
0.05923086 0.11697834 -0.02277153 -0.00007940 0.00637257 -0.02212752
0.05408167 0.15351710 -0.06593478 0.00043068 0.00596016 -0.03234108
0.13839358 0.17604053 0.07990586 0.00514661 0.00586290 -0.02464577
0.02216734 0.20700669 0.04672037 0.00246387 0.00276390 -0.02084895
0.09254807 0.19708846 0.04332890 0.01455120 0.00692429 -0.02459424
0.02792422 0.10358064 -0.02058539 -0.01592338 0.00114271 0.00200220
0.09815952 0.08427347 0.00872692 -0.01357898 -0.00155161 0.00302834
0.06453842 0.02570972 -0.02772872 -0.02282811 0.00057493 0.00456841
0.05791208 0.07812073 -0.05399781 -0.02197194 -0.00210248 -0.00735012
0.12513094 0.06367828 0.03055925 -0.01839204 -0.00016598 0.00054234
0.02319026 0.13068548 0.01560020 -0.01921456 -0.00349036 0.00557010
0.09836480 0.12485106 0.03955584 -0.00805026 0.00190621 -0.00506127
0.01055216 0.18116534 0.00066394 -0.00212202 0.00540409 -0.01886612
0.09860401 0.13301343 0.01356896 0.00129537 0.00302692 -0.01435629
0.06163429 0.09233837 -0.02644060 -0.00952336 0.00456614 -0.01342021
0.06644404 0.13445177 -0.06624287 -0.00837476 0.00354202 -0.02559595
0.14671527 0.14525894 0.07022644 -0.00507217 0.00361970 -0.01750293
0.03614491 0.18946078 0.03886059 -0.00623974 0.00050171 -0.01171321
0.10654043 0.17324049 0.03669022 0.00490060 0.00537232 -0.01800868
0.00501730 0.12472925 -0.01716005 -0.01198909 0.00250661 -0.00580141
0.08612536 0.09416031 0.01042421 -0.00823740 0.00037284 -0.00256519
0.05165977 0.04000576 -0.02088064 -0.01777448 0.00221405 -0.00163000
0.04560344 0.09549838 -0.05952225 -0.01801274 -0.00010013 -0.01280385
0.11622026 0.08867881 0.04307522 -0.01388093 0.00076093 -0.00598491
0.01425047 0.14194463 0.02964815 -0.01397434 -0.00229729 -0.00025790
0.08794004 0.13950066 0.03773516 -0.00407426 0.00289953 -0.00915771
-0.02151554 0.10906208 -0.01470509 -0.00642622 0.00497326 -0.00447984
0.05901093 0.07601259 0.00810234 -0.00393374 0.00316702 -0.00168074
0.02582159 0.03502812 -0.02129666 -0.01314697 0.00458200 -0.00328793
0.00985137 0.09208020 -0.04667185 -0.01547094 0.00264704 -0.01070215
0.08812228 0.06326306 0.03596228 -0.00854308 0.00272944 -0.00630514
-0.02003619 0.12369701 0.02011318 -0.01146583 -0.00023294 0.00068125
0.05107801 0.12712839 0.03267454 -0.00076505 0.00467820 -0.00607355
0.02278346 0.12750082 -0.00778842 -0.00631250 0.00390224 -0.00674268
0.08782862 0.08570820 0.00385642 -0.00286533 0.00186142 -0.00291933
0.04874733 0.03209742 -0.02980500 -0.01207649 0.00362511 -0.00288556
0.04717643 0.09679213 -0.04709133 -0.01371598 0.00131618 -0.01238726
0.11806987 0.07995813 0.04688158 -0.00760281 0.00199711 -0.00699847
0.01804928 0.13112268 0.01656752 -0.01011570 -0.00126895 -0.00194398
0.08420550 0.12650744 0.04135017 -0.00032487 0.00413158 -0.00978763
-0.00237048 0.16906384 0.00479082 0.00375284 0.00627126 -0.02209399
0.07281568 0.11812950 0.01023398 0.00729719 0.00438431 -0.01547442
0.03420405 0.07741627 -0.03028151 -0.00281763 0.00573532 -0.01689542
0.04014385 0.12315223 -0.05340849 -0.00341920 0.00500831 -0.02681333
0.12427286 0.12534166 0.06179098 0.00229951 0.00437777 -0.02050694
0.00902497 0.16830897 0.02701472 -0.00067797 0.00109822 -0.01350266
0.08125666 0.15307141 0.03936059 0.00917588 0.00641824 -0.01898067
0.07342462 0.20648841 0.03901065 0.01604813 0.01208781 -0.03163186
0.10258796 0.15281551 0.04039710 0.02029032 0.01076981 -0.02335727
0.07585261 0.11426444 -0.02809796 0.00887471 0.01085282 -0.02688732
0.08903298 0.15907170 -0.04665008 0.00784036 0.00993018 -0.03456827
0.11508533 0.15766984 0.07024077 0.01512928 0.00901982 -0.02514138
0.05459687 0.17432928 0.04619550 0.00871861 0.00683945 -0.02297867
0.09293859 0.16341984 0.05390855 0.02098518 0.00941633 -0.02517604
0.42792782 -0.21939838 0.01153269 -0.02734903 0.00444917 0.05862365
0.35024971 -0.18675094 0.01849140 -0.02048402 0.00482153 0.04771122
0.32653786 -0.19902233 -0.01095986 -0.03870489 0.00248146 0.06167931
0.35339784 -0.13603066 0.03267611 -0.03835131 0.00255598 0.05116037
0.37025515 -0.21277618 0.02936512 -0.03236974 0.00496017 0.05387621
0.32151479 -0.11176891 0.01996480 -0.02818744 -0.00242341 0.05022105
0.33836387 -0.13265467 0.01576139 -0.02540039 0.00510045 0.04791936
0.53614080 -0.22552503 0.04696509 0.01790630 0.00657057 0.06522272
0.33470750 -0.21085180 0.04097372 0.00438958 0.00435694 0.05210784
0.40405076 -0.16876455 -0.01080068 -0.00296483 0.00213433 0.06592049
0.39792191 -0.13858114 0.11405028 0.01480167 0.00382986 0.05096893
0.41811988 -0.27563596 0.09815017 0.01577639 0.00802668 0.07015386
0.41150611 -0.18976821 0.07809430 0.02140553 0.00580682 0.05281538
0.44953361 -0.18913724 0.09332107 -0.00866615 0.00603810 0.04974538
0.53592294 -0.41645728 -0.03214622 -0.01669559 0.00786978 0.09708586
0.28637847 -0.34949213 0.05527666 -0.00828799 0.00637523 0.08310419
0.31298250 -0.34977652 0.00457006 -0.03709672 0.00270949 0.10999883
0.32995753 -0.27757291 0.10608202 -0.01993096 0.00816484 0.08450492
0.35872292 -0.40719084 0.08923030 -0.01524396 0.01043516 0.09469305
0.31018239 -0.30006830 0.04370132 -0.00049361 0.00261001 0.08161613
0.43009289 -0.28303746 0.05125059 -0.04048504 0.00681387 0.08637992
0.00145380 0.08377338 -0.01190477 -0.01452963 0.00206865 0.00284916
0.07228566 0.05546588 -0.00080876 -0.01150240 -0.00009394 0.00472690
0.02804123 0.00377595 -0.03084875 -0.01857429 0.00203501 0.00364679
0.02636829 0.06944370 -0.03996097 -0.02118252 -0.00052121 -0.00425681
0.09700158 0.03472375 0.02511669 -0.01527090 0.00018297 -0.00076376
-0.00473429 0.10392043 0.01249063 -0.01684616 -0.00331868 0.00707944
0.06661946 0.09933294 0.03230410 -0.00688980 0.00243896 -0.00170174
0.02059005 0.19140130 -0.00315561 -0.00131561 0.00446571 -0.02087373
0.10792974 0.14523042 0.02443236 0.00310182 0.00198697 -0.01454294
0.07163695 0.09899515 -0.02104526 -0.00837363 0.00344737 -0.01330649
0.07382239 0.13971968 -0.07145064 -0.00693307 0.00212145 -0.02618493
0.15146523 0.17088687 0.07262452 -0.00396804 0.00274361 -0.01780706
0.04266948 0.20065080 0.04445078 -0.00429006 -0.00028558 -0.01307750
0.11143640 0.19195426 0.04070383 0.00656741 0.00464978 -0.02075174
-0.39562918 -0.12204412 -0.09805197 -0.00374474 0.01438898 -0.00439256
-0.28093403 -0.02452512 0.07348122 -0.01019423 0.01353559 -0.00120591
-0.20356938 -0.06834254 0.07431930 -0.01343596 0.01117757 -0.01083455
-0.38089145 -0.04107962 -0.00860872 -0.01620629 0.00918174 -0.00188494
-0.32076128 -0.06291267 -0.09683188 -0.00855241 0.01042606 -0.00764453
-0.40493738 -0.05288488 -0.02348013 -0.01417590 0.00926165 0.00764722
-0.29687149 0.05400550 0.01368085 -0.00283146 0.00922494 0.00005649
-0.37005201 -0.04138602 -0.06338927 0.00636755 0.01746784 -0.01314090
-0.29521093 0.01496685 0.06122085 -0.00382284 0.01581357 -0.01268004
-0.22678990 0.00235309 0.06053254 -0.01164582 0.01312824 -0.02276877
-0.38229216 0.01793339 -0.01545522 -0.01128374 0.01331448 -0.01411999
-0.29902063 -0.00054232 -0.03730648 -0.00142297 0.01399290 -0.01456798
-0.38204361 0.01636083 0.01604515 -0.01187098 0.01334974 -0.00444200
-0.30901132 0.07681356 0.01596029 0.00650566 0.01138758 -0.00967507
-0.71598783 0.04201090 -0.04022189 -0.00632400 -0.02631307 -0.02063556
-0.58968335 0.03491256 -0.01767587 -0.01494658 -0.02323322 -0.02525406
-0.62365599 0.07442000 -0.01712252 -0.01860804 -0.02987612 -0.02440542
-0.68868250 0.06188254 -0.10063672 -0.03244515 -0.02551634 -0.03106039
-0.63689485 0.05276463 -0.05897536 -0.01944824 -0.03115912 -0.03120173
-0.67544684 0.04442684 -0.00139629 -0.02014764 -0.03065693 -0.02010622
-0.66403970 0.10087612 -0.13251277 -0.00295317 -0.03167129 -0.02611105
-1.15343459 0.02477789 -0.03187682 0.01078676 -0.02832094 -0.03907665
-1.02561340 0.00964195 -0.03372806 -0.00022538 -0.02514338 -0.04268330
-1.05455026 0.03813589 -0.04401849 -0.00836596 -0.03371007 -0.04264846
-1.12487100 -0.00557004 -0.06863520 -0.01587978 -0.02365251 -0.05016522
-1.07433781 0.04243467 -0.04060009 -0.00387975 -0.03053709 -0.04793395
-1.07156411 0.00603297 -0.02603698 -0.01246900 -0.02905078 -0.03763940
-1.10490620 0.06457734 -0.12737302 0.00378782 -0.03161945 -0.03915102
-1.16067462 -0.00145528 -0.04871368 0.00143189 -0.03701786 -0.02885754
-1.02964096 -0.01191572 -0.05294877 -0.01243983 -0.03435581 -0.03437765
-1.07851967 0.01749855 -0.07593584 -0.01802411 -0.04266163 -0.03013299
-1.13261744 -0.01975655 -0.08710791 -0.02949139 -0.03277219 -0.03961482
-1.09039061 0.00626833 -0.05715400 -0.01702204 -0.03909346 -0.03877740
-1.06752083 -0.00702302 -0.04508853 -0.02195552 -0.03721955 -0.02838114
-1.10283233 0.04481178 -0.13636975 -0.00705009 -0.03928613 -0.03343643
-1.14988543 0.02167925 -0.03471580 0.00331834 -0.03330233 -0.03352267
-1.03068963 -0.00104635 -0.04803477 -0.00930539 -0.02972471 -0.03853846
-1.07051253 0.01779262 -0.06447628 -0.01676725 -0.03841626 -0.03666839
-1.12903789 -0.01241633 -0.07322581 -0.02394381 -0.02786880 -0.04439067
-1.08384520 0.01905452 -0.03855968 -0.01271955 -0.03456662 -0.04321176
-1.07607283 -0.00558423 -0.03385491 -0.02091183 -0.03181817 -0.03285193
-1.10510983 0.04806295 -0.12599478 -0.00505613 -0.03628439 -0.03739878
-0.53883836 -0.03932115 -0.01294200 -0.01781363 -0.00568832 0.01009106
-0.45428574 -0.02142060 -0.00670843 -0.02881431 -0.00524434 -0.00003537
-0.47519360 -0.00504449 -0.00193927 -0.03910336 -0.00831957 0.00558352
-0.52315522 0.00583283 -0.05017783 -0.04219616 -0.00582767 0.00170442
-0.44779129 0.01090887 -0.01578229 -0.03712748 -0.00590050 0.00239970
-0.48114125 0.01481317 0.05961237 -0.03524350 -0.00795545 0.01322695
-0.47084719 0.06914229 -0.02404870 -0.01535216 -0.00739573 0.00440521
-1.26634717 -0.00546219 -0.02628576 -0.00728372 -0.05204805 -0.02193633
-1.10871345 -0.03462267 -0.07249207 -0.00776050 -0.04560484 -0.03276443
-1.15333661 -0.02634101 -0.08091280 -0.02560019 -0.05593279 -0.02972515
-1.21223591 -0.08863186 -0.07365296 -0.03101821 -0.04320412 -0.03700601
-1.15243286 -0.03710720 -0.04236687 -0.02226641 -0.05154311 -0.03985981
-1.14299633 -0.05778071 -0.08139293 -0.02665811 -0.04840449 -0.03058606
-1.17814504 0.05081329 -0.15281895 -0.01087264 -0.05225700 -0.03044411
-1.26818687 -0.04899357 -0.02308543 -0.00857108 -0.04575752 -0.01484306
-1.11254789 -0.07161642 -0.07124534 -0.01401948 -0.04090825 -0.02611092
-1.16081066 -0.06755682 -0.06644785 -0.02679200 -0.04979514 -0.02321578
-1.20501526 -0.12491253 -0.05632687 -0.03340662 -0.03820658 -0.02751536
-1.15385786 -0.06155238 -0.03247789 -0.02508045 -0.04503459 -0.03146152
-1.12605624 -0.09023695 -0.06790902 -0.02944281 -0.04205564 -0.01831663
-1.16687916 0.02648962 -0.11446305 -0.01420777 -0.04606838 -0.02152838
-0.56103520 -0.14523758 0.00695920 -0.02218881 0.00317692 0.02694997
-0.48863009 -0.13041496 -0.02189841 -0.03077894 0.00250472 0.01188574
-0.53603027 -0.12436726 0.01609594 -0.04456377 0.00082388 0.01818465
-0.55770610 -0.08870066 -0.01286471 -0.04641606 0.00269320 0.02177805
-0.46688002 -0.08610918 -0.00535889 -0.04063995 0.00471499 0.01277223
-0.47872674 -0.06951750 0.04461910 -0.03743840 0.00189590 0.03629714
-0.48696548 -0.03012237 0.02478334 -0.02157286 0.00179069 0.02348955
-1.25410169 -0.02885520 -0.02432961 -0.00678155 -0.04068635 -0.01735418
-1.11374803 -0.05122168 -0.06812285 -0.01206797 -0.03593918 -0.02791423
-1.15498573 -0.04675145 -0.06985003 -0.02874962 -0.04492415 -0.02426172
-1.20859049 -0.09907265 -0.05539864 -0.03051897 -0.03263308 -0.03069701
-1.14926793 -0.04236097 -0.02481576 -0.02374236 -0.03931036 -0.03227222
-1.13032751 -0.06926566 -0.05796434 -0.02951973 -0.03644374 -0.02227084
-1.17016278 0.03639421 -0.11647439 -0.01186021 -0.04102790 -0.02297615
-1.26901656 -0.00420238 -0.01550027 -0.00445914 -0.04013036 -0.02358058
-1.12168796 -0.03618611 -0.06318612 -0.00413828 -0.03558398 -0.03390420
-1.16631567 -0.03608955 -0.06424944 -0.02353528 -0.04375729 -0.03048289
-1.20957352 -0.09302010 -0.04808696 -0.02288876 -0.03044518 -0.03603406
-1.14861779 -0.03059935 -0.01838456 -0.01720153 -0.03804017 -0.03866395
-1.12957396 -0.06869374 -0.06633371 -0.02317307 -0.03417147 -0.02685017
-1.16715886 0.04087827 -0.10763979 -0.00860748 -0.04023724 -0.02893286
-1.27094239 0.03318321 0.00253398 0.00624849 -0.04073377 -0.04322172
-1.09834880 -0.00271592 -0.05414447 0.02317757 -0.03570575 -0.04892825
-1.14325821 0.01047063 -0.04043190 0.00221144 -0.04369153 -0.04957238
-1.16300292 -0.08463797 -0.03271110 0.00103598 -0.02892211 -0.05101038
-1.10704817 -0.00998279 -0.03714388 0.01030274 -0.03728399 -0.06066067
-1.07795484 -0.07485744 -0.10672465 0.00358866 -0.03215381 -0.04400422
-1.10132039 0.05280395 -0.12471529 0.00537275 -0.03950717 -0.04331951
-1.30100578 -0.07162647 -0.03266820 -0.03010016 -0.05889371 0.00178501
-1.13903508 -0.08736379 -0.07514133 -0.03531456 -0.05339106 -0.01284960
-1.18950792 -0.08533582 -0.08307456 -0.04500515 -0.06392698 -0.00636367
-1.23200744 -0.15001950 -0.06717484 -0.05100006 -0.05235687 -0.01486307
-1.19205996 -0.08404610 -0.04362778 -0.04476961 -0.05933116 -0.01672105
-1.16317131 -0.10254302 -0.06852179 -0.04853226 -0.05582554 -0.00850637
-1.21249668 0.01421601 -0.13908660 -0.03320968 -0.05868771 -0.01132977
-1.39709234 -0.04005053 -0.02620358 -0.02851666 -0.07209843 -0.00799649
-1.20001748 -0.07166616 -0.08719124 -0.02720214 -0.06553302 -0.02200281
-1.25885203 -0.07274638 -0.09267877 -0.03785284 -0.07668767 -0.01685075
-1.28762841 -0.14895589 -0.08564231 -0.04459735 -0.06385761 -0.02495335
-1.25894144 -0.07238847 -0.05365934 -0.03903999 -0.07335943 -0.02942935
-1.22069322 -0.10023944 -0.10469949 -0.04177003 -0.06774165 -0.01715431
-1.26982883 0.03178632 -0.16494313 -0.03222575 -0.07115555 -0.02280065
-1.37833983 -0.02662560 -0.01210553 -0.03773145 -0.08076630 -0.00200629
-1.17087178 -0.07517504 -0.07953719 -0.02801021 -0.07299348 -0.01766744
-1.22468345 -0.06128473 -0.08033011 -0.03762484 -0.08590777 -0.01166885
-1.25524640 -0.16864039 -0.08058229 -0.04833742 -0.07356203 -0.02212695
-1.21536344 -0.07272646 -0.06450688 -0.04061155 -0.08351992 -0.02752730
-1.18737176 -0.11496385 -0.12028702 -0.04210023 -0.07985284 -0.01433339
-1.23632170 0.03609116 -0.18591331 -0.03753510 -0.08035473 -0.01976698
-1.23530291 -0.05603073 -0.02967791 -0.02500995 -0.04644317 -0.00218486
-1.09920576 -0.06448473 -0.06106077 -0.03174966 -0.04144429 -0.01536977
-1.14554606 -0.05682048 -0.07495836 -0.04446575 -0.05178023 -0.00895490
-1.19373687 -0.11200135 -0.06405855 -0.04616412 -0.04056869 -0.01828126
-1.14836708 -0.05370537 -0.03687402 -0.04090871 -0.04656195 -0.01754999
-1.13138780 -0.07867707 -0.04563829 -0.04645668 -0.04425065 -0.01247065
-1.17827334 0.01852151 -0.13122028 -0.02792140 -0.04674034 -0.01224040
-1.30253941 0.00081636 -0.02913234 -0.01830695 -0.06564462 -0.02585264
-1.11163422 -0.03783987 -0.07768230 -0.00995281 -0.06172812 -0.03408712
-1.18079454 -0.03238626 -0.08485083 -0.01917514 -0.07001089 -0.02929948
-1.18890084 -0.10752228 -0.08393055 -0.02550873 -0.05663535 -0.03469901
-1.16408922 -0.04173938 -0.06358110 -0.01839247 -0.06637356 -0.04372162
-1.11578591 -0.07553981 -0.12300454 -0.02066829 -0.05839625 -0.02844737
-1.13765895 0.03650566 -0.14583742 -0.02021803 -0.06580201 -0.03706128
-1.13095589 -0.01820619 0.00678112 -0.00640063 -0.03800507 -0.02048707
-0.98192960 -0.05425118 -0.04364616 0.00872856 -0.03189259 -0.02720849
-1.01544231 -0.03688271 -0.02012744 -0.00916466 -0.03994701 -0.02596131
-1.04844071 -0.13086562 -0.00684594 -0.01428352 -0.02888463 -0.02747345
-0.96199229 -0.06297496 -0.03920286 -0.00475468 -0.03414666 -0.04039153
-0.95324270 -0.11980680 -0.09233356 -0.00733484 -0.03273624 -0.02105028
-0.97000055 0.02388545 -0.09653653 -0.00176289 -0.03742450 -0.02339045
-0.27611213 -0.17043680 -0.02243822 -0.04365404 -0.00080922 0.04682021
-0.20467691 -0.13947779 -0.01232119 -0.05119306 -0.00221611 0.02746899
-0.26748324 -0.15900837 0.02395906 -0.06273857 -0.00186786 0.03544513
-0.27252806 -0.10144276 -0.00813434 -0.06116644 -0.00433019 0.04039639
-0.19767497 -0.12671452 -0.02101079 -0.06015966 -0.00059602 0.03155857
-0.23704216 -0.06651849 0.05751329 -0.05470939 -0.00275683 0.05132585
-0.21193897 -0.03950453 0.03373963 -0.03591410 -0.00169546 0.03673025
-1.18876003 0.06062562 -0.00924935 -0.01413248 -0.04810250 -0.03552335
-1.05408728 0.02774972 -0.06717511 -0.00468283 -0.04374755 -0.04152304
-1.09629668 0.02630832 -0.07503624 -0.02263599 -0.05273400 -0.03624577
-1.12846069 -0.03743404 -0.06949420 -0.01724024 -0.03867930 -0.04632384
-1.09225020 0.00847844 -0.04013429 -0.01166825 -0.04760745 -0.04941215
-1.05525322 -0.02718416 -0.09214609 -0.01984847 -0.04120467 -0.04144256
-1.08371712 0.05174269 -0.14134668 -0.01320312 -0.04842337 -0.04244094
-1.37917280 0.01794440 -0.01854173 -0.03191364 -0.07633721 -0.02058154
-1.16433740 -0.03225717 -0.08297256 -0.01436403 -0.07165982 -0.03153265
-1.22783229 -0.02472121 -0.08558250 -0.02606998 -0.08117986 -0.02599025
-1.22971572 -0.12864199 -0.07814853 -0.02746443 -0.06601181 -0.03288207
-1.21033072 -0.04215731 -0.06645022 -0.02133890 -0.07703501 -0.04206887
-1.15206316 -0.08795119 -0.14219481 -0.02568177 -0.06750111 -0.02829010
-1.17341228 0.05128585 -0.16763354 -0.03076173 -0.07467873 -0.03358836
-1.24413542 -0.06080836 -0.02400067 -0.02915837 -0.06128301 -0.00422306
-1.08271599 -0.07848274 -0.07860819 -0.03457694 -0.05592110 -0.01635565
-1.13963425 -0.08111609 -0.07558932 -0.03946440 -0.06660845 -0.01082020
-1.17361888 -0.13830346 -0.07237760 -0.04766830 -0.05604292 -0.01866723
-1.14588127 -0.07681441 -0.04904324 -0.04113946 -0.06294780 -0.02219537
-1.10768877 -0.10191915 -0.07362468 -0.04481895 -0.05913132 -0.00964994
-1.15486883 0.01414299 -0.13667835 -0.03104150 -0.06224896 -0.01610447
-1.34047538 -0.03185365 -0.03381851 -0.02271080 -0.06660132 -0.01637910
-1.15218341 -0.06610600 -0.08233744 -0.01951250 -0.06208643 -0.02639667
-1.21522643 -0.06002754 -0.08702172 -0.02746649 -0.07129163 -0.02117650
-1.23541780 -0.13060604 -0.07348549 -0.03477774 -0.05849174 -0.02691112
-1.20658740 -0.05971180 -0.06116583 -0.02694008 -0.06738782 -0.03444346
-1.15981512 -0.08840651 -0.11561338 -0.03055869 -0.06051845 -0.01942683
-1.19048081 0.02985511 -0.14480162 -0.02615536 -0.06616624 -0.02776916
-0.52884325 0.00924381 0.01724102 0.00017204 -0.00098349 -0.00694642
-0.42910494 0.00633997 0.01790605 0.00870886 0.00082458 -0.00618813
-0.45811016 0.00026268 0.00662973 -0.00610609 -0.00061156 -0.00765047
-0.46717759 -0.01067827 -0.02242307 -0.00944063 0.00094004 -0.00877668
-0.37089244 -0.01355246 -0.01146205 0.00284921 0.00267718 -0.02261495
-0.40868361 -0.05533834 -0.03374611 -0.00105080 -0.00080438 0.00161026
-0.36876298 0.02934144 0.00357011 0.00352414 0.00067671 -0.00241786
0.08203626 0.24370078 0.03573923 0.01309302 0.01408880 -0.03183013
0.12883959 0.22595424 0.08924969 0.01487089 0.01253455 -0.02766922
0.14580643 0.23512945 -0.00715910 -0.00205605 0.01176201 -0.02519256
0.12318303 0.23040727 -0.06426950 0.00143617 0.01078044 -0.03897243
0.14893470 0.26884081 0.07454129 0.00730570 0.01152790 -0.02553232
0.08029059 0.25051549 0.10256099 0.00240002 0.00926041 -0.02743511
0.10500395 0.25011428 0.01482978 0.02278184 0.00922343 -0.02696465
-0.51562980 -0.12099152 -0.05569832 -0.01197181 0.01422179 0.00881808
-0.40820599 -0.06506361 0.04230607 -0.02468251 0.01488979 0.00093083
-0.37245855 -0.05384617 0.08065850 -0.03098233 0.01081746 -0.00461913
-0.49933951 -0.02318573 -0.01549912 -0.03367656 0.01140103 0.00696487
-0.42858113 -0.01686358 -0.06612857 -0.02598081 0.01105544 0.00008321
-0.48824769 -0.03086414 0.05510016 -0.02760854 0.01118927 0.01847035
-0.44604294 0.04774607 -0.03214528 -0.01134258 0.00778561 0.00889654
-0.28485088 0.01124130 -0.03471856 0.00830912 0.01825540 -0.01823420
-0.25539894 0.03914705 0.05315379 0.00344189 0.01809083 -0.01521506
-0.19488696 0.03332994 0.03486743 -0.00857485 0.01622768 -0.02151900
-0.31750780 0.05210627 -0.02085374 -0.00687432 0.01666849 -0.02389229
-0.22122629 0.04156264 -0.01710538 0.00268478 0.01697486 -0.02116009
-0.31052059 0.05877851 0.03630150 -0.00747309 0.01464256 -0.00952229
-0.26032494 0.07553273 0.02682174 0.01276068 0.01427253 -0.01319385
0.40062025 -0.30988587 0.01808224 0.00615450 0.02279998 0.04870090
0.29824736 -0.27224872 0.05589370 0.01573768 0.02503926 0.04237530
0.32006346 -0.23230936 0.05069513 -0.01224954 0.02032441 0.05841170
0.31766724 -0.22844810 0.10655717 -0.00613188 0.02405122 0.04763675
0.31736229 -0.23050558 0.06581348 0.00058582 0.02253932 0.05006214
0.27203232 -0.19230166 0.05386873 0.01029458 0.01759530 0.04087168
0.27958436 -0.21390583 0.00415185 -0.00617456 0.02124606 0.05283536
-0.12212506 0.07780147 0.05800542 0.00166444 0.00829961 0.00273042
-0.01201693 0.03657499 0.04750523 0.01067345 0.01176717 -0.00242610
-0.00611427 0.04708361 0.01248421 -0.00231750 0.00709256 0.00325171
-0.02882674 0.03311461 0.01561334 -0.01122129 0.00920733 0.00019531
0.01439742 0.06321019 -0.01068695 -0.00024570 0.00994226 -0.00818001
0.00067521 0.02253608 0.01496115 -0.00542709 0.00407820 0.00212933
-0.01276745 0.07916204 -0.00632036 0.00602830 0.00897062 0.00498256
0.28381106 0.20910408 0.07640345 0.03465920 0.02257863 -0.04123813
0.31022107 0.16722944 0.09319097 0.04331489 0.02583914 -0.03232241
0.34700919 0.16698465 0.01245668 0.02603448 0.02170572 -0.02950501
0.33423506 0.16639560 0.00944208 0.02532019 0.02169844 -0.03478934
0.32936353 0.24199098 0.09398716 0.03355724 0.02390369 -0.02784819
0.30088363 0.20500423 0.08539122 0.02833974 0.02136025 -0.03210364
0.26706785 0.17544433 0.05197929 0.04147201 0.02077719 -0.02575324
-0.01496362 0.13594924 -0.01412895 -0.01275968 0.00408083 -0.00599313
0.08005600 0.10591242 0.01571402 -0.01051852 0.00187581 -0.00529455
0.04934423 0.06903329 -0.01785428 -0.02113679 0.00344444 -0.00387097
0.03636722 0.11083785 -0.06618366 -0.01959471 0.00126020 -0.01525147
0.10716774 0.11005498 0.04641477 -0.01685901 0.00251194 -0.00691285
0.00771594 0.15826037 0.04490249 -0.01634956 -0.00055398 -0.00187005
0.07843301 0.16040947 0.02303474 -0.00352053 0.00330858 -0.00919401
-0.01879858 0.11863857 -0.02652792 -0.01763957 0.00296870 -0.00140965
0.08606659 0.08937232 0.01516735 -0.01480136 0.00041803 -0.00028460
0.05709937 0.04097104 -0.02313115 -0.02414795 0.00220830 0.00129978
0.03411131 0.09419966 -0.05915281 -0.02309218 -0.00019235 -0.01022213
0.10794580 0.09126238 0.04346098 -0.02035357 0.00194583 -0.00279081
0.00995336 0.14214545 0.02803141 -0.01982904 -0.00170672 0.00259742
0.07967026 0.14431511 0.02401156 -0.00857294 0.00270438 -0.00543878
-0.02096452 0.09858236 -0.02460800 -0.01654211 0.00351076 -0.00164752
0.06976424 0.07775513 0.01989766 -0.01448251 0.00129084 -0.00041529
0.04816919 0.02966010 -0.01941934 -0.02385461 0.00272468 -0.00003135
0.02087504 0.08234014 -0.05277548 -0.02318551 0.00006769 -0.01057938
0.08738386 0.07935040 0.03607179 -0.01949937 0.00264207 -0.00323165
-0.00525094 0.12687522 0.02879219 -0.01935542 -0.00099725 0.00223117
0.06371061 0.13071195 0.02539293 -0.00737089 0.00301723 -0.00620787
0.03695453 0.18290229 -0.00343259 -0.00877758 0.00362973 -0.01510830
0.12339374 0.13863450 0.01499894 -0.00512735 0.00081156 -0.01107031
0.08120237 0.08367071 -0.02770171 -0.01656889 0.00292816 -0.00845600
0.09147179 0.12843806 -0.07247353 -0.01376019 0.00087178 -0.02314707
0.16076406 0.14960941 0.07208634 -0.01213164 0.00224208 -0.01320649
0.06140683 0.19080028 0.04291007 -0.01111783 -0.00097283 -0.00942857
0.12542812 0.17344937 0.03805009 0.00022774 0.00392987 -0.01713792
0.00873450 0.18811269 -0.00320430 -0.00362768 0.00534014 -0.02066481
0.10000955 0.14552787 0.02014428 -0.00026423 0.00277443 -0.01545359
0.06541472 0.10123971 -0.02344730 -0.01235150 0.00452172 -0.01437882
0.06823635 0.13743753 -0.07125302 -0.00994270 0.00284674 -0.02722187
0.13867665 0.15655035 0.07043031 -0.00718306 0.00359840 -0.01786314
0.03736569 0.19358682 0.04770964 -0.00718915 0.00074920 -0.01312493
0.10478889 0.18262301 0.03259355 0.00482523 0.00482108 -0.01950791
0.03161841 0.15714206 -0.00290645 -0.01187803 0.00283452 -0.01084089
0.11472492 0.11122128 0.00969888 -0.00834508 0.00025143 -0.00711600
0.06784470 0.05961576 -0.03363342 -0.01804634 0.00240249 -0.00500557
0.08181465 0.10623217 -0.06396723 -0.01615259 0.00032465 -0.01883533
0.11951284 0.12626512 0.04046133 -0.00832934 0.00311381 -0.01169616
0.08140155 0.12341436 0.01548097 -0.00612073 0.00057830 -0.00626140
0.08218035 0.06853444 -0.00534873 -0.00435600 0.00410631 -0.01113809
0.07445640 0.08965498 -0.02884238 -0.00488549 0.00223779 -0.01730409
0.09490067 0.04075237 0.04450843 0.00043604 0.00214668 -0.01088303
0.05294011 0.07807918 -0.00494781 -0.00465468 -0.00095089 -0.00841583
0.09583864 0.06002095 0.07436570 0.00350870 0.00508040 -0.01322544
