0.08162730 -0.05317011 0.02736014 -0.00148673 0.01442017 0.00608047
0.05462301 -0.02611951 -0.01901483 -0.01819883 0.01676104 0.00311722
0.11147804 -0.02236034 0.02182490 -0.00074304 0.01563693 0.00242608
0.10465953 -0.05841497 0.02633332 -0.01500201 0.01776265 0.00967701
0.07189896 -0.03575668 0.00483478 -0.00709622 0.01830674 0.00458258
0.10213787 -0.03552392 -0.00352455 -0.01410786 0.01647054 0.01236277
0.08976136 -0.03972595 -0.02257663 0.00314832 0.01512522 0.00577873
-0.16148262 0.02396930 0.01157913 0.00896769 0.03661819 -0.00643812
-0.20339273 0.05599276 -0.01264256 -0.00948312 0.04135437 -0.00788067
-0.12296328 0.04512279 -0.00634795 0.01145764 0.03677658 -0.00612151
-0.15347042 -0.00037642 0.04493739 0.00070708 0.03955425 0.00197367
-0.15868813 0.00391126 -0.00908590 0.00162293 0.04091129 -0.00511914
-0.12958704 0.02748666 -0.02733760 0.00386299 0.03742536 0.00288844
-0.14873426 0.02290955 -0.03131786 0.01196776 0.03597039 -0.00868860
-0.05837797 0.05369355 0.04523523 0.02358582 0.02635438 -0.00867235
-0.09352870 0.09061763 0.00382873 0.00280589 0.02988690 -0.01283165
-0.01021328 0.09884459 0.01339052 0.02325346 0.02661142 -0.01859373
-0.06688318 0.05140162 0.06479939 0.01448861 0.02891956 -0.00479928
-0.03171387 0.07397335 0.01595720 0.01728557 0.03034873 -0.01079533
-0.00602199 0.08000380 0.00899639 0.01389713 0.02773470 -0.00258104
-0.02785720 0.06746226 0.00787115 0.02311597 0.02602596 -0.01086392
-0.15730470 -0.10369316 0.00335611 0.00900129 0.01329164 0.00248420
-0.16138459 -0.08086054 0.00424489 -0.01285214 0.01568164 -0.00682302
-0.12357377 -0.08143327 0.00878867 0.01021906 0.01301069 -0.00562915
-0.14192258 -0.16172327 0.03539340 -0.00354505 0.01553135 0.00945891
-0.20194532 -0.15422891 -0.00721128 0.00544135 0.01453857 -0.00254318
-0.13140229 -0.11191117 -0.01939345 -0.00178503 0.01342570 0.00578125
-0.13577906 -0.09811371 -0.01134258 0.01245396 0.01275539 -0.00181877
0.09943956 -0.12254778 0.04488438 0.01213209 0.01716962 -0.00837928
0.09253345 -0.11395548 -0.02730136 -0.00547937 0.02308861 -0.01653305
0.14028533 -0.12397768 0.02104221 0.01068224 0.01883818 -0.01398522
0.10015703 -0.15963357 0.05928743 0.00210641 0.02345269 -0.00223998
0.03938540 -0.11589495 -0.00767074 0.01062183 0.02015813 -0.00853973
0.10480594 -0.12602034 0.00928283 0.00906047 0.01796129 -0.00609272
0.08659930 -0.07413722 -0.01349277 0.00589325 0.01990126 -0.01715008
0.03607340 0.12264160 -0.00991416 0.00300740 0.01499247 -0.00709268
-0.00146339 0.15760783 -0.07361396 -0.01805924 0.01323613 -0.00381673
0.09324229 0.15834801 -0.02659227 -0.00042895 0.01371841 -0.01296530
0.05191450 0.10197680 0.01079850 -0.00635293 0.01332930 -0.00401686
0.08261494 0.09183838 -0.01355111 -0.00759951 0.01778874 -0.00326340
0.12904266 0.10037944 -0.04538256 -0.01692716 0.01494520 0.00240121
0.09703324 0.07707302 -0.02531476 0.00398590 0.01342127 -0.00076684
-0.14000424 0.01218321 0.07640556 -0.01913402 0.04967127 -0.01056160
-0.17335517 0.02476593 0.03445983 -0.03982385 0.05691419 -0.00104235
-0.05364683 0.07327260 0.05485960 -0.02888470 0.05410120 0.00792507
-0.09185161 0.03411762 0.09110895 -0.03334820 0.05984489 0.00780231
-0.00704906 0.04704320 0.03144653 -0.03414557 0.05907886 0.00335314
-0.00259027 0.03260140 0.05632132 -0.01386312 0.05163910 -0.00235276
-0.06552321 0.03706978 0.00248241 -0.02255784 0.05391924 -0.01321166
0.74102074 -0.01784773 0.05009904 0.01797996 0.01926530 0.00656273
0.75475819 0.02340102 -0.02943516 0.01984588 0.01664734 0.00812358
0.72092034 0.05707319 0.01248917 0.01510741 0.01996185 0.01996058
0.72530881 -0.00694565 0.04588277 0.01820802 0.02607077 0.02635177
0.74075803 -0.03474714 -0.00287673 0.01179146 0.02386940 0.01763973
0.81418410 -0.00000771 0.06012581 0.02161434 0.02924340 -0.00220149
0.80808751 0.03462260 -0.00577313 -0.00308836 0.02433353 0.01042547
1.00601546 -0.02924404 0.13674790 -0.00838529 0.04103805 0.03663391
1.01151526 0.01177396 0.08605502 -0.01576912 0.04498612 0.04229799
1.00761555 -0.02200224 0.08272146 -0.01077341 0.04805274 0.04570043
1.03782199 -0.02212530 0.15402070 -0.00249132 0.05480191 0.05144892
0.99237703 -0.03380570 0.06137379 -0.01263155 0.05437486 0.04530020
1.00910641 -0.03876205 0.11996832 -0.00701876 0.05412824 0.03070013
0.97229011 -0.00317603 0.09818847 -0.02192660 0.04959715 0.02622747
0.58730822 0.10088961 0.09358726 0.00808278 -0.18209020 0.04943672
0.55326868 0.31569820 -0.10444553 0.02705183 -0.20019232 -0.00599305
0.51057551 0.29630143 -0.06892521 -0.00554273 -0.18613663 0.07211364
0.46126973 0.26063394 0.11161669 -0.00118524 -0.21197922 0.04167657
0.56102119 0.16841350 -0.08173975 -0.00268214 -0.20847727 0.08536083
0.63282296 0.26619341 0.12591172 -0.00169359 -0.19265739 0.00486224
0.54616582 0.30197483 -0.04137686 -0.03945687 -0.16830084 0.06862521
1.09839804 0.19921595 0.14599244 -0.01261803 -0.07749867 0.01968830
1.15695007 0.19897711 0.07836099 -0.01932871 -0.08790180 0.02832794
1.19060136 0.29831037 0.16325304 -0.04506016 -0.07005217 0.05853385
1.21011928 0.17980736 0.18527199 -0.03608375 -0.07762882 0.03985069
1.17533945 0.17051199 0.06809353 -0.03850628 -0.07539255 0.05890016
1.30576655 0.17511811 0.17067268 -0.04112416 -0.06707693 0.02156295
1.27453551 0.18668689 0.19493088 -0.05279621 -0.06033647 0.04946913
1.05262272 0.17346479 0.18670430 -0.02335565 -0.04830177 0.03913151
1.12861484 0.20522974 0.14537976 -0.02132985 -0.05615015 0.04149412
1.12890996 0.25803443 0.18975966 -0.03412441 -0.04205866 0.06668288
1.20738536 0.16973093 0.22648998 -0.03048026 -0.04717702 0.05381758
1.07987985 0.17907921 0.10382063 -0.03713023 -0.04296826 0.07003386
1.14795923 0.16110770 0.21991562 -0.03774858 -0.03657941 0.03422899
1.12781659 0.13084358 0.21831585 -0.04309747 -0.03460494 0.05774336
1.09801538 0.12693685 0.12686256 0.00344657 -0.00646892 0.03696411
1.16030313 0.14835373 0.15191155 0.00233697 -0.00922186 0.03827277
1.17267750 0.17716866 0.21042153 -0.00325586 -0.00197472 0.05013664
1.24091014 0.16214075 0.21184970 0.00005519 0.00121957 0.04286831
1.15173437 0.14285781 0.10399055 -0.00391916 0.00102925 0.04595821
1.18251905 0.14455158 0.18691612 -0.00356792 0.00858155 0.02416587
1.17990755 0.12802198 0.17698361 -0.01385039 0.00544827 0.03488601
1.17327534 0.07812663 0.11103015 0.00345069 0.03374576 0.03517703
1.22203596 0.10539553 0.12758224 0.00058450 0.03403327 0.03799554
1.25143528 0.11750144 0.14879810 0.00082048 0.03953569 0.04032171
1.26597494 0.10481546 0.15512914 0.00689471 0.04415175 0.04043988
1.22535609 0.13132597 0.11230493 -0.00401440 0.04626249 0.04188150
1.24564633 0.09840412 0.16345752 0.00273680 0.04942072 0.01985148
1.21678598 0.11231750 0.09669963 -0.00968349 0.04318403 0.02862122
1.16720729 0.02141390 0.09550559 -0.00651712 0.07309469 0.03513310
1.21198058 0.04298895 0.11434707 -0.01386169 0.07619053 0.04253533
1.21817879 0.01583460 0.13172500 -0.01014048 0.08137390 0.03717432
1.27519727 0.01813543 0.12095087 -0.00227569 0.08792365 0.03737684
1.18651323 0.05588681 0.10323238 -0.01879428 0.08845505 0.03868647
1.23234481 0.01377514 0.13226787 -0.00390353 0.08759388 0.02470121
1.18050821 0.04068301 0.07464450 -0.01528413 0.08132032 0.02841631
1.12212405 0.10636618 0.09666933 0.00330125 -0.02311754 0.04497853
1.12179562 0.15948245 0.07845023 0.01187446 -0.02673261 0.03868248
1.13066263 0.13501798 0.14012882 -0.00679995 -0.01588745 0.06806241
1.16825216 0.14602300 0.13127451 -0.01125547 -0.01756521 0.05114552
1.14302844 0.18660275 0.07605110 -0.01414411 -0.01663380 0.06003426
1.19859651 0.13710584 0.17942704 -0.00460904 -0.00881182 0.02482727
1.13891669 0.17363660 0.12514625 -0.02241229 -0.00684601 0.04690185
1.26189709 0.18592902 0.00620082 0.01163994 0.04215706 0.04181493
1.24796152 0.23673818 0.00223369 0.01389321 0.04558766 0.04218204
1.29425943 0.22299279 0.07267874 0.00520880 0.05246357 0.05163135
1.28398061 0.17875254 0.04396149 0.01292238 0.05719354 0.04253628
1.29815057 0.19425107 -0.04449203 0.00052337 0.05840041 0.04920984
1.32774577 0.20169497 0.04895309 0.00887340 0.06265832 0.02823319
1.26815960 0.19037053 0.00861266 -0.00482533 0.05842301 0.03319706
1.22054346 0.05346435 -0.00755240 0.02063666 0.08821532 0.04328440
1.22171588 0.09747067 0.03619960 0.01938180 0.09801083 0.04622515
1.20530538 0.04266000 0.04926372 0.01554445 0.09956366 0.04016867
1.20466903 0.04645905 0.06301987 0.03290651 0.10734778 0.04918987
1.21866055 0.09716415 -0.00854578 0.01099534 0.10737673 0.05169136
1.22722000 0.07243447 0.06884002 0.02990461 0.10662087 0.03740053
1.20160051 0.10720640 -0.01432702 0.00620227 0.10173974 0.02782747
1.15475409 -0.06169789 -0.00532806 -0.01407311 0.05424767 0.05265757
1.14022113 -0.02114467 0.02174600 -0.01636598 0.05869310 0.05646126
1.13538690 -0.06661356 -0.02510298 -0.01374728 0.06120522 0.05688791
1.10437781 -0.01903785 0.05733683 -0.01256452 0.06655063 0.06808286
1.09220251 0.00781160 0.00222944 -0.02376630 0.06484465 0.06368845
1.11623928 -0.03498846 0.04590412 -0.01056999 0.06348192 0.05060453
1.10329740 0.00044840 -0.02041901 -0.02544831 0.06145881 0.04946973
1.07660301 -0.10119058 -0.00816783 -0.03744126 0.03116587 0.04942917
1.06304273 -0.07368459 0.01423589 -0.04335766 0.03822759 0.05210814
1.04496546 -0.09293933 -0.03564576 -0.03926240 0.03780076 0.05348613
1.01017475 -0.06603715 0.07131216 -0.04103635 0.04224916 0.06719814
1.00184076 -0.07149368 -0.00348409 -0.04260299 0.04006688 0.06083055
1.03469320 -0.11706531 0.03490013 -0.03869563 0.03770046 0.05208706
1.02730781 -0.05613168 -0.01606148 -0.04075735 0.03790968 0.05097303
0.98830171 -0.02614497 -0.04699035 -0.01555541 0.04736260 0.03830729
0.97443923 -0.02275842 0.00032119 -0.01999508 0.05503171 0.04283556
0.96707202 -0.02179082 -0.06349752 -0.01355375 0.05456232 0.04471689
0.96955046 0.00320889 0.05110870 -0.01598534 0.06083490 0.05559422
0.92540547 -0.00349937 -0.04375697 -0.01999471 0.05718225 0.04550636
0.97076938 -0.03055279 0.00570292 -0.01116572 0.05565161 0.03958689
0.96208788 0.04078004 -0.04367975 -0.01968424 0.05317967 0.03909546
0.01454606 -0.36740154 0.08757738 0.00783618 -0.06322027 0.04963681
0.03748423 -0.31136220 -0.09837846 0.00183518 -0.06071866 0.01739417
0.02768128 -0.38019564 0.01555531 0.00968352 -0.06605136 0.03962857
0.00137863 -0.40933799 0.09850834 -0.00658066 -0.06354224 0.03843055
-0.03344752 -0.34406971 0.01329492 -0.00305307 -0.06847304 0.04009421
-0.01799742 -0.33669457 -0.06844958 0.00580075 -0.06284121 0.02812425
-0.04714946 -0.36048558 -0.03664965 -0.00148058 -0.05757992 0.03424902
-0.74042268 -0.12707021 0.02450971 -0.01075983 -0.06380297 0.01447662
-0.81499033 -0.04652222 -0.05728048 0.00190117 -0.06694538 -0.00649520
-0.73215671 -0.09190552 -0.00598068 -0.00383691 -0.06541940 0.02789623
-0.71041249 -0.10240222 0.04343349 -0.01223880 -0.06713932 0.00343329
-0.71474813 -0.03459519 0.03720706 -0.01437218 -0.06764150 0.01129277
-0.73944978 -0.03131760 0.00041334 0.00256570 -0.06791847 -0.01021918
-0.76038621 -0.04996248 -0.03400326 -0.01380659 -0.05618194 0.01231221
-1.14554964 -0.13158220 0.06613597 -0.00590434 0.09246323 -0.05331594
-1.19389132 -0.09436707 0.04342264 -0.01149832 0.10464984 -0.02590685
-1.00243479 -0.10764636 0.01960553 0.00623011 0.10376215 0.00111053
-1.01235852 -0.07557403 0.12054604 -0.01408394 0.10936189 -0.01682288
-1.05685398 -0.10332949 0.05385960 -0.03133638 0.10403898 -0.03116792
-1.06329665 -0.04660115 0.01584405 0.02182280 0.09459971 -0.05560650
-1.07806168 -0.14131078 -0.08254082 -0.01342387 0.09730007 -0.05542373
-1.59343377 -0.08431649 -0.00367104 0.01429420 0.11458345 -0.05708537
-1.60395473 -0.12646792 0.00299853 0.01751054 0.12875293 -0.03189849
-1.42524406 -0.11750518 -0.02229390 0.01760728 0.12870913 0.02049401
-1.39916018 -0.04514780 0.04062057 -0.00254699 0.13771546 -0.02652712
-1.46754488 -0.02877876 0.01688898 -0.01498414 0.12585027 -0.03835608
-1.47408977 0.02854836 0.01990683 0.05687382 0.11339850 -0.07565496
-1.45090327 -0.05269158 -0.11921111 0.00300589 0.12124742 -0.06662709
-1.66300967 -0.05020428 -0.02713472 0.00586977 0.08909163 -0.05220951
-1.66197523 -0.09400970 0.00554124 0.00893913 0.10375933 -0.02924332
-1.51578009 -0.11079174 -0.02120238 0.00242183 0.10422706 0.02219707
-1.45434335 -0.02108586 0.01239864 -0.01045571 0.11296685 -0.02614124
-1.52136907 -0.00466817 -0.00252453 -0.01902047 0.10386154 -0.02859484
-1.53002933 0.02443956 0.02265649 0.04098305 0.09020044 -0.07072012
-1.49257198 0.00497351 -0.10823373 -0.00712916 0.10173227 -0.06036844
-1.84991568 0.07462463 -0.10842124 0.02726620 0.04481365 -0.04038877
-1.85203835 0.03482407 -0.02918146 0.02684537 0.05273408 -0.01712796
-1.71359748 -0.00964862 -0.06886560 0.01968234 0.05298468 0.02637597
-1.65881917 0.09289233 -0.04272104 0.01171976 0.06482281 -0.02601712
-1.72853306 0.06778816 -0.01482000 0.00705102 0.05090246 -0.02270784
-1.71385393 0.11589730 0.01649775 0.06096683 0.04576132 -0.06084113
-1.62764475 0.13739010 -0.07030386 0.01053566 0.05287422 -0.05001703
-1.64487630 -0.00551100 -0.11023927 0.01140817 0.03878243 -0.03997028
-1.70506254 -0.02564632 -0.05420734 0.01993189 0.04804452 -0.02128839
-1.59407645 -0.06054613 -0.09339668 0.00496995 0.04812037 0.03297967
-1.50987029 0.01153751 -0.01524837 0.00385802 0.04918799 -0.01830120
-1.58260524 -0.02427244 -0.07736157 -0.01388890 0.04752959 -0.00511192
-1.58933148 0.05587745 -0.02256356 0.03291715 0.03729763 -0.05101587
-1.54698700 -0.00262677 -0.17190197 -0.00370271 0.05125054 -0.03281035
-1.67388469 0.08020232 -0.11548016 0.04619379 0.01701470 -0.04259916
-1.69735998 0.03588737 -0.10304264 0.05631826 0.02459162 -0.03288468
-1.58543482 -0.01109417 -0.14439596 0.03475103 0.02645922 0.01817368
-1.56951815 0.08482837 -0.08692991 0.03597318 0.02968012 -0.03535181
-1.55901521 0.08624914 -0.09109438 0.02237046 0.02402215 -0.02160112
-1.60712346 0.11754144 -0.03917656 0.07251020 0.01433081 -0.07035036
-1.50936306 0.08817106 -0.19507231 0.02218439 0.02996070 -0.04563920
-1.63364410 -0.00334547 -0.07665325 0.01641879 -0.01669830 -0.05352344
-1.66497454 -0.04701939 -0.08648704 0.02479189 -0.01097523 -0.04491948
-1.58627465 -0.10338246 -0.16319327 -0.00182895 -0.00768135 0.00978272
-1.58826828 -0.01155525 -0.06511836 0.00096886 -0.00772437 -0.04247647
-1.55313581 0.01627752 -0.08729271 0.00084455 -0.01050430 -0.02418503
-1.56051829 0.03018018 -0.01188526 0.03174849 -0.02128169 -0.07766908
-1.53745607 -0.01564765 -0.20076012 -0.00538259 0.00017592 -0.04918128
-1.50130734 0.06974125 -0.05150262 0.01253432 -0.00219587 -0.01000093
-1.52622476 0.05574585 -0.03053299 0.01660671 0.00620293 -0.00469594
-1.39123321 0.02468153 -0.09787886 -0.00948772 0.00287025 0.05617225
-1.41477957 0.11938543 -0.05489329 -0.00733656 0.00854668 -0.00337855
-1.34918198 0.12717274 -0.05078119 -0.00787766 0.00563103 0.02262878
-1.33722201 0.09194523 0.01364609 0.03630723 -0.00630922 -0.03656861
-1.31124437 0.12394123 -0.11645705 -0.00078386 0.01312297 -0.01195776
-1.55448005 -0.09868179 -0.11265794 0.02525750 -0.00713145 -0.03251823
-1.62473157 -0.07852382 -0.11723411 0.02447503 0.00024547 -0.03733772
-1.49081796 -0.09509572 -0.15946554 0.01410115 -0.00267292 0.02275431
-1.52036771 -0.07259329 -0.07622762 0.02059587 -0.00212012 -0.02278731
-1.48900434 -0.03438331 -0.10689720 0.01191198 -0.00491177 -0.00256092
-1.52185589 -0.05368041 -0.07719109 0.04607322 -0.01391182 -0.05025381
-1.49325311 -0.11788242 -0.20220285 0.01215378 0.00447722 -0.03432783
-1.07014723 -0.24410527 -0.07768814 0.02068036 0.08268015 -0.02160120
-1.10542938 -0.23539752 -0.07080839 0.03799406 0.09721781 -0.00334466
-0.94396099 -0.20539790 -0.03991457 0.02237847 0.09316134 0.04378850
-0.98052479 -0.14832458 0.04296861 0.01208810 0.10010074 0.01566869
-0.95632739 -0.07760993 -0.07907591 0.00045990 0.09072854 0.00295488
-0.99898942 -0.06225171 -0.04216337 0.06253947 0.07684371 -0.03774535
-1.00440085 -0.11138047 -0.18044058 0.00351966 0.09045048 -0.02866394
-0.88502266 -0.28591078 0.02729966 0.03179893 0.05414552 -0.01074332
-0.90997159 -0.24141792 -0.06336567 0.02846511 0.06604612 -0.00513294
-0.82408525 -0.22603698 0.01540734 0.03620329 0.06029466 0.01910823
-0.82125753 -0.25388606 0.06686849 0.03062532 0.06576971 0.01471875
-0.80532975 -0.19611688 -0.01091584 0.01460822 0.05895909 0.00041288
-0.83969049 -0.18554416 -0.00475951 0.05467647 0.05254342 -0.02571750
-0.84710777 -0.18477689 -0.10312662 0.01849218 0.05766692 -0.03268436
-0.65214030 -0.30110721 0.04246298 0.03625515 0.05232810 0.00745710
-0.68557307 -0.22483544 -0.00022450 0.02460019 0.06599509 0.00728934
-0.59511900 -0.20688932 0.02214814 0.04390851 0.05636437 0.02177343
-0.60229149 -0.24414554 0.11732097 0.03852452 0.06349751 0.02706242
-0.63738577 -0.17995007 -0.01674663 0.01858957 0.05572966 0.01490297
-0.66979997 -0.17782753 0.01721334 0.05587375 0.05249023 -0.00222602
-0.66005044 -0.11392673 -0.03902576 0.02463576 0.05463372 -0.01831311
-0.47922369 -0.29229632 0.07904851 0.01739783 0.01062593 0.00818021
-0.52238405 -0.27093798 0.05855045 0.00839200 0.01751219 -0.00228259
-0.42364717 -0.25312826 0.04223055 0.02580726 0.01197922 0.01109952
-0.43295693 -0.35155352 0.09746083 0.01037253 0.01417305 0.02302665
-0.52084923 -0.27036244 -0.01361975 0.01201021 0.01002461 0.01171636
-0.47321200 -0.25302283 -0.00615438 0.02249179 0.01076399 -0.00058414
-0.48507612 -0.21820441 -0.01626038 0.01841717 0.01345680 -0.00917526
-0.18892625 -0.18373678 0.08878365 0.00929871 -0.00007158 0.00928777
-0.23188859 -0.17058974 0.13060033 -0.00633685 0.00364901 -0.00330832
-0.12532515 -0.17789999 0.05732339 0.01594698 -0.00218318 -0.00113123
-0.14441461 -0.28419428 0.14572578 0.00514889 0.00106792 0.01692918
-0.27886396 -0.19648967 0.01169943 0.01298264 -0.00103887 0.00640953
-0.15453254 -0.20312224 0.03925136 0.00286402 -0.00028295 0.01338865
-0.18986326 -0.16134121 0.05479267 0.01919536 -0.00011110 0.00192961
0.02091313 0.06870658 0.23621557 -0.02055585 -0.09560367 0.02620223
0.08203670 0.17018583 0.10766528 -0.00887429 -0.09488282 0.00702572
0.11454585 0.15764680 0.12735348 -0.02825620 -0.10003241 0.02993796
0.15050521 0.08200293 0.25288209 -0.01490768 -0.10061744 0.01409267
0.16683709 0.20613922 0.18014546 -0.01110391 -0.09290839 0.02887224
0.19310756 0.09145834 0.19405255 -0.02855363 -0.09847059 0.01724005
0.18346213 0.11170384 0.13501058 -0.01416388 -0.08455070 0.02819925
-0.05197377 0.15941815 0.12479770 0.00364349 -0.01693061 -0.05369844
-0.15850188 0.12795534 0.01059552 0.00010563 -0.00857644 -0.07002907
0.00688250 0.10402015 -0.03361035 -0.00869761 -0.01284877 -0.03607651
-0.07996694 0.06993202 0.14058518 -0.00352732 -0.01850011 -0.04528827
0.00178150 0.10936047 0.05261236 0.00780753 -0.01034912 -0.02623034
0.08992990 0.06463171 0.09576697 0.00207883 -0.02136781 -0.04555917
0.02045523 0.09891532 0.00518956 0.00732701 -0.00427196 -0.03610548
0.33293862 -0.07309063 0.00665087 0.00670892 0.00200547 0.00400848
0.32687455 -0.06643271 -0.03266946 -0.01318382 0.00558093 -0.00785101
0.30517001 -0.12075329 -0.06284084 0.00227261 0.00632191 -0.00652380
0.27786538 -0.13972342 0.00314179 -0.00987540 0.00670837 0.00760873
0.27766559 -0.13178008 0.03158492 0.00541714 0.00447824 -0.00371562
0.31589791 -0.13594124 -0.01442040 -0.01444079 0.00341760 0.00388862
0.31660616 -0.15394238 -0.00477164 0.00788694 0.00467346 0.00154133
0.00610230 -0.10290590 0.07139544 0.03282600 -0.00245422 -0.01917791
-0.01463028 -0.10211289 0.00886164 0.01975639 0.00026799 -0.03992991
0.05169115 -0.11285000 0.01010744 0.03535594 -0.00173806 -0.03981456
0.00211053 -0.18984288 0.07541402 0.02970989 -0.00069155 -0.02279896
-0.08633104 -0.14646604 0.02652640 0.04052805 -0.00158503 -0.02976017
-0.00652792 -0.11055137 -0.02434283 0.01850962 -0.00148632 -0.01767377
-0.01145028 -0.08976222 0.02749847 0.03526563 0.00097345 -0.02583794
0.27526900 0.04381440 0.01433237 0.00784220 -0.01105198 0.00156718
0.26553487 0.08888277 -0.05675892 -0.00777500 -0.01278613 -0.00783819
0.29903900 0.08854830 -0.04250361 0.00228085 -0.01043902 -0.00425635
0.29847126 0.07070663 0.00555937 -0.00774161 -0.01351561 0.00531485
0.29744931 0.05277828 0.03158718 0.00164064 -0.00884435 -0.00068792
0.32684371 0.03836030 -0.01471265 -0.01850469 -0.01074197 0.00362649
0.33238232 0.02720345 -0.04502133 0.00924948 -0.00943159 0.00909622
0.11334998 0.08030758 0.01396827 0.02285085 0.00361290 0.00939654
0.06678337 0.13441137 -0.05917377 0.00789247 0.00372012 -0.00717570
0.15178015 0.14480437 -0.03660070 0.02136835 0.00312969 -0.00758422
0.11479193 0.09574729 0.00054870 0.00910335 0.00195543 0.00177472
0.15921075 0.11477985 -0.01525204 0.01607058 0.00613808 0.00246109
0.19609993 0.10836957 -0.02565354 -0.00020739 0.00286465 0.01119168
0.18649973 0.07753956 -0.02961403 0.02719282 0.00473469 0.00986115
0.01493247 -0.06103386 0.05113430 0.02902154 -0.00728283 -0.00733717
-0.01535879 -0.05327455 0.03430272 0.01390566 -0.00647932 -0.02436146
0.05918524 -0.05730885 0.01463955 0.03327293 -0.00801445 -0.02779984
0.03832035 -0.13680327 0.09980849 0.02444497 -0.00887783 -0.01195026
-0.04662329 -0.08036373 0.01991863 0.03522267 -0.00747617 -0.01522266
0.01864285 -0.08211672 -0.00554455 0.01191605 -0.00789275 -0.00574455
0.02838962 -0.05581737 0.02289790 0.04110496 -0.00634768 -0.01008137
-0.01955007 -0.10389430 0.05605586 0.02844079 -0.01100355 -0.02312776
-0.05252013 -0.10713587 0.04283674 0.01245216 -0.00920947 -0.04070384
0.02191151 -0.10594910 0.02200866 0.02749433 -0.00999435 -0.03972735
-0.00995418 -0.17990489 0.07935246 0.02161444 -0.00992811 -0.02180511
-0.08288740 -0.13007335 0.01451274 0.03568996 -0.01038311 -0.02932740
-0.01161803 -0.11579555 0.01365339 0.01335234 -0.01167250 -0.02063468
-0.02876882 -0.07605555 0.02293895 0.03593912 -0.00773091 -0.02652668
0.11666453 -0.05284738 0.01912009 0.02327212 -0.00016652 -0.00347186
0.08470992 -0.01555848 -0.03856032 0.00348611 0.00211222 -0.01773564
0.13414665 -0.02716106 -0.00833099 0.01708686 0.00202379 -0.01929461
0.13743723 -0.10082615 0.01128728 0.00969553 0.00211592 -0.00489578
0.08806198 -0.06142908 -0.01241866 0.01917627 0.00293810 -0.01183185
0.13057480 -0.02217179 -0.01591603 0.00217407 0.00160184 -0.00314336
0.11695304 -0.05114619 -0.01538067 0.02814512 0.00217609 -0.00432889
0.04700000 -0.08110349 0.00187094 0.02278087 -0.00580792 -0.01087729
0.04406561 -0.05819251 -0.04384089 0.00792387 -0.00563306 -0.02701201
0.08913423 -0.05644169 -0.01220232 0.02133624 -0.00576637 -0.03173712
0.08969864 -0.13192423 0.00885779 0.01589870 -0.00505827 -0.01336029
0.01300267 -0.09024916 -0.01717434 0.02437049 -0.00431016 -0.02295835
0.07540740 -0.05833200 -0.04783414 0.00508674 -0.00541268 -0.01046253
0.06835732 -0.08086302 -0.03649067 0.03097371 -0.00347398 -0.01298260
0.04949886 -0.11272479 -0.00988794 0.01192339 -0.00839868 0.00081305
0.04340969 -0.08594882 -0.03453154 -0.00914750 -0.00899367 -0.01339690
0.08155999 -0.10727515 -0.02922088 0.00814276 -0.00828249 -0.01533648
0.09298077 -0.17106507 -0.00331434 -0.00335098 -0.00867409 -0.00017529
0.02168951 -0.12895192 -0.02061339 0.00901547 -0.00743773 -0.00955737
0.09759005 -0.10469900 -0.05128495 -0.01030012 -0.00888251 0.00195735
0.06409029 -0.13356292 -0.04744283 0.01820947 -0.00726074 0.00183122
0.04446479 -0.11067774 0.02108294 0.01181954 -0.00973999 -0.00407459
0.04669087 -0.09107794 -0.02549974 -0.00722506 -0.00955895 -0.01995706
0.04582832 -0.08060339 -0.02118138 0.00839103 -0.00249143 -0.00792885
0.02339118 -0.08196318 0.00833709 -0.00639396 -0.00479885 -0.00245934
0.01601682 -0.08506173 -0.03599036 0.01394227 -0.00405358 -0.01133116
0.04917295 -0.08202743 -0.02553483 -0.00243091 -0.00561041 -0.00079402
0.01627427 -0.07387031 -0.01048304 0.01267765 -0.00203165 -0.00789655
0.01619075 -0.03095721 -0.03345661 -0.01417307 0.00279354 0.00941381
-0.01117842 -0.04454037 -0.03317497 0.02015178 -0.00130208 0.01174738
