0.14000558 -0.05871225 0.00796701 0.01229663 -0.01386518 0.01686217
0.12064118 -0.02906277 -0.01325513 -0.00301790 -0.01215951 0.00035588
0.16645644 -0.03022666 0.03290405 0.00823509 -0.01396236 0.00651139
0.14427052 -0.10545801 0.03016570 0.00170923 -0.01221972 0.01276933
0.12624561 -0.06699689 -0.00860258 0.00845246 -0.01359031 0.00660372
0.15427006 -0.05758666 0.00797939 0.00305269 -0.01149064 0.01483901
0.11378248 -0.03451879 0.01209201 0.01594974 -0.01219561 0.01743484
0.11012786 -0.05830513 -0.00408622 0.00758761 -0.00004512 0.01572713
0.10682348 -0.02350274 -0.03469678 -0.00908746 0.00178920 0.00576584
0.14963591 -0.02899835 0.02069397 0.00322127 -0.00004398 0.00607374
0.10780653 -0.08408851 0.02530002 -0.00487204 0.00210360 0.01292250
0.09638650 -0.06202350 -0.02401922 0.00259128 0.00142863 0.00570154
0.12791093 -0.06708747 -0.01718719 -0.00220508 0.00200003 0.01500506
0.08736757 -0.03814627 -0.01201169 0.01098880 -0.00020517 0.01412258
0.15151144 -0.01072603 -0.01464909 0.02031718 -0.00805800 0.01741555
0.14120664 0.02062599 -0.04721278 0.00661860 -0.00595229 0.00151787
0.17720312 0.03270705 0.02040039 0.01765593 -0.00776324 0.00467916
0.16492072 -0.04617170 0.00569994 0.00925239 -0.00554409 0.00989905
0.14272421 -0.01714315 -0.03431817 0.01515122 -0.00742184 0.00451757
0.17202547 0.00062307 -0.01655011 0.01003053 -0.00482000 0.01269959
0.14035637 0.01024072 -0.00619252 0.02138086 -0.00680661 0.01448032
0.11375968 -0.03862573 -0.00288792 0.01027778 -0.00614661 0.01736194
0.10646338 0.00872498 -0.02927325 -0.00598893 -0.00307704 0.00597125
0.15281183 0.00306017 0.01899341 0.00402531 -0.00579408 0.00809615
0.12910505 -0.06717020 0.03242514 -0.00064605 -0.00385632 0.01517918
0.12139400 -0.01693977 -0.01972093 0.00605856 -0.00429436 0.01165072
0.13916219 -0.03566523 0.00524869 0.00257843 -0.00411019 0.01840153
0.10757600 -0.00112883 0.00284042 0.01342291 -0.00554913 0.01697674
0.13296141 -0.04266062 0.03007909 0.02272795 -0.00599578 0.01445640
0.12157628 -0.04033742 -0.00698641 0.00947597 -0.00212954 -0.00315673
0.16149875 -0.01873983 0.05492213 0.01866228 -0.00557975 0.00246299
0.14282286 -0.11147418 0.06315236 0.01361720 -0.00163758 0.00831042
0.09622144 -0.05567580 -0.00979977 0.01979011 -0.00546558 0.00529889
0.15951518 -0.05531287 0.01533365 0.01613070 -0.00323367 0.01014516
0.11879933 -0.02052678 0.01051732 0.02112197 -0.00343656 0.00901780
0.10469816 -0.05229455 0.00004523 0.00625275 0.00526645 0.00859606
0.09282788 -0.03583496 -0.03833705 -0.01099085 0.00804492 0.00092997
0.13534333 -0.02257955 0.02720569 0.00098585 0.00595560 -0.00085681
0.10077581 -0.07702973 0.02555211 -0.00574508 0.00903371 0.00772593
0.08979513 -0.05902143 -0.02621076 0.00219126 0.00812174 0.00058226
0.12938607 -0.04907399 -0.01853400 -0.00175862 0.00789053 0.00852690
0.07984783 -0.03589203 -0.01301808 0.00926772 0.00621959 0.00728272
-0.00781433 0.14625578 -0.02778647 0.01940398 0.00647757 -0.00099854
-0.06563594 0.16697075 -0.06207342 0.00473517 0.00716608 -0.00769036
0.01073643 0.20264380 0.00512501 0.01506692 0.00590755 -0.00925213
-0.00672203 0.14220650 -0.03048657 0.00943516 0.00632815 -0.00638080
0.02043640 0.14186260 -0.04464172 0.00997143 0.00994183 -0.00507287
0.04974531 0.13304669 -0.04102954 0.00452682 0.00783718 0.00415474
0.03244653 0.15806736 -0.01788790 0.01966193 0.00707155 0.00164654
0.19498408 0.01247933 0.01666497 0.02095987 0.00997947 0.02483176
0.18103844 0.01591692 -0.01765941 0.00668626 0.01392535 0.00914474
0.19643750 0.04511255 0.01818421 0.01684086 0.01076625 0.01647866
0.20063788 -0.00195725 0.04934658 0.00874219 0.01437111 0.02058468
0.16757388 0.01759671 -0.00375201 0.00988654 0.01136667 0.01846464
0.20707240 0.00726509 -0.00857412 0.01365877 0.01260581 0.02210222
0.18737625 0.04567333 -0.00189085 0.01482103 0.01026839 0.02440369
0.05239516 0.25373437 -0.05135350 -0.01044593 0.03808904 0.01862303
0.04040605 0.28719733 -0.05878908 -0.01073124 0.03725622 0.02069108
0.06702012 0.28182946 -0.01592828 -0.01513861 0.03688318 0.03877625
0.05397835 0.25757665 -0.01225787 -0.02250224 0.04133777 0.01659269
0.05089584 0.23465997 -0.07376735 -0.02487609 0.04335444 0.03602686
0.11594867 0.24414059 -0.05536104 -0.01257356 0.03714710 0.02958173
0.12628910 0.25003385 -0.05922414 -0.01562183 0.03778982 0.02671005
0.16989656 0.02947656 -0.00515681 0.01004708 -0.00199178 0.02654494
0.15531046 0.03488113 -0.07041971 -0.00404441 0.00093069 0.01117631
0.16563736 0.01278643 -0.01762967 0.00734188 -0.00086518 0.02235611
0.12926918 -0.07678529 0.02689010 -0.00577864 0.00011977 0.02519389
0.13195668 -0.05904258 -0.03097975 0.00507649 -0.00226433 0.02290050
0.13932642 -0.07015364 -0.01777151 -0.00277583 -0.00000352 0.02758368
0.16502164 -0.02309409 -0.00172872 0.00952138 -0.00150375 0.03136575
0.18340033 -0.00605402 -0.00176697 0.01705570 -0.01367274 -0.00528530
0.15857775 0.01558286 -0.02350185 0.00850742 -0.01154412 -0.02497660
0.19086685 -0.02105610 -0.00599725 0.00927464 -0.01120676 -0.01415728
0.14337918 -0.00885271 0.01443839 0.00777356 -0.01193847 -0.00779412
0.14714259 0.00385247 -0.02361018 0.01789139 -0.01336721 -0.00693366
0.15292162 -0.01649680 0.00116603 0.01813082 -0.01004286 -0.00886981
0.17084576 0.06543520 0.01144744 0.01587338 -0.00828637 -0.00663403
-0.04748016 0.07621832 0.00101779 0.00275056 0.02502262 0.01124417
-0.04875866 0.07464166 -0.03323608 -0.01197678 0.03047280 0.00414520
0.01808087 0.07570771 0.01045658 -0.00371654 0.02718594 0.01038796
-0.00696033 0.02858740 0.05645956 -0.01230911 0.03035127 0.00891900
0.02139378 0.05957677 -0.03226341 -0.00467913 0.03157080 0.00729762
0.04732395 0.04029864 -0.00828711 -0.00507449 0.02752487 0.01475789
0.01872063 0.04477735 -0.00775135 0.00128070 0.02687383 0.01129973
-0.36722995 0.25258888 0.00972830 0.02504743 -0.03265897 -0.02845005
-0.34049537 0.30852564 0.06827452 0.02208922 -0.02734542 -0.03000182
-0.32855105 0.26497204 0.07138524 0.03316939 -0.03345118 -0.03481730
-0.30226547 0.23464374 0.12530510 0.03207884 -0.03024624 -0.03304673
-0.36918689 0.28274367 0.02226951 0.03643973 -0.02538757 -0.03000469
-0.37059337 0.18780645 0.05894462 0.02244194 -0.02608819 -0.02300323
-0.27865686 0.29153869 0.02863450 0.03044823 -0.02417701 -0.03091388
-0.58472477 0.28581712 -0.05129898 0.01478052 -0.04659067 -0.02136155
-0.60241055 0.34039192 0.04653792 0.00676531 -0.04286539 -0.01562119
-0.53723380 0.30569665 0.06204831 0.01947261 -0.04809524 -0.01466968
-0.56580786 0.31589348 0.08234081 0.01753407 -0.04689563 -0.02062438
-0.60531531 0.29599758 -0.05505654 0.01847151 -0.04268433 -0.01489256
-0.58733650 0.27590107 0.01440406 0.01594431 -0.04126330 -0.01579244
-0.46992511 0.37553661 0.02345019 0.00906104 -0.04009103 -0.01847608
-1.22238420 0.32715566 -0.07239867 0.02585213 -0.09190639 -0.00415522
-1.25589281 0.36532715 -0.04328410 0.03081153 -0.09255790 -0.01300551
-1.18367165 0.33594359 0.01334250 0.02270935 -0.09323936 0.00933090
-1.19133607 0.27833130 0.05097141 0.03659448 -0.09925150 -0.01487625
-1.16301134 0.29768448 -0.06617012 0.02780208 -0.09608665 0.00917738
-1.14836425 0.26236743 0.03672388 0.02432331 -0.09164338 -0.01893089
-1.04571946 0.37887584 -0.03063498 0.01496734 -0.08493527 0.00065997
-0.85140705 0.01209042 -0.02702808 0.00058514 -0.09818609 -0.04167202
-0.93177989 0.07745150 -0.04618693 0.03195258 -0.10379460 -0.04645903
-0.83109543 -0.03266358 0.00755760 -0.00725297 -0.10096161 0.00318713
-0.80681033 0.06726558 0.03088378 0.01156633 -0.10414885 -0.03820091
-0.69540165 0.09222511 0.05182291 0.01137200 -0.09898626 -0.03488758
-0.73516510 0.11033073 0.10248803 0.00809636 -0.10623560 -0.06626428
-0.69448277 0.06284439 -0.06985432 -0.00572720 -0.08228087 -0.03563016
-0.86176887 0.14835530 0.05516942 0.00779734 -0.08097776 -0.04968469
-0.85882619 0.13054837 0.10976136 0.00678511 -0.08376891 -0.05413898
-0.80556780 0.11870510 0.06998660 0.00019642 -0.08010182 -0.02905341
-0.84697910 0.17693207 0.11294090 0.00775724 -0.09064461 -0.04575035
-0.80649875 0.20220319 0.04221594 0.01281923 -0.08590824 -0.02909857
-0.83195627 0.18320091 0.10400789 0.00339729 -0.08290862 -0.06323217
-0.73357880 0.23342211 0.02249764 0.00426304 -0.07253053 -0.03894975
-0.76764822 0.07621593 0.00804785 -0.03842779 -0.06406550 -0.01696448
-0.71818180 0.08007133 0.06746181 -0.04570222 -0.06209444 -0.02359267
-0.72273932 0.02451225 -0.01541496 -0.04869058 -0.05985686 -0.00563922
-0.75405471 0.05528298 0.11827373 -0.04180345 -0.06702649 -0.01976139
-0.69531605 0.05172807 -0.01099259 -0.03590045 -0.06370402 0.00486492
-0.64510345 0.02515882 0.03921262 -0.04268754 -0.05905177 -0.02318816
-0.63780464 0.07634931 -0.00770130 -0.03897637 -0.05394702 -0.00410476
-0.24103653 -0.17749205 0.03208711 -0.03212964 -0.05944235 0.02195341
-0.19949682 -0.14222261 0.00546465 -0.02189557 -0.05835646 -0.00648482
-0.10750380 -0.17724399 0.01658265 -0.04596868 -0.05878171 0.04709275
-0.09112445 -0.16914759 0.03690873 -0.04600339 -0.06377271 0.02376165
-0.04950814 -0.08922721 0.03092079 -0.01940854 -0.05905337 0.02130151
-0.06114428 -0.15612785 0.06423276 -0.02638332 -0.06568163 -0.00937448
-0.06296371 -0.16078182 0.00610723 -0.03274111 -0.04830630 0.01822483
-0.19360796 -0.20480301 -0.03492856 -0.01301488 -0.05999773 0.02354940
-0.14903462 -0.20956974 -0.03394390 -0.01199239 -0.05844701 -0.01158966
-0.05755831 -0.22189185 -0.02840534 -0.02493037 -0.05891131 0.03592829
-0.07690276 -0.25535475 -0.05575308 -0.03629488 -0.06032620 0.02235693
-0.02485637 -0.19485366 -0.03696349 -0.00483734 -0.06167197 0.01520946
-0.00053156 -0.19237710 -0.00674631 -0.01465763 -0.06584602 -0.00538272
-0.01722648 -0.16284198 -0.02790095 -0.01792514 -0.04945976 0.00864953
-0.12586423 -0.41029327 -0.05238122 0.03735568 -0.02569840 0.07285741
-0.13739442 -0.34773059 -0.00308192 0.02205165 -0.00682903 0.02675217
-0.00599445 -0.34912948 -0.04878565 0.04553171 -0.02620311 0.03699414
-0.09623670 -0.35346277 0.00735992 0.04886210 -0.00935053 0.05635885
-0.05097672 -0.32313362 -0.02495616 0.03569033 -0.02057900 0.04443002
-0.04443413 -0.19728282 -0.04666368 0.05518968 -0.01635373 0.04408499
-0.06440823 -0.09659932 0.03404828 0.02318579 -0.01834832 0.00944661
-0.24847697 -0.28796725 -0.00777310 0.00179407 -0.00421986 0.03531595
-0.22311086 -0.20704046 0.01479360 0.00498970 0.00626392 0.01754216
-0.09017008 -0.17887648 0.02252669 0.00909050 -0.00609308 0.03557014
-0.15170277 -0.20858236 0.07539309 0.00587623 0.00416864 0.03717631
-0.13888365 -0.14492389 0.00236913 0.00327918 -0.00222916 0.02076836
-0.14849802 -0.14340015 0.00378547 0.02122089 -0.00507859 0.02157647
-0.17334335 -0.06762305 -0.03426316 -0.00680018 0.00004496 0.00825101
-0.21853331 0.06023042 0.13509185 -0.02239183 0.02034223 -0.03493592
-0.20203555 0.04613229 0.03061594 -0.03490937 0.02596584 -0.03448270
-0.09295479 0.04772033 0.06181498 -0.01968141 0.02092412 -0.02191779
-0.20376418 -0.07128978 0.20136401 -0.02770345 0.02156510 -0.03248078
-0.15187976 0.01794873 0.05170120 -0.01867920 0.02696735 -0.02051870
-0.09797698 -0.05761507 0.08454081 -0.02656790 0.02195713 -0.02496782
-0.14052869 -0.01266418 0.07543633 -0.01772780 0.02077863 -0.02892032
-0.42915773 0.04069492 0.06416675 -0.01664504 -0.01226523 -0.04233270
-0.37231226 0.03078637 0.10932085 -0.04639207 -0.00680700 -0.03405990
-0.34390278 0.04672990 0.05837791 -0.01573454 -0.00543209 -0.03172130
-0.44258755 0.02297742 0.18669657 -0.02044939 -0.01138532 -0.02775363
-0.42933531 0.03577735 0.00476099 -0.02108573 -0.01190960 -0.01722438
-0.38688689 -0.01179470 0.02062994 -0.02459860 -0.00125929 -0.03146857
-0.38934719 0.05269912 0.04821080 -0.02780866 -0.00854678 -0.03077958
-0.60725830 0.01528878 0.03449111 -0.05441259 -0.07697851 0.02493266
-0.58960266 0.03234683 0.13210561 -0.08325348 -0.07729649 0.02643372
-0.61296478 0.05462416 0.08330306 -0.06880006 -0.07739476 0.02190341
-0.61833207 -0.00439482 0.12569037 -0.05744470 -0.08363636 0.01344747
-0.60688566 0.06689260 0.03460342 -0.06556584 -0.08005459 0.04034047
-0.59232399 -0.04954527 0.05339653 -0.06809810 -0.07235458 0.02004095
-0.52989431 0.08225949 0.09688745 -0.05905430 -0.07499422 0.02601457
-0.17053254 -0.03190174 -0.02335876 -0.01011468 -0.07199336 -0.00310388
-0.16716683 0.00299526 -0.06244660 0.00688591 -0.07466092 -0.01564303
-0.10963642 0.01411664 0.01323330 -0.00933157 -0.07789399 -0.01066628
-0.08613923 -0.00889877 0.00491319 0.00255963 -0.07414924 -0.01744248
-0.07613961 0.08349047 0.00234647 0.00499063 -0.06977547 -0.01246247
-0.03380822 0.00256580 -0.00813304 -0.00960266 -0.07191033 -0.01064863
-0.06735469 0.00013736 -0.01577621 -0.00426055 -0.06724101 -0.00952864
-0.48615549 0.08647193 -0.08127877 0.00035067 -0.07452411 -0.00670652
-0.46791658 0.10236043 -0.09042264 0.00220433 -0.07121418 -0.02417313
-0.39573453 0.10543286 -0.08608704 -0.00415858 -0.07192700 -0.00318296
-0.46719447 0.08651807 0.05928320 0.00959484 -0.07945466 -0.00833824
-0.44482231 0.08690019 -0.12904673 0.00281461 -0.07460142 0.00715873
-0.36359794 0.07185468 -0.06377714 -0.01016288 -0.06861721 -0.01347368
-0.35751007 0.12682654 -0.10003935 -0.00683092 -0.06525000 0.00308041
-0.68016477 -0.02220777 -0.00704405 -0.04106058 -0.05040940 -0.04578704
-0.65124579 0.01741380 -0.03109339 -0.05031984 -0.04595456 -0.03507634
-0.59874918 0.01328723 0.00644794 -0.03063655 -0.04563251 -0.02597772
-0.68277039 -0.03218847 0.07553314 -0.03110026 -0.05103537 -0.02869671
-0.63975781 -0.01613548 -0.02453971 -0.04417089 -0.04804543 -0.02042584
-0.63088067 -0.06454576 -0.00327533 -0.04022093 -0.04401453 -0.03788640
-0.56313183 -0.00190539 -0.01874353 -0.04335709 -0.04660299 -0.02768227
-0.60860690 -0.06926702 0.12008627 -0.04851638 0.02523663 -0.08053352
-0.55579912 -0.06849322 0.12532495 -0.05865105 0.03072150 -0.04951238
-0.50860718 -0.04037905 0.15972376 -0.05339230 0.02820221 -0.05138341
-0.51103700 -0.06187984 0.16043197 -0.05115792 0.03955034 -0.06452527
-0.45627832 -0.01030003 0.08327737 -0.04840505 0.03877447 -0.06334119
-0.47995955 -0.07051735 0.15402422 -0.02871538 0.03013456 -0.06604125
-0.42382952 -0.07021499 0.10673852 -0.05051244 0.02584008 -0.08926725
-0.01625745 0.20289131 0.01804213 0.09299254 0.02603046 -0.13025986
-0.00405343 0.20231925 0.01447085 0.08277664 0.03019520 -0.13720992
0.02996528 0.16520131 0.04734186 0.09560726 0.02843573 -0.14960332
-0.00099885 0.19765325 0.04458061 0.11334785 0.03253338 -0.12486981
0.02640056 0.23159439 0.03847647 0.10705954 0.02896680 -0.12993673
0.05219100 0.24828218 0.01184020 0.10472829 0.02809699 -0.13108214
-0.02052645 0.27792417 0.00960651 0.09444723 0.03308831 -0.14600773
-0.96196942 -0.00173061 0.02676614 -0.05390500 -0.08765285 -0.00586404
-0.96763968 0.06231618 0.05887004 -0.06997539 -0.09051329 -0.01295681
-0.94417252 -0.00803052 -0.03901698 -0.06524377 -0.08764279 0.00346138
-0.94585270 0.07445084 0.02390645 -0.06043540 -0.09388525 -0.00656836
-0.87720133 0.02875090 -0.03092191 -0.06037865 -0.09516278 0.00890511
-0.84977403 -0.03774092 0.07119208 -0.05148626 -0.08571449 -0.01980252
-0.79039216 0.07883130 -0.01706946 -0.05651000 -0.07926772 0.00286978
-0.86087570 0.03032062 -0.11667330 -0.00127631 -0.07216112 0.00352292
-0.84658831 0.07600704 -0.12628122 -0.01137154 -0.06953303 -0.00920771
-0.76215498 0.03546524 -0.12278125 -0.00661503 -0.06794200 0.02820681
-0.81327714 0.06550313 -0.02106725 -0.00823098 -0.07221080 0.00390416
-0.72464176 0.01504638 -0.11797731 -0.01436360 -0.07099110 0.01464890
-0.69930948 0.04620709 -0.05605160 -0.00434292 -0.06751511 -0.01486204
-0.65482035 0.06129394 -0.16992239 -0.01720229 -0.05932001 0.00982997
-0.45921344 -0.00107194 0.08232580 0.02574269 -0.13339008 0.02061231
-0.46056990 0.03173348 0.02141520 0.03081044 -0.13721154 -0.02035334
-0.44410039 0.05722689 0.08846513 0.01520510 -0.13644460 0.01291618
-0.36630329 0.09835036 0.02593567 0.01728850 -0.13268518 -0.00605517
-0.31880543 0.14702065 0.08588782 0.02546199 -0.13151402 -0.00125836
-0.34890592 0.16293114 0.10329570 0.00793323 -0.12966777 -0.01373605
-0.32789446 0.04995014 -0.00810330 0.01203703 -0.11732288 -0.00251962
-0.32575857 0.06105142 0.00021078 0.01277203 -0.02397714 0.00562852
-0.33067573 0.08220758 -0.03047933 0.01384319 -0.02150204 -0.01172812
-0.24688840 0.06019983 0.04142738 -0.00029869 -0.02332650 0.02967242
-0.26144132 0.04240223 0.03391217 0.00801081 -0.02735427 0.00612100
-0.14309681 0.06196527 0.02985811 0.00799207 -0.02251175 0.01547631
-0.18358592 0.05593255 0.08457050 0.01069553 -0.02843383 -0.00849359
-0.18681619 0.02196655 -0.03372057 0.00610613 -0.01615992 0.01316749
-0.22025272 -0.29581787 0.07310131 -0.05512201 0.08083039 0.01048426
-0.21951200 -0.29098179 0.06056918 -0.07481226 0.09127994 0.02543731
-0.13711893 -0.30292515 0.03215525 -0.05905818 0.08569286 0.02863373
-0.16752966 -0.30992020 0.13752389 -0.06286290 0.09690549 0.03231750
-0.18436886 -0.29741319 0.06329615 -0.06775326 0.09479983 0.02269361
-0.12953122 -0.27606685 0.07121926 -0.04946157 0.08270111 0.02636328
-0.18436484 -0.30473899 0.01820379 -0.05698993 0.08418894 0.00267594
-0.11942547 0.03870439 0.00151044 -0.00574982 0.03426604 -0.00956565
-0.12486815 0.11207332 -0.04696134 -0.01970886 0.03432801 0.00118302
-0.06869446 0.09525361 -0.01359986 -0.00021749 0.03051638 -0.01381637
-0.12312178 0.07182374 -0.00109290 -0.00861936 0.03282642 -0.00535098
-0.09232892 0.07529838 -0.00956813 -0.01537426 0.03846926 -0.00010531
-0.06810686 0.07450694 -0.03184617 -0.01575470 0.03049869 0.00704408
-0.09360511 0.04430384 -0.02370417 -0.00448722 0.03045651 -0.00169741
-0.11619044 -0.05683547 0.02063179 -0.02813280 0.06502695 -0.00629831
-0.13456751 -0.03335401 -0.03492073 -0.04483958 0.07083566 0.01028890
-0.01114332 -0.07124408 -0.04926063 -0.02290543 0.06686431 0.00643270
-0.07548989 -0.15304191 0.10168507 -0.03715428 0.07047562 0.01074733
-0.09461454 -0.16329868 0.00449445 -0.03940623 0.07438745 0.00744151
-0.02714102 -0.14040811 -0.01825061 -0.02875168 0.06302395 0.01746808
-0.06365478 -0.19816015 -0.03638527 -0.02507351 0.06341992 0.00417469
-0.27866006 -0.24528703 0.00670815 -0.01082383 0.03401749 -0.00322023
-0.29100528 -0.25045110 -0.01405788 -0.02533269 0.04166161 -0.00856596
-0.18351804 -0.23534670 -0.02046587 -0.00591632 0.03775110 -0.00165405
-0.21133751 -0.30950289 0.06563093 -0.01872111 0.04285709 0.01196980
-0.24753189 -0.26284330 0.00812231 -0.01128699 0.03854242 -0.00527359
-0.18764995 -0.23783956 0.00430564 -0.00798961 0.03419627 -0.00130735
-0.22263143 -0.26368618 -0.04053367 -0.00890508 0.03601963 -0.01361817
0.01682238 -0.03434358 0.06269749 0.00628361 0.02261151 -0.01771807
0.02565482 -0.00683284 -0.05295449 0.00839366 0.02570617 -0.02413320
0.06471002 0.02910505 0.01318329 0.00702682 0.02327527 -0.01029462
0.03488188 0.00592152 0.04177795 0.00482074 0.02527960 -0.01831468
0.08695140 0.01467248 0.01670591 0.00653956 0.02581250 -0.00533646
0.08962801 0.04008826 0.01225672 0.01225616 0.02091206 -0.01478881
0.02096075 0.00592082 -0.02210872 0.00502670 0.02673504 -0.01582389
0.10175784 -0.02168551 -0.05784782 0.00167683 0.02220731 -0.00636099
0.08235207 0.00084913 -0.12353391 -0.00280592 0.02069246 -0.00665855
0.12751459 -0.03690109 -0.08471025 0.00871387 0.01913357 -0.01423654
0.05108307 -0.05818198 -0.04049908 -0.00200858 0.02210781 -0.00650576
0.06831584 -0.08948903 -0.05260846 0.00285806 0.02259153 -0.01138749
0.10402467 -0.07041882 -0.08994149 -0.00400981 0.01927546 -0.00044028
0.06199464 -0.09459277 -0.09122178 0.00632762 0.02038954 -0.00337167
-0.07349434 -0.16370371 -0.01082207 0.01005667 0.00296661 0.02449925
-0.09344349 -0.13387146 -0.03760691 -0.00156251 0.00982120 0.00605494
-0.00887219 -0.09684818 -0.00350797 0.00504878 0.00564183 0.02148891
-0.03446577 -0.14478492 0.00323278 -0.00044048 0.00958810 0.02191690
-0.01589841 -0.11982982 -0.03549372 0.00841507 0.00541286 0.01721175
0.02814969 -0.07115287 -0.00543660 0.00974550 0.00332954 0.01832913
-0.05060216 -0.07240703 -0.06196140 0.00787675 0.00916760 0.01459597
0.03469704 -0.04299942 -0.01321574 0.01576944 0.01558033 0.01437072
0.02254043 -0.00240819 -0.04294415 -0.00292858 0.01692346 0.00665647
0.03822948 -0.00038765 -0.02378437 0.01675040 0.01489507 0.00150895
0.03664284 -0.07032688 0.00395848 0.00690846 0.01770198 0.01148487
0.01244448 -0.05084653 -0.01650032 0.01088245 0.01799163 0.00434497
0.04292926 -0.01467019 -0.02678534 0.00149589 0.01610335 0.01746454
0.03071176 -0.02087655 -0.02940129 0.01922143 0.01424408 0.01290123
0.06975473 -0.04687551 -0.01120254 0.00760827 0.02207510 0.02317627
0.05761442 0.01003716 -0.04268013 -0.00972004 0.02451515 0.01638933
0.08997529 0.01245913 -0.02307907 0.00811544 0.02263119 0.01403038
0.08742142 -0.05123555 0.01070772 -0.00278199 0.02479398 0.02162331
0.08650982 -0.03856346 -0.00983626 0.00099778 0.02572643 0.01531265
0.04481181 -0.00039945 -0.03575557 0.00437566 0.01499401 0.01328674
0.01479339 0.00495079 -0.03090255 0.00574491 0.01354130 0.00971362
-0.02339506 0.01797884 -0.05057304 0.02098583 0.00424907 -0.01584561
-0.02735328 0.01530756 -0.01751365 0.01249853 0.00531050 -0.00327462
-0.05522930 0.02097125 -0.01364437 0.01128092 0.00862802 -0.01190770
-0.04217206 0.04641593 -0.05352413 -0.00172011 0.00740443 0.00395893
-0.05831270 0.03252601 -0.02354083 0.01890364 0.00417089 0.00318639
