0.00637312 0.15359471 0.00045343 -0.00193530 0.00461093 -0.01844116
0.07904669 0.11153191 0.01664352 0.00216533 0.00287178 -0.01170474
0.04147911 0.06019696 -0.03279843 -0.00700931 0.00441976 -0.01248374
0.04798240 0.10629081 -0.04905543 -0.00718506 0.00320014 -0.02315011
0.12425838 0.11648187 0.05652248 -0.00332530 0.00327373 -0.01768701
0.01746333 0.16061319 0.02225922 -0.00373532 -0.00030693 -0.01074434
0.08409276 0.13910406 0.04563426 0.00472456 0.00549434 -0.01688654
0.01949640 0.12989476 -0.00055805 -0.00959833 0.00286988 -0.00884970
0.09312607 0.09129286 0.01063281 -0.00587625 0.00048741 -0.00484620
0.05149976 0.04200870 -0.03410560 -0.01514311 0.00256096 -0.00355037
0.06125663 0.09219388 -0.05087629 -0.01464439 0.00080116 -0.01594286
0.13602190 0.09590445 0.05184860 -0.01159573 0.00140044 -0.01001628
0.03172588 0.15051243 0.02183364 -0.01100079 -0.00220958 -0.00277045
0.09801860 0.12972076 0.03962919 -0.00181095 0.00376993 -0.01111646
0.02058046 0.14586792 -0.00012006 -0.00714286 0.00355982 -0.01322580
0.09272883 0.10541400 0.01345265 -0.00316896 0.00144367 -0.00803683
0.05076606 0.05156654 -0.03492378 -0.01222882 0.00335784 -0.00739927
0.06297127 0.10157326 -0.05314687 -0.01154699 0.00158061 -0.01983991
0.13602247 0.10820612 0.05466831 -0.00868488 0.00215478 -0.01340056
0.03103847 0.15756670 0.02164447 -0.00862225 -0.00142239 -0.00613124
0.09796908 0.13482706 0.04169486 0.00041026 0.00456315 -0.01415072
0.02764748 0.13362056 0.00909437 -0.00727090 0.00396911 -0.01164283
0.09135701 0.09537464 0.00480325 -0.00401569 0.00137373 -0.00714077
0.03873658 0.04304075 -0.04167008 -0.01211881 0.00367532 -0.00710154
0.05797641 0.09704389 -0.04879805 -0.01245672 0.00190396 -0.01852340
0.12980270 0.08322567 0.05023263 -0.00859376 0.00215326 -0.01288733
0.02997414 0.14245826 0.01541808 -0.00939907 -0.00165977 -0.00444041
0.09420195 0.11531449 0.03660653 0.00007933 0.00435186 -0.01155461
0.03750476 0.14508481 0.00571707 -0.01048478 0.00323810 -0.00788260
0.11207519 0.10845931 0.00758084 -0.00793083 0.00001034 -0.00527840
0.05390186 0.06126582 -0.03727528 -0.01658872 0.00262941 -0.00472687
0.07448134 0.11896224 -0.06252375 -0.01612374 0.00056662 -0.01639299
0.14269754 0.09697661 0.05521146 -0.01275972 0.00129645 -0.00965685
0.03974104 0.15618053 0.02952241 -0.01341389 -0.00228880 -0.00186056
0.10746636 0.14073714 0.02386028 -0.00220945 0.00311806 -0.00995791
-0.05272953 0.11053825 -0.01890440 -0.00075143 0.00668153 -0.01425797
0.03142137 0.09030433 0.02328744 0.00069921 0.00420778 -0.00922495
0.02786035 0.04884166 -0.01271863 -0.00951579 0.00516861 -0.01214606
-0.00844014 0.08099168 -0.04355204 -0.01056429 0.00353781 -0.01843999
0.07372463 0.08495091 0.03440090 -0.00437212 0.00436808 -0.01227839
-0.03627059 0.14124786 0.01963882 -0.00652599 0.00209646 -0.00841647
0.03486743 0.13431123 0.04564984 0.00479082 0.00562457 -0.01467118
0.01232889 0.13509707 0.00134916 -0.00504848 0.00493560 -0.01296884
0.07266520 0.09611441 0.01210360 -0.00166699 0.00274984 -0.00777255
0.03494695 0.04230677 -0.03471907 -0.01028715 0.00459254 -0.00866814
0.04083551 0.09729470 -0.04242166 -0.01050308 0.00313632 -0.01839840
0.11482524 0.08826026 0.05194412 -0.00631431 0.00350276 -0.01334612
0.01238605 0.14224740 0.01676334 -0.00746386 -0.00014141 -0.00636614
0.07652575 0.11735071 0.04380482 0.00164783 0.00542489 -0.01280813
-0.11947701 0.09239544 -0.01613724 -0.00310966 0.00874378 -0.01203950
-0.02739217 0.07903827 0.02587977 -0.00404664 0.00709773 -0.01088150
-0.03569564 0.07019548 -0.00006650 -0.01335354 0.00764442 -0.01431749
-0.07030776 0.09727220 -0.05037931 -0.01334467 0.00626125 -0.01908690
0.00539951 0.07554288 0.02398753 -0.00776418 0.00615125 -0.01458476
-0.10133434 0.12522109 0.04401154 -0.00953007 0.00395404 -0.00339466
-0.02293337 0.14157890 0.00659220 0.00328411 0.00619462 -0.00968141
0.09519204 0.32496307 0.00630455 0.00843116 0.00546204 -0.05862681
0.18725675 0.29789817 0.10655745 0.01882294 0.00319642 -0.04412196
0.22083849 0.23527533 -0.00275939 -0.00100096 0.00138994 -0.03510389
0.18141191 0.23661770 -0.09104231 0.00725845 -0.00333500 -0.04783674
0.19080017 0.37591971 0.13180026 0.00609389 0.00569867 -0.03610563
0.16073056 0.33164822 0.13828984 0.00977273 0.00433792 -0.04052298
0.18764399 0.32986175 0.06554134 0.02761998 0.00368033 -0.04931948
0.04894279 0.26459442 0.00736177 0.00222067 0.00827944 -0.03164991
0.12553587 0.23602150 0.06507060 0.00599850 0.00524855 -0.02553259
0.12471979 0.21398935 -0.00966050 -0.01203832 0.00576530 -0.02098556
0.10340211 0.21669783 -0.09720283 -0.00559337 0.00357741 -0.03746248
0.14119534 0.25619732 0.08454676 -0.00382172 0.00559861 -0.02197644
0.07035879 0.25487226 0.11360001 -0.00450222 0.00401453 -0.02469126
0.12582590 0.27702618 0.02561838 0.01307543 0.00493940 -0.02913810
0.13023344 0.27406758 -0.01432851 -0.00704543 0.00284293 -0.03581914
0.23468694 0.28328925 0.11228572 0.00457001 0.00036071 -0.02841349
0.28772159 0.24540097 -0.00204783 -0.01537852 -0.00029554 -0.01442017
0.23861233 0.25881231 -0.09072678 -0.01019236 -0.00655630 -0.03141359
0.21765292 0.35485663 0.09130245 -0.00760817 0.00464544 -0.01943983
0.20830002 0.31977512 0.15846282 -0.00421171 0.00276970 -0.02426393
0.21841673 0.34280062 0.02612883 0.01512341 0.00220295 -0.03696479
-0.02565505 0.02242863 -0.03882721 -0.00527025 0.00433855 -0.00517407
-0.12655624 0.00368115 -0.00984961 -0.01027947 -0.00241910 0.00493272
-0.06183662 -0.05186610 -0.05989414 0.00443300 0.00187272 -0.00531700
-0.13004441 0.03415053 -0.00484424 -0.00104271 0.00167362 0.00251282
-0.03274901 -0.05330796 -0.02295537 0.00791662 0.00092402 0.00138351
-0.08607898 -0.00924030 -0.05917263 0.00129352 -0.00038877 -0.00097824
-0.03699599 -0.05284159 -0.02576651 -0.00225435 0.00589260 -0.00774713
0.11260571 0.27761521 0.01493430 0.00688039 0.00564041 -0.04331549
0.18605461 0.24272598 0.08291787 0.01508317 0.00389494 -0.03215639
0.19149901 0.17985124 -0.01469159 -0.00108369 0.00280902 -0.02677991
0.18027922 0.20340119 -0.08200846 0.00346807 -0.00040065 -0.04024654
0.18283218 0.29767061 0.11528680 0.00422197 0.00512291 -0.02764461
0.14705163 0.27034132 0.10238256 0.00609581 0.00309581 -0.03064628
0.17843025 0.27228292 0.06279301 0.02022655 0.00454311 -0.03845230
0.62431961 -0.28362514 0.01903705 0.00582985 0.01448602 0.06457204
0.42728432 -0.23343444 0.05054201 0.00957694 0.01567770 0.05428778
0.47281828 -0.22903375 0.02594813 -0.00696924 0.01161736 0.06975318
0.49557947 -0.19448813 0.10861744 -0.00131514 0.01597383 0.05590566
0.51996082 -0.26298573 0.05399380 0.00550616 0.01603483 0.06469924
0.45894392 -0.18553587 0.04479054 0.01090729 0.01006210 0.05239071
0.49429335 -0.21027189 0.05863062 -0.01211565 0.01402711 0.05588398
0.96928053 -0.21766623 0.07323560 0.01197620 0.02787478 0.05634081
0.85504651 -0.23113089 0.04743414 0.01970726 0.03483602 0.04603571
0.91011502 -0.14259773 0.09791533 0.00102939 0.02998490 0.06270573
0.97690903 -0.20104088 0.11083853 0.00698837 0.03488832 0.05004256
0.94758548 -0.18351220 0.05753547 0.00910702 0.03223123 0.06242630
0.86066365 -0.14963224 0.04763836 0.01601555 0.02789111 0.04063493
0.84949702 -0.16882204 0.03481233 -0.00571189 0.03189540 0.05627454
0.94982803 -0.25428763 0.06363149 0.00959410 0.02573783 0.06374342
0.81585228 -0.26012070 0.05353305 0.01752636 0.03206484 0.05213769
0.87173231 -0.17401259 0.09224871 -0.00262166 0.02712360 0.07107369
0.93331330 -0.22579949 0.11477098 0.00461215 0.03238374 0.05686460
0.90877257 -0.21782646 0.05986633 0.00676499 0.03004113 0.06964146
0.82106389 -0.17469557 0.05168159 0.01514806 0.02515794 0.04796674
0.82365893 -0.19057255 0.03524068 -0.00898431 0.02911915 0.06212534
0.85408278 -0.37191764 0.01041171 0.00762023 0.01918534 0.08489426
0.61522625 -0.32000314 0.06966258 0.01502202 0.02296653 0.06917123
0.67604803 -0.27075320 0.05801260 -0.01132147 0.01734995 0.09378538
0.72517082 -0.26515193 0.11699606 0.00289886 0.02547978 0.07097160
0.72808951 -0.33264853 0.08453310 0.00620694 0.02362395 0.08769954
0.63205563 -0.25758626 0.04294118 0.01968139 0.01719448 0.06711102
0.71136586 -0.25775861 0.04482630 -0.02111523 0.02090901 0.07812694
1.08030617 -0.18043121 0.07450897 0.01259325 0.02744682 0.05587928
0.95182866 -0.19845432 0.05253060 0.01819070 0.03572475 0.04555852
1.01840615 -0.11207294 0.09619933 0.00182151 0.03079433 0.06120146
1.10855304 -0.16670197 0.10348510 0.00939376 0.03620254 0.04664617
1.07275806 -0.16234823 0.06468396 0.00959156 0.03370669 0.06246794
0.97028442 -0.12986765 0.04217219 0.01521717 0.02863273 0.04055932
0.95775619 -0.14811535 0.03706063 -0.00918142 0.03345597 0.05454458
1.03021532 -0.21928223 0.07131654 0.00635562 0.02601209 0.06279256
0.90404928 -0.22698469 0.05213400 0.01372757 0.03307581 0.05095435
0.96439995 -0.14116668 0.08900367 -0.00458171 0.02856926 0.06945714
1.04383565 -0.19701649 0.10616484 0.00286832 0.03344415 0.05470337
1.01006620 -0.19126728 0.06145498 0.00363494 0.03137887 0.06817684
0.91675587 -0.14796826 0.04686914 0.01030522 0.02628165 0.04658968
0.91129139 -0.16863722 0.03588611 -0.01272369 0.03108926 0.06021901
1.06654339 -0.18159866 0.07731533 0.00972461 0.02801098 0.05598206
0.94674982 -0.19729344 0.05329923 0.01665193 0.03601371 0.04604145
1.01299375 -0.10966692 0.09124184 -0.00061912 0.03144225 0.06224661
1.09899312 -0.16590282 0.10605570 0.00695868 0.03640430 0.04761701
1.05985746 -0.16023368 0.06464087 0.00716885 0.03416230 0.06210846
0.96365750 -0.12737515 0.04401682 0.01224054 0.02916298 0.04044025
0.94952084 -0.14888856 0.03569135 -0.01059997 0.03400382 0.05514950
1.05470993 -0.20518698 0.07267956 0.00647963 0.02767915 0.05699413
0.93422458 -0.21218892 0.04845881 0.01431572 0.03532123 0.04656629
0.99393256 -0.11810286 0.09123448 -0.00358447 0.03124331 0.06364798
1.08269669 -0.17943587 0.09716313 0.00421217 0.03586604 0.04859690
1.04960084 -0.17914090 0.06226563 0.00408720 0.03368365 0.06255244
0.93933441 -0.14125462 0.03567116 0.00998073 0.02884286 0.04127401
0.93413785 -0.16272873 0.03073104 -0.01232227 0.03376598 0.05549263
1.05875440 -0.17834896 0.07990103 0.00791088 0.02826255 0.05578280
0.95423795 -0.19648397 0.04339199 0.01540273 0.03582115 0.04461556
1.01109691 -0.11214124 0.09234592 -0.00180916 0.03159985 0.06159955
1.09611206 -0.17567925 0.10300694 0.00558146 0.03613211 0.04730732
1.06014252 -0.15791774 0.05981973 0.00530294 0.03376027 0.06171174
0.96537121 -0.12604262 0.04050384 0.01075396 0.02927702 0.03932939
0.94603188 -0.14664069 0.03659025 -0.00968965 0.03421012 0.05437953
1.01413034 -0.24920525 0.05139869 0.00635672 0.02429970 0.06864870
0.85713349 -0.24456773 0.05717207 0.01341253 0.03089722 0.05635456
0.91691077 -0.16647853 0.08029338 -0.00687044 0.02607828 0.07599819
0.99448971 -0.20071007 0.10343074 0.00302495 0.03196399 0.05820851
0.96975982 -0.22411622 0.07087401 0.00377426 0.03024264 0.07348663
0.86863667 -0.17323770 0.04187439 0.01133306 0.02439299 0.05202598
0.88512830 -0.18640023 0.03545407 -0.01665976 0.02910380 0.06439869
1.13809079 -0.06636931 0.10433229 0.01022056 0.02940479 0.04067260
1.05560951 -0.09677587 0.04822545 0.01584513 0.03845247 0.03128421
1.12850629 -0.03241303 0.08542527 0.00392765 0.03403263 0.04354605
1.22725658 -0.09928619 0.11066107 0.00868548 0.03734941 0.03067763
1.17243893 -0.06231216 0.05864315 0.00919257 0.03573123 0.04510202
1.09697349 -0.05570809 0.04451250 0.00783897 0.03107405 0.02679283
1.03482328 -0.07640654 0.04232240 -0.00624803 0.03675099 0.04017864
1.04628809 -0.19549849 0.07797300 0.00412870 0.02566591 0.06076918
0.93634993 -0.20645149 0.04557551 0.01082990 0.03276162 0.04830021
0.99296309 -0.13011076 0.08719962 -0.00582965 0.02840360 0.06654864
1.07354090 -0.18772174 0.10409551 0.00083286 0.03254378 0.05251315
1.04022101 -0.17082060 0.05510224 0.00138996 0.03080263 0.06562372
0.95017917 -0.13181749 0.04595097 0.00671913 0.02583492 0.04469333
0.93249813 -0.15124924 0.03630426 -0.01305113 0.03098105 0.05746402
0.68674140 -0.23611495 0.04609904 -0.01170194 0.01619917 0.05862962
0.60442574 -0.21749958 0.03240812 -0.00284810 0.01922909 0.04682643
0.63101575 -0.18369976 0.04380826 -0.02067041 0.01555120 0.06112009
0.67542031 -0.18673941 0.06826561 -0.01929034 0.01761221 0.05289912
0.66496283 -0.20518180 0.03004654 -0.01615393 0.01798130 0.05745392
0.59138246 -0.13359315 0.03345627 -0.01154164 0.01206477 0.04592455
0.59573777 -0.16407771 0.01791063 -0.01674811 0.01840408 0.05200474
1.18923441 0.02903486 0.11698391 0.01114027 0.02876420 0.02786101
1.11591436 -0.00991350 0.06083542 0.01708764 0.03914538 0.02084300
1.21707380 0.03166968 0.07372554 0.00708172 0.03466506 0.03125196
1.31757915 -0.02277611 0.10646223 0.01257098 0.03691745 0.01644106
1.22436181 0.02807993 0.06029387 0.01385045 0.03695747 0.03182732
1.18491478 0.00478222 0.04816931 0.00430232 0.03148873 0.01914806
1.07473843 -0.01594329 0.03955782 -0.00168502 0.03800810 0.02903745
0.11865797 0.18106934 0.03649639 0.00680539 0.00870949 -0.02244477
0.17773276 0.15017377 0.06226362 0.01229233 0.00707911 -0.01755533
0.14151497 0.13010846 -0.03248775 0.00042460 0.00689430 -0.01627424
0.15633585 0.18048514 -0.05197916 -0.00002931 0.00546105 -0.02690669
0.17401103 0.17931787 0.06656754 0.00552070 0.00713173 -0.01795761
0.12309683 0.18739443 0.05890602 0.00104687 0.00331016 -0.01440972
0.13874636 0.17569523 0.02467388 0.01509102 0.00730274 -0.01809965
-0.67143962 0.15003250 0.00463328 0.02096242 0.00442512 -0.05114495
-0.59576340 0.11912091 0.01264921 0.01141658 0.00587313 -0.04943114
-0.59107728 0.14884225 -0.00054074 -0.00365562 0.00053246 -0.05043395
-0.65857299 0.11904377 -0.05800941 -0.00070454 0.00711543 -0.05783184
-0.56848615 0.16414510 0.02648972 0.00837941 0.00342479 -0.05074758
-0.64094640 0.12269372 0.05923391 -0.00412529 0.00249544 -0.04504524
-0.62634163 0.15997197 -0.04967907 0.02161976 -0.00175587 -0.04204206
-1.37536764 0.05171350 -0.01072722 0.00066523 -0.05854723 -0.04921263
-1.19127467 0.01037536 -0.07242545 0.00824634 -0.05451092 -0.05268255
-1.23988211 0.02807070 -0.07312817 -0.00336053 -0.06432977 -0.05339772
-1.27080753 -0.06224087 -0.07529664 -0.00872944 -0.05061656 -0.06072150
-1.24588609 0.01648606 -0.05087676 0.00341917 -0.06146765 -0.06471212
-1.19534887 -0.03548489 -0.10962832 -0.00607999 -0.05451985 -0.05190166
-1.24349050 0.05419265 -0.16621692 -0.00510238 -0.05962323 -0.05242382
-1.43137097 0.03109387 -0.01067719 -0.01373144 -0.07152928 -0.03777100
-1.22360438 -0.01673136 -0.08034390 -0.00493089 -0.06711194 -0.04386287
-1.28018633 -0.00503126 -0.07916415 -0.01302625 -0.07752907 -0.04321414
-1.29530624 -0.10104907 -0.08370976 -0.01879556 -0.06392528 -0.05172473
-1.28304303 -0.00681940 -0.05549592 -0.00864101 -0.07533301 -0.05606801
-1.22289106 -0.06065937 -0.11991637 -0.01704687 -0.06726648 -0.04126866
-1.27192050 0.04987527 -0.17191133 -0.01880773 -0.07187157 -0.04476122
-1.39745653 0.00366796 -0.01224391 -0.00320438 -0.06229736 -0.03842379
-1.20520458 -0.03548188 -0.07429592 -0.00082515 -0.05783233 -0.04368163
-1.25503540 -0.02312096 -0.06670109 -0.00675907 -0.06797430 -0.04310664
-1.27989292 -0.11088860 -0.07241451 -0.01656386 -0.05524594 -0.05039393
-1.26192212 -0.02170025 -0.05035503 -0.00654114 -0.06570311 -0.05517913
-1.20394506 -0.07191576 -0.10769097 -0.01222458 -0.05949389 -0.03765212
-1.25365451 0.04094456 -0.15353773 -0.00973025 -0.06372057 -0.04293666
-1.37644902 -0.01666799 -0.01046964 -0.02242564 -0.07137132 -0.02259661
-1.16959527 -0.06225080 -0.07272625 -0.01237406 -0.06606054 -0.03293958
-1.22344226 -0.04865744 -0.05945534 -0.01747188 -0.07647470 -0.02932111
-1.23509251 -0.15892878 -0.06154609 -0.02652451 -0.06433024 -0.03616866
-1.21401951 -0.05734343 -0.05840118 -0.01790787 -0.07374449 -0.04486239
-1.14778288 -0.10801806 -0.12745769 -0.02012321 -0.06677437 -0.02496269
-1.18973754 0.03252970 -0.15122157 -0.02238329 -0.07165343 -0.03191091
-1.36872455 -0.01781773 -0.01467271 -0.00236845 -0.05828125 -0.03408345
-1.18882902 -0.05234554 -0.07252813 -0.00397768 -0.05378311 -0.04022951
-1.23694979 -0.04082488 -0.06755914 -0.00937379 -0.06396361 -0.03918946
-1.26698732 -0.12236496 -0.06739505 -0.02016124 -0.05192211 -0.04557765
-1.24705732 -0.03713580 -0.04484305 -0.00973533 -0.06137006 -0.05006300
-1.19071022 -0.08070602 -0.09602931 -0.01523278 -0.05611243 -0.03262345
-1.24208547 0.03002035 -0.14210567 -0.00928157 -0.05998429 -0.03816178
-1.40239909 -0.02870764 -0.02723393 -0.02260283 -0.06976961 -0.01945875
-1.20269701 -0.06179835 -0.08144605 -0.02285794 -0.06563390 -0.02945075
-1.26308724 -0.05502076 -0.08025039 -0.02540032 -0.07559872 -0.02408759
-1.28111452 -0.13615682 -0.08059196 -0.03458071 -0.06338207 -0.03244320
-1.26782745 -0.04687074 -0.06068740 -0.02712720 -0.07277141 -0.03775027
-1.20096125 -0.08742482 -0.11465045 -0.03045691 -0.06578233 -0.02065468
-1.24586336 0.02652374 -0.15077448 -0.02833972 -0.07007535 -0.03013656
-1.23063408 0.06234155 0.00916676 -0.01072820 -0.04653990 -0.03835409
-1.07152045 0.00891724 -0.07025735 0.00668810 -0.04409429 -0.04242268
-1.11762270 0.02444749 -0.06576546 -0.01309275 -0.05235554 -0.04386297
-1.12528309 -0.07427217 -0.03909552 -0.00502809 -0.03733567 -0.04734437
-1.08955353 0.01659586 -0.01232574 0.00429112 -0.04590887 -0.05505519
-1.04113020 -0.04538930 -0.09906332 -0.00742666 -0.03741059 -0.04249888
-1.06670499 0.04902604 -0.13420958 -0.01149550 -0.04521537 -0.03955355
-0.26611539 0.06746529 0.00733271 0.00049086 0.00470149 0.00110437
-0.21878352 0.07188349 0.02909618 -0.00041214 0.00314690 -0.00076311
-0.17801773 0.09058950 0.00196731 -0.01274846 0.00297387 -0.00080860
-0.25262462 0.09258840 -0.06036698 -0.01480803 0.00516185 -0.00450276
-0.17620228 0.08323474 0.00100471 -0.00720058 0.00748470 -0.00638834
-0.21069076 0.07557285 0.04309494 -0.00738799 0.00460202 -0.00180357
-0.18365346 0.09346076 -0.01640387 0.00426529 0.00509200 -0.00435445
-0.92705123 0.02909638 -0.01291853 -0.02985195 -0.05065131 -0.01333691
-0.80366403 0.02528285 -0.06289272 -0.03429160 -0.04686936 -0.01891751
-0.86563364 0.01880009 -0.05002699 -0.03824351 -0.05652996 -0.01357574
-0.89891732 -0.01572733 -0.10082076 -0.04400442 -0.04888610 -0.02762388
-0.87228984 -0.00590445 -0.04946744 -0.04038709 -0.05448067 -0.03061763
-0.86538412 -0.02968189 -0.06999697 -0.04079682 -0.05234372 -0.01813674
-0.89017577 0.04800749 -0.15352428 -0.02910890 -0.05362357 -0.02440099
-1.20698370 0.02627700 0.00631940 -0.02055328 -0.05381941 -0.02183042
-1.02195814 -0.01648553 -0.04943008 0.00547853 -0.04785080 -0.03145432
-1.05604991 0.00080300 -0.03210341 -0.01036088 -0.05616708 -0.02780181
-1.06566377 -0.12625874 -0.02154806 -0.01269268 -0.04380911 -0.03291578
-1.00666270 -0.04270170 -0.06536161 -0.00443239 -0.04943459 -0.04806897
-0.96996605 -0.11691295 -0.13817541 -0.00643732 -0.04447215 -0.02663077
-0.97735450 0.04455688 -0.13635814 -0.01544025 -0.05085395 -0.02723668
-0.52675016 -0.05828723 -0.02821225 0.00200903 0.01613316 -0.00528702
-0.47670819 -0.04474712 0.02250199 -0.00643805 0.01611597 -0.00957806
-0.45096882 -0.02500881 0.04160216 -0.01907972 0.01305908 -0.01435546
-0.55910122 0.00070116 -0.02701006 -0.01888033 0.01535889 -0.01081005
-0.46421591 0.00157468 -0.02435792 -0.01034629 0.01434063 -0.01325061
-0.51173862 0.00106906 0.05158260 -0.01334732 0.01220275 0.00378715
-0.49655311 0.03474216 -0.00297984 0.00330968 0.01144335 -0.00125980
-0.00291182 0.15264242 0.01353432 0.01334880 0.01053559 -0.02688353
0.04216071 0.10282455 0.01831119 0.01631228 0.00949765 -0.01900985
0.02400398 0.07820886 -0.02434107 0.00408999 0.01019961 -0.02177781
0.01636192 0.11338096 -0.03272466 0.00285610 0.01004206 -0.03001063
0.09849505 0.11627395 0.07149697 0.01043827 0.00872929 -0.02422239
-0.00989758 0.15440317 0.03895450 0.00730418 0.00543212 -0.01839372
0.05339240 0.13889232 0.04878960 0.01691623 0.00942691 -0.02052190
-0.02472216 0.11336161 -0.01920115 -0.01447074 0.00305983 -0.00207062
0.07180327 0.08887554 0.02003790 -0.01244364 0.00099787 -0.00076113
0.05155937 0.05284312 -0.01522928 -0.02176440 0.00241272 0.00022600
0.02790967 0.09865707 -0.05745175 -0.02118282 0.00005267 -0.01146559
0.10396771 0.10212963 0.03911938 -0.01786527 0.00154996 -0.00437476
-0.00374132 0.15060793 0.03571216 -0.01776313 -0.00170947 0.00257900
0.07040810 0.15521490 0.02299315 -0.00617803 0.00294116 -0.00638709
0.04905039 0.23561241 0.00767814 0.00575544 0.00787250 -0.03352279
0.12817362 0.19754903 0.05464863 0.01208672 0.00577324 -0.02481617
0.12532840 0.15635766 -0.00710541 -0.00540030 0.00566845 -0.02090576
0.10697225 0.17423123 -0.07397286 -0.00111205 0.00403362 -0.03444875
0.16549472 0.24496751 0.09952391 0.00061594 0.00657800 -0.02290752
0.08076774 0.24849974 0.08946501 0.00275583 0.00441643 -0.02393584
0.13468644 0.24284817 0.04875222 0.01574689 0.00668353 -0.02803118
0.02090290 0.15868133 0.00322739 -0.00349777 0.00444454 -0.01692191
0.09426372 0.11157930 0.01180610 0.00022899 0.00236698 -0.01083454
0.05162662 0.06111692 -0.03436711 -0.00941761 0.00421232 -0.01041042
0.06260882 0.10953035 -0.05372075 -0.00872730 0.00283187 -0.02276541
0.13933051 0.11939202 0.06332668 -0.00524289 0.00288815 -0.01585539
0.03443083 0.16382109 0.02479157 -0.00536392 -0.00060813 -0.00970180
0.09868946 0.14190818 0.04532019 0.00371173 0.00502252 -0.01673932
0.00701568 0.15352059 0.01032352 0.00789766 0.00869633 -0.02364329
0.06166907 0.10327701 0.01812623 0.01129035 0.00763235 -0.01663161
0.03785059 0.07027862 -0.02835148 -0.00020383 0.00830562 -0.01788964
0.03463491 0.11024289 -0.03605057 -0.00073538 0.00812805 -0.02774945
0.12301088 0.12299597 0.07171225 0.00501925 0.00732941 -0.02192624
0.00949166 0.16467333 0.03013931 0.00292116 0.00372157 -0.01600870
0.06829700 0.13909244 0.04989210 0.01282237 0.00855928 -0.01968649
0.01003139 0.15227849 -0.00256129 -0.00547393 0.00398411 -0.01544362
0.08890320 0.10928627 0.01326258 -0.00181230 0.00201741 -0.00998879
0.05198731 0.05810527 -0.03204319 -0.01110229 0.00380592 -0.00993640
0.05784393 0.10468276 -0.05229083 -0.01055146 0.00230194 -0.02132719
0.09323905 0.10710575 0.03326254 -0.00257458 0.00368222 -0.01430035
0.04461718 0.11361335 0.01526894 -0.00096273 0.00144320 -0.00744450
0.05693812 0.05789999 -0.00172408 0.00070668 0.00473717 -0.01227192
0.03197135 0.06008694 -0.00629144 -0.00103608 0.00325704 -0.01404647
0.07523612 0.01950541 0.03416228 0.00471984 0.00223662 -0.01102204
0.01236517 0.06062659 -0.02035062 -0.00006230 -0.00076093 -0.00801702
0.05873725 0.03313295 0.08502209 0.00511717 0.00591474 -0.01174237
